-0.04587136
-0.04953254
-0.03855211
-0.01512863
-0.01512863
-0.002195464
0.01122472
0.01756838
0.01707981
0.02318074
0.02513192
0.02513192
0.01903255
0.01634851
0.01098043
0.008540683
0.01195602
0.008296397
0.00561236
0.008540683
0.008540683
0.008296397
0.01268733
0.01512863
0.01854397
0.02000813
0.02025242
0.01951956
0.01854397
0.01854397
0.01415149
0.01220031
0.004636771
0.002928323
-0.00341534
-0.01268733
-0.004148198
-0.004148198
0
-0.001708448
-0.006832235
-0.02244788
-0.03684366
-0.05392347
-0.06270844
-0.06270844
-0.06343974
-0.07588433
-0.08003253
-0.08320359
-0.07881266
-0.07344458
-0.07759123
-0.07954396
-0.08588763
-0.0946726
-0.0946726
-0.1071156
-0.1137036
-0.1185846
-0.1185846
-0.1239527
-0.1288322
-0.1342003
-0.1383485
-0.1415195
-0.1402997
-0.1476205
-0.1476205
-0.1505472
-0.1510358
-0.1588436
-0.1622605
-0.1676286
-0.1698241
-0.1734837
-0.1734837
-0.1734837
-0.1722638
-0.1717753
-0.1727524
-0.1734837
-0.1808045
-0.1925162
-0.1925162
-0.2022752
-0.2120358
-0.2100846
-0.2093518
-0.2078876
-0.2074006
-0.2127687
-0.2105716
-0.1952003
-0.1952003
-0.1678713
-0.157868
-0.1676286
-0.1893436
