0.1183404
0.1417638
0.1761677
0.2710846
0.2710846
0.3347687
0.3330602
0.2435114
0.2225277
0.1998355
0.2100846
0.2044723
0.2217964
0.2217964
0.2391205
0.2181367
0.2059364
0.1851954
0.1732394
0.1664087
0.1664087
0.1507915
0.1515244
0.1466433
0.1105325
0.06392831
0.02171658
0.02171658
0.05026384
0.1290765
0.1793403
0.1952003
0.1776319
0.1759235
0.1788518
0.1642117
0.1642117
0.1085798
0.1085798
0.09808794
0.1071156
0.09686806
0.08857166
0.07929967
0.1176075
0.1176075
0.09613676
0.08784036
0.1112638
0.13664
0.1222443
0.0649039
0.0649039
0.04757981
0.0214723
0.04416447
0.1039446
0.1000407
