-0.07637135
-0.1002834
-0.1002834
-0.07051627
-0.07002769
-0.06783222
-0.0697834
-0.05929154
-0.05929154
-0.06124428
-0.04635993
-0.04538434
-0.03855211
-0.04172472
-0.03269546
-0.04050328
-0.04050328
-0.03196416
-0.03196416
-0.03513677
-0.03196416
-0.02342347
-0.01683552
-0.01439577
-0.01464006
-0.01464006
-0.01512863
-0.03098857
-0.04587136
-0.06051142
-0.0690521
-0.07783552
-0.07929967
-0.07929967
-0.08954725
-0.09759936
-0.09662377
-0.09442831
-0.08832738
-0.08686477
-0.08515632
-0.08515632
-0.1112638
-0.1080912
-0.09881923
-0.08491204
-0.09003583
-0.08832738
-0.09833222
-0.09833222
-0.1029674
-0.09857651
-0.100772
-0.09345272
-0.110044
-0.1105325
-0.1132166
-0.1122394
-0.1122394
-0.1066286
-0.1022361
-0.1002834
-0.09028011
-0.09564818
-0.1012605
-0.10614
-0.10614
-0.1005277
-0.1032117
-0.1037003
-0.1037003
-0.1017476
-0.09637949
-0.112728
-0.112728
-0.1149235
-0.1056515
-0.1063843
-0.09955209
-0.09979638
-0.1024804
-0.09784365
-0.09784365
-0.09320843
-0.08906023
-0.08930452
-0.08881595
-0.08564334
-0.07612862
-0.06856353
-0.06856353
-0.06539247
-0.06173129
-0.08051955
-0.05538763
-0.06343974
-0.06783222
-0.06783222
-0.04904397
-0.04148043
-0.05319216
