-0.07027198
-0.06880782
-0.05856024
-0.05075242
-0.04489577
-0.04172472
-0.04172472
-0.03611235
-0.03659937
-0.03391533
-0.03513677
-0.02830453
-0.02806024
-0.02806024
-0.03318403
-0.02928012
-0.03196416
-0.0336726
-0.0353795
-0.0353795
-0.04148043
-0.05050813
-0.05465633
-0.06221987
-0.06197558
-0.06661235
-0.06758794
-0.07295601
-0.07295601
-0.08003253
-0.08784036
-0.08784036
-0.08198372
-0.07612862
-0.07246744
-0.07515148
-0.08076384
-0.08076384
-0.08759607
-0.09613676
-0.10614
-0.110044
-0.1190717
-0.1159006
-0.1159006
-0.1434723
-0.1468876
-0.1593322
-0.1625033
-0.1781205
-0.1820244
-0.1827557
-0.1912964
-0.1927605
-0.1927605
-0.1934918
-0.1932475
-0.1864153
-0.1793403
-0.1783648
-0.1844641
-0.1844641
-0.1844641
-0.185684
-0.1805602
-0.1781205
-0.1759235
-0.1805602
-0.1810472
-0.1844641
-0.1844641
-0.1798274
-0.1786075
-0.1798274
-0.1832443
-0.1947117
-0.1947117
-0.188368
-0.1859283
-0.1842199
-0.1761677
-0.1659202
-0.1585993
-0.1529886
-0.145912
-0.145912
-0.1595765
-0.1525
-0.1302964
-0.1159006
-0.09540389
-0.0863762
-0.08418074
-0.09345272
-0.09345272
-0.1105325
-0.1263925
-0.1268795
-0.1302964
-0.1293192
-0.1295635
-0.1427394
-0.1427394
-0.1442036
-0.1361515
-0.1239527
-0.1037003
-0.06783222
-0.04270031
-0.0222036
-0.0222036
-0.02391205
-0.03781925
-0.03879639
-0.05001955
-0.07442018
-0.1076042
-0.1171205
-0.1171205
-0.1259039
-0.1110195
-0.1112638
-0.1156563
-0.1334674
-0.1232199
-0.1302964
-0.1302964
-0.1437166
-0.155184
-0.1476205
-0.1451807
-0.1585993
-0.1593322
-0.1593322
-0.1549397
-0.1566482
