0.002928323
0.02903583
0.02903583
0.06685664
0.08515632
0.07954396
0.05782738
0.04953254
0.04660422
0.0509967
0.06514819
0.06221987
0.06221987
0.05245931
0.05001955
0.04635993
0.03928341
0.0336726
0.0336726
0.03855211
0.04001627
0.04367589
0.02440062
0.01268733
0.01659124
0.01342018
0.01146745
0.01073615
0.01073615
0.02366776
0.02854726
0.01951956
0.02098372
0.01561565
0.0214723
0.0214723
0.01781267
0.01781267
0.0124446
0.007319252
0.01781267
0.02586322
0.01659124
0.01756838
0.01756838
0.01464006
0.0124446
0.01976385
0.01537136
0.01195602
0.01268733
0.01268733
0.02415633
0.03391533
0.03391533
0.04148043
0.01976385
0.007807824
0.007319252
0.007319252
0.03708794
0.03708794
0.02757167
0.02586322
0.01781267
0.004148198
0.002195464
0.02000813
0.02000813
0.02586322
0.02073944
0.01659124
0.005856646
-0.0007313028
-0.003903912
0.001708448
0.001708448
0.003172609
-0.004392485
