0.01854397
0.02025242
0.01049186
0.01049186
0.004392485
0.004392485
0.0007313028
-0.004392485
0
0
0.01439577
0.01122472
0.01342018
0.01342018
0.01098043
0.001219875
0.008783413
0.0173241
0.01781267
0.01585994
0.02000813
-0.01439577
-0.01439577
-0.01073615
-0.01073615
-0.009516273
-0.009516273
0.002195464
0.02781596
0.04172472
0.04440875
0.03318403
0.02830453
0.0173241
0.0173241
0.007319252
-0.003903912
-0.007076522
0.0124446
0.0124446
0.03269546
0.03269546
0.02952441
0.03220844
0.04099186
0.03904068
0.03659937
0.02025242
0.02415633
0.0222036
