-0.005123788
-0.002684037
-0.01024758
-0.01024758
-0.01366447
-0.01366447
-0.01659124
-0.01659124
-0.009760559
-0.009760559
-0.01146745
-0.008052111
-0.01659124
-0.007563538
-0.007563538
-0.00341534
-0.006343663
-0.006343663
-0.004392485
-0.004392485
-0.008540683
-0.008540683
0.0090277
0.0090277
0.01878826
0.01878826
0.02440062
0.02391205
0.001219875
0.001219875
-0.003659626
-0.0222036
-0.004392485
-0.004392485
-0.01195602
-0.003659626
-0.01000329
-0.01293161
-0.01512863
-0.01000329
0.00561236
0.00561236
0.01464006
0.01464006
0.01439577
0.01195602
0.004636771
0.004636771
0.003172609
0.003172609
-0.001464162
-0.007563538
-0.0007313028
0.0004885725
