0.1239527
0.1422524
0.1422524
0.1588436
0.19764
0.1917834
0.1673843
0.1808045
0.1808045
0.1517687
0.09808794
0.01073615
-0.03489248
-0.04587136
-0.03074428
-0.03806353
-0.03318403
-0.03318403
-0.03733223
-0.06709937
-0.03245273
0.02318074
0.06197558
0.09296415
0.09296415
0.110044
0.082228
0.04489577
0.07271173
0.07929967
0.07149185
0.07076055
0.08954725
0.08954725
0.03781925
0.06539247
0.04660422
0.03757652
0.03781925
-0.01512863
-0.03928341
-0.03928341
-0.01220031
0.03147558
0.01390876
0.04001627
0.0566075
0.009760559
-0.03415962
-0.03415962
-0.05392347
-0.06221987
-0.03440391
-0.004879501
0.01610422
0.02269217
0.04514005
0.04514005
0.05831595
0.06929639
0.1044316
0.1083355
0.09491532
0.0912557
0.07783552
0.05734036
0.05734036
0.03513677
0.01024758
0.0009755891
-0.01707981
-0.0395277
-0.03928341
-0.03928341
-0.02903583
-0.007076522
-0.008540683
0.0007313028
0.006587949
0.01878826
0.03196416
0.02708466
0.02708466
0.02806024
0.04465148
0.04904397
0.04782409
0.04953254
0.05465633
0.05001955
0.05001955
0.05245931
0.04318732
0.0395277
0.04440875
0.03830782
0.02415633
0.02464335
0.02464335
0.04001627
0.04465148
0.0353795
0.03074428
0.04001627
0.0468485
0.04879968
0.04879968
0.05685179
0.0697834
0.07295601
0.08051955
0.103456
0.1110195
0.1046759
0.1046759
0.09491532
0.08100812
0.04465148
0.008296397
0.01146745
0.02781596
0.04904397
0.04904397
0.06246415
0.05514335
0.06612378
0.07173613
0.05904726
0.07002769
0.082228
0.082228
0.08540061
0.08442346
0.08784036
0.09271986
0.07929967
0.08735178
0.1271238
0.1876367
0.1876367
0.1461563
0.082228
0.04611564
0.01707981
0.03220844
0.03220844
0.1105325
0.1398126
0.1190717
0.1769006
