-0.521184
-0.5058126
-0.5216725
-0.4970276
-0.4970276
-0.4858045
-0.4894641
-0.5453403
-0.5577833
-0.5592475
-0.5575406
-0.5960927
-0.6268354
-0.6268354
-0.6563599
-0.6788077
-0.7197996
-0.773236
-0.82228
-0.8427767
-0.8427767
-0.8574167
-0.8679086
-0.8518044
-0.8508288
-0.8447279
-0.8618077
-0.8618077
-0.8491204
-0.888648
-0.9010926
-0.9186594
-0.9498923
-0.9494038
-0.9003598
-0.8869396
-0.8869396
-0.8657116
-0.8657116
-0.8022718
-0.7817767
-0.7483484
-0.7463956
-0.76128
-0.7615243
-0.7615243
-0.7720162
-0.7978794
-0.8161806
-0.8117881
-0.8205715
-0.8359445
-0.8359445
-0.8137393
-0.7908044
-0.782508
-0.8054445
-0.7951953
