-0.8881595
-0.8220357
-0.7681122
-0.7681122
-0.7566448
-0.8061758
-0.8398484
-0.8164234
-0.8056887
-0.7698207
-0.7371237
-0.7371237
-0.6961318
-0.8791318
-0.8962116
-1.056519
-1.089461
-1.026264
-1.026264
-0.9242718
-0.9076806
-0.8791318
-0.8998728
-0.9413517
-0.9501366
-0.9808794
-0.9633125
-0.9633125
-0.9669721
-0.9745357
-0.9935682
-0.9679477
-0.9347637
-0.9181725
-0.9184167
-0.9062164
-0.9062164
-0.8945047
-0.9020683
-0.9186594
-0.9391562
-0.9530634
-0.9530634
-0.9608728
-0.9718516
-0.9752685
-0.9850276
-0.9925926
-1.011868
-0.9835634
-0.9913728
-0.9913728
-0.9974721
-0.9603842
-0.8981643
-0.8644917
-0.8962116
-0.9323239
-0.9537963
-0.9537963
-1.012601
-1.024312
-1.024312
-1.019431
-1.00162
-0.9598956
-0.9259803
-0.9259803
-0.91378
-0.9559917
-0.9891757
-0.9667279
-0.965508
-0.9806366
-0.9862474
-0.9862474
-0.9825878
-0.9772197
-0.97478
-0.9652637
-0.9679477
-0.9738044
-0.9738044
-0.9716073
-0.949648
-0.949648
-0.9315926
-0.9611155
-0.9628239
-0.9628239
-0.9901513
-1.003085
-1.003085
-0.9840519
-0.9757556
-0.9803923
-0.9738044
-0.9674607
-0.9716073
-0.9716073
-0.9877115
-1.01992
-1.036756
-1.029192
-1.026508
-1.01626
-0.9957637
-0.996008
-0.996008
-0.9928353
-0.9723402
-0.9433044
-0.9213435
-0.9242718
-0.8769363
-0.8671758
-0.8671758
-0.8818158
-0.9474526
-1.478153
-1.163879
-1.03822
-1.001376
-0.9740487
-0.9740487
-0.9542832
-0.9423288
-0.8932848
