-0.923052
-0.9303728
-0.9303728
-0.9454998
-0.9567246
-0.9540405
-0.9454998
-0.9523321
-0.946964
-0.9640438
-0.9738044
-0.977464
-0.977464
-0.970876
-0.9623353
-0.9623353
-0.968192
-0.968192
-0.968192
-0.9842963
-0.9911284
-0.9916155
-0.9930797
-0.9947881
-1.014063
-1.031387
-1.038953
-1.055057
-1.055057
-1.067988
-1.0675
-1.055788
-1.027484
-1.003572
-0.9933239
-0.9933239
-0.9864917
-0.9864917
-0.9664836
-0.9584315
-0.9308598
-0.9347637
-0.9381806
-0.9332995
-0.9332995
-0.9259803
-0.9240276
-0.9315926
-0.9247604
-0.9296399
-0.9179282
-0.9179282
-0.9113402
-0.9054836
-0.9054836
-0.9089005
-0.9162197
-0.9152442
-0.9240276
-0.9240276
-0.9464754
-0.9464754
-0.9608728
-0.9472083
-0.9381806
-0.937692
-0.9486725
-0.9550161
-0.9550161
-0.9630682
-0.9740487
-0.9725845
-0.9738044
-0.9699005
-0.9642881
-0.9759998
-0.9759998
-0.9906399
-0.9886887
