-0.2749885
-0.2847475
-0.3067084
-0.3067084
-0.3140276
-0.3279364
-0.3559966
-0.3691725
-0.3847882
-0.4079674
-0.3950358
-0.4396873
-0.4396873
-0.5121562
-0.5504641
-0.5870634
-0.6104885
-0.6224445
-0.5936514
-0.6239086
-0.6239086
-0.6168321
-0.6324478
-0.6441595
-0.6297637
-0.6597767
-0.6456237
-0.6383044
-0.6383044
-0.6434282
-0.7232165
-0.7217523
-0.7237035
-0.7185797
-0.7437116
-0.7137002
-0.7137002
-0.6727083
-0.6641676
-0.6612393
-0.6600195
-0.6163436
-0.6326921
-0.6136595
-0.6136595
-0.6082914
-0.6475764
-0.6731954
-0.6783207
-0.6978403
-0.721508
-0.7566448
-0.7566448
-0.8344803
-0.8588794
-0.8901122
-0.9067035
-0.9232963
-0.9235405
-0.9235405
-0.9135357
-0.9306155
-0.9118288
-0.8876725
-0.8864526
-0.8910878
-0.9433044
-0.9040194
-0.9096318
-0.9096318
-0.9311041
-0.9330568
-0.9420845
