-0.721508
-0.7376122
-0.7537165
-0.7537165
-0.7534721
-0.7534721
-0.7788484
-0.7788484
-0.782508
-0.782508
-0.7981237
-0.7920243
-0.7664038
-0.8203273
-0.8203273
-0.8398484
-0.8464363
-0.8464363
-0.8803517
-0.8803517
-0.8930405
-0.8930405
-0.8642474
-0.8642474
-0.8727881
-0.8727881
-0.8603435
-0.9101204
-0.9454998
-0.9454998
-0.9379363
-0.94428
-0.9062164
-0.9062164
-0.9552604
-0.9555047
-0.9423288
-0.935008
-0.9445242
-0.9445242
-0.9459884
-0.9459884
-0.9286643
-0.9286643
-0.9899086
-0.9938125
-0.9874673
-0.9874673
-0.9716073
-0.9716073
-0.9874673
-0.9784396
-0.9762442
-0.9769754
