-0.9972278
-0.9984477
-0.9923484
-0.9923484
-0.9967393
-1.005769
-1.012601
-1.031145
-1.090923
-1.090923
-1.143628
-1.151681
-1.152412
-1.162172
-1.138016
-1.118252
-1.118252
-1.08214
-1.066524
-1.043832
-1.025532
-0.9799038
-0.9564803
-0.9564803
-0.8405797
-0.8405797
-0.7422475
-0.7422475
-0.6619722
-0.6268354
-0.5773044
-0.4987361
-0.38064
-0.38064
-0.3115879
-0.3028045
-0.3320846
-0.2610798
-0.2330195
-0.2012997
-0.1754364
-0.1754364
-0.1756807
-0.1585993
-0.1595765
-0.2239918
-0.2054479
-0.1634804
-0.09833222
-0.1732394
-0.1732394
-0.1542084
-0.1237084
-0.1195602
-0.1198045
-0.1163876
-0.1171205
-0.1171205
-0.1102882
-0.09857651
-0.1132166
-0.1149235
-0.1283436
-0.1129723
-0.1129723
-0.08881595
-0.07759123
-0.08613191
-0.1058958
-0.1249283
-0.1754364
-0.133956
-0.133956
-0.1700684
-0.1700684
-0.1920277
-0.1359087
-0.1476205
-0.1995928
