-0.6922279
-0.6980845
-0.6988158
-0.6988158
-0.6871041
-0.6871041
-0.7246806
-0.7246806
-0.7295601
-0.7295601
-0.71492
-0.71492
-0.7102833
-0.7312686
-0.7312686
-0.7856806
-0.7995878
-0.8127637
-0.8625405
-0.8625405
-0.8549755
-0.843508
-0.8459477
-0.8591236
-0.8469234
-0.8469234
-0.864736
-0.864736
-0.8098354
-0.8098354
-0.6624607
-0.6624607
-0.7115048
-0.7115048
-0.8115438
-0.8774233
-0.9079233
-0.9415959
-0.9252474
-0.9252474
-0.9386676
-0.9386676
-0.9315926
-0.9315926
-0.8920634
-0.8920634
-0.8957246
-0.8693728
-0.8601008
-0.8686399
-0.9372035
-0.9603842
-0.9603842
-0.9755128
-1.015527
-1.006256
-0.9467197
-0.9467197
-0.9757556
-1.023335
-1.023335
-1.037244
-0.9962522
-0.9472083
