-0.8771806
-0.9428158
-1.001376
-1.028703
-1.028703
-1.024068
-1.007233
-0.9742914
-0.937692
-0.9057279
-0.8810845
-0.9157327
-0.9157327
-0.9535519
-0.9738044
-0.9613598
-0.9574559
-0.9586757
-0.9625797
-0.9628239
-0.9574559
-0.9574559
-0.9450113
-0.9306155
-0.9162197
-0.892552
-0.9059721
-0.9152442
-0.9235405
-0.9386676
-0.9386676
-0.9464754
-0.9523321
-0.9594086
-0.9711204
-0.9913728
-0.9913728
-0.9884444
-0.980148
-0.9738044
-0.9879559
-0.9784396
-0.9577001
-0.9274445
-0.9274445
-0.9128044
-0.8874282
-0.8874282
-0.8659559
-0.8659559
-0.8696155
-0.8615634
-0.8622963
-0.8622963
-0.8742523
-0.8820601
-0.8713239
-0.8557083
-0.8471676
-0.8317963
-0.8317963
-0.8252083
-0.8252083
-0.8215487
-0.8073956
-0.8020276
-0.7995878
-0.8012963
-0.80642
-0.8042246
-0.8042246
-0.7988565
-0.801052
-0.813008
-0.8093484
-0.7973924
-0.8034917
-0.8166676
-0.8291122
-0.8291122
-0.8271595
-0.827648
-0.8357002
-0.8261839
-0.8227686
-0.8357002
-0.8520487
-0.8520487
-0.8591236
-0.8730324
-0.8766921
-0.8947474
-0.9008484
-0.9091448
-0.9091448
-0.9228077
-0.940376
-0.9633125
-0.9796594
-0.9591643
-0.8971887
-0.8971887
-0.9401318
-1.006744
-0.9691676
-0.9247604
-0.8776676
