-0.6124396
-0.6353761
-0.6692914
-0.7112604
-0.7112604
-0.7195553
-0.7468842
-0.7398077
-0.7559119
-0.7461514
-0.7571318
-0.8166676
-0.8166676
-0.8732767
-0.803736
-0.7937327
-0.8854755
-0.9799038
-0.9686806
-0.8854755
-0.8854755
-0.843508
-0.8378956
-0.8234999
-0.8271595
-0.8242327
-0.8205715
-0.8513158
-0.8513158
-0.8291122
-0.7773842
-0.7380993
-0.7329755
-0.8149607
-0.8764477
-0.8764477
-0.8681514
-0.8486318
-0.8791318
-0.8637604
-0.8622963
-0.8871839
-0.8779119
-0.9015797
-0.9015797
-0.919148
-0.9332995
-0.9184167
-0.9223207
-0.935008
-0.9237848
-0.9237848
-0.9398875
-0.9440357
-0.9286643
-0.937692
-0.9237848
-0.9108517
-0.9608728
-0.9572116
-0.9572116
-0.9608728
-0.949648
-0.9618484
-0.9318354
-0.986736
-1.068475
-1.068475
