-0.8962116
-0.9977164
-0.9977164
-1.036513
-1.02114
-1.01626
-1.000645
-1.02236
-1.013576
-0.9957637
-0.9957637
-0.9864917
-0.977464
-0.9855161
-0.9962522
-0.9882001
-0.9882001
-0.9674607
-0.9674607
-0.9625797
-0.9315926
-0.8940161
-0.8940161
-0.904508
-0.8913321
-0.8913321
-0.8808402
-0.8932848
-0.9023125
-0.92842
-0.9581887
-0.9577001
-0.9757556
-1.022115
-1.022115
-1.059692
-1.085312
-1.084335
-1.11142
-1.121181
-1.121668
-1.090192
-1.091168
-1.091168
-1.08092
-1.045785
-1.045785
-0.9857604
-0.9899086
-1.013576
-1.013576
-0.9789281
-0.9479396
-0.946964
-0.9413517
-0.9142686
-0.9135357
-0.9250047
-0.9250047
-0.9264688
-0.9201236
-0.9213435
-0.9074363
-0.8722996
-0.8586366
-0.8437523
-0.8437523
-0.8034917
-0.7700634
-0.7546921
-0.6900324
-0.6458679
-0.6463565
-0.6463565
-0.5892605
-0.5892605
-0.5938957
-0.5943843
-0.572912
-0.5555879
-0.53314
-0.5011758
-0.5011758
-0.4731156
-0.4452996
-0.4333436
-0.3867394
-0.3498957
-0.3208599
-0.3191514
-0.3159804
-0.3211042
-0.3211042
-0.3267165
-0.3511156
-0.3669755
-0.3723436
-0.3999153
-0.4052834
-0.4052834
-0.4077246
-0.4335879
-0.4435927
-0.4584755
-0.4723843
-0.4728713
-0.4660406
-0.4660406
-0.4914168
-0.5089837
-0.5228924
-0.5228924
-0.5241123
-0.5726677
-0.6151237
-0.6151237
-0.6951562
-0.7851921
-0.8047116
-0.8225242
-0.8461921
-0.8784005
-0.8784005
-0.8727881
-0.8422881
-0.8410683
-0.8576595
-0.8613207
-0.8601008
-0.8596122
-0.8596122
-0.8735194
-0.9957637
-1.042612
-1.070672
-1.072624
-1.046516
