-0.92842
-0.9745357
-0.9725845
-0.9725845
-0.9450113
-0.9103646
-0.8766921
-0.8713239
-0.8547327
-0.8547327
-0.8178875
-0.7744559
-0.7144315
-0.688324
-0.6656318
-0.6666074
-0.7173598
-0.7261432
-0.7261432
-0.7237035
-0.7263875
-0.7578647
-0.83814
-0.8576595
-0.8576595
-0.8774233
-0.8774233
-0.8779119
-0.8993842
-0.94428
-0.8881595
-0.8093484
-0.7585959
-0.7585959
-0.8022718
-0.8425324
-0.8547327
-0.7898273
-0.742736
-0.7341954
-0.7412719
-0.7054038
-0.6602637
-0.6602637
-0.5990195
-0.6004837
-0.6224445
-0.6290324
-0.6053647
-0.5960927
-0.5960927
-0.5680324
-0.5363126
-0.5248436
-0.5307002
-0.5599803
-0.5694966
-0.5614445
-0.5614445
-0.6004837
-0.6226888
-0.5999966
-0.5509527
