-0.04440875
0.04660422
0.04660422
0.1163876
0.1185846
0.1054087
0.0566075
0.03586807
0.0124446
0.04245602
0.06026869
0.06026869
0.08418074
0.09784365
0.09759936
0.05904726
-0.01683552
-0.04440875
-0.04440875
-0.05319216
-0.1132166
-0.1071156
-0.1634804
-0.19764
-0.2608355
-0.2608355
-0.3401367
-0.3999153
-0.4531074
-0.4804364
-0.5682768
-0.6631921
-0.7115048
-0.7498125
-0.7595716
-0.8220357
-0.8220357
-0.8493646
-0.7881204
-0.7459086
-0.8020276
-0.8020276
-0.8927963
-0.9118288
-0.8986514
-0.9303728
-0.9318354
-0.9481839
-0.9628239
-0.9513565
-0.9513565
-0.9201236
-0.8901122
-0.8927963
-0.8735194
-0.8683956
-0.8796204
-0.8754721
-0.8500959
-0.8569282
-0.8569282
-0.8825487
-0.8774233
-0.8193517
-0.9415959
-1.017725
-0.9745357
-0.9745357
