-0.7207767
-0.6673403
-0.7185797
-0.7844607
-0.8915763
-0.8915763
-0.8625405
-0.8274038
-0.7888517
-0.7537165
-0.7515194
-0.7571318
-0.6971074
-0.6971074
-0.4865358
-0.6302523
-0.7878761
-0.8583924
-0.8227686
-0.7332197
-0.7139445
-0.7139445
-0.7481041
-0.7861676
-0.7978794
-0.8139836
-0.8091041
-0.7620113
-0.7620113
-0.6731954
-0.6063403
-0.6431839
-0.6341562
-0.5253322
-0.5167915
-0.5167915
-0.4884885
-0.4653077
-0.4174837
-0.3386725
-0.2725488
-0.204228
-0.1039446
-0.01464006
0.05075242
0.1058958
0.1058958
0.1512801
0.1647003
0.19764
0.2998762
0.3537996
0.3603876
0.3562394
0.3562394
0.3455032
0.3445276
0.4118713
