-0.3242768
-0.2867003
-0.2867003
-0.3154918
-0.3723436
-0.4167524
-0.4340765
-0.4279755
-0.3989397
-0.3769804
-0.3769804
-0.3730765
-0.4101644
-0.435052
-0.4257801
-0.3825927
-0.3118322
-0.3118322
-0.3096367
-0.3452605
-0.2630325
-0.1939804
-0.1107753
-0.08491204
-0.1385928
-0.1385928
-0.1686042
-0.1085798
-0.003659626
0.0946726
0.1332247
0.1210244
0.1210244
0.103456
0.1422524
0.1422524
0.1890993
0.2200879
0.2344837
0.2379006
0.2500993
0.2640081
0.2640081
0.2898713
0.2876759
0.2654723
0.2366807
0.218868
0.218868
0.2359478
0.2644967
0.31964
0.3498957
0.3132963
0.2644967
0.2034967
0.2335081
0.2335081
