-0.8566839
-0.8557083
-0.8557083
-0.8447279
-0.8642474
-0.8752279
-0.8449721
-0.8244755
-0.8593679
-0.8593679
-0.8539999
-0.8557083
-0.9023125
-0.8730324
-0.9015797
-0.9303728
-0.946964
-0.9293956
-0.9293956
-0.9145113
-0.9159755
-0.9884444
-1.067744
-1.03578
-0.9811236
-0.9089005
-0.9089005
-0.8898679
-0.8305764
-0.7134559
-0.6243957
-0.5348485
-0.5411921
-0.4709201
-0.3616075
-0.3616075
-0.2991433
-0.2708403
-0.2186238
-0.1759235
-0.1525
-0.1525
-0.1071156
-0.06270844
-0.05148372
-0.04855539
-0.02122801
0.05368074
0.0863762
0.0863762
0.1073599
0.1095554
0.1315162
0.2015439
0.206912
0.173728
0.1595765
0.2000798
0.2000798
0.2457084
0.2562003
0.2313126
0.1778762
0.1812915
0.2181367
0.2527834
0.2527834
0.2488795
0.2164283
0.1529886
0.1715325
0.1942247
0.1576238
0.1378599
0.1378599
0.1244397
0.1027247
0.1393241
0.1320033
0.1534756
0.3064641
0.04074757
0.04074757
-0.02318074
0.01488435
