-0.8120324
-0.801052
-0.7981237
-0.7981237
-0.8608321
-0.8608321
-0.8884038
-0.8884038
-0.9130487
-0.9086562
-0.8825487
-0.8825487
-0.8742523
-0.8742523
-0.8059315
-0.8059315
-0.7817767
-0.7380993
-0.6336676
-0.6336676
-0.612684
-0.5982882
-0.5509527
-0.5509527
-0.4531074
-0.4077246
-0.4167524
-0.4079674
-0.3857638
-0.3857638
-0.2886514
-0.2886514
-0.157868
-0.157868
-0.0732003
-0.06148856
-0.03171987
-0.03171987
0.01024758
0.01024758
0.0312313
0.02391205
0.02464335
0.02488763
0.04587136
0.09491532
0.124684
0.1268795
0.1268795
0.1434723
0.1434723
0.1539641
0.1368843
