-0.8230113
-0.4260243
-0.5397279
-0.5397279
-0.5594918
-0.5934086
-0.68564
-0.6661204
-0.6021921
-0.6243957
-0.5414364
-0.5414364
-0.5541237
-0.4775081
-0.2222834
-0.176412
-0.2574202
-0.3655114
-0.3655114
-0.4760439
-0.5702279
-0.6222002
-0.633912
-0.5785243
-0.4455439
-0.3525797
-0.2625439
-0.2625439
-0.1832443
-0.1207801
-0.1015033
-0.07222471
-0.03904068
-0.002928323
-0.008540683
-0.009516273
-0.009516273
-0.03659937
-0.07978825
-0.1317605
-0.1847084
-0.2242361
-0.2242361
-0.2520521
-0.2786482
-0.2903599
-0.2920683
-0.2908485
-0.2842605
-0.2605928
-0.2422915
-0.2422915
-0.2135
-0.1786075
-0.1510358
-0.1446922
-0.1705554
-0.2156954
-0.2579087
-0.2579087
-0.2540033
-0.2391205
-0.2391205
-0.2325325
-0.2408274
-0.2371677
-0.2332638
-0.2332638
-0.2232605
-0.2393647
-0.2518078
-0.2471726
-0.237412
-0.2300928
-0.2339967
-0.2339967
-0.2403403
-0.2366807
-0.2064234
-0.1571368
-0.1307834
-0.1217557
-0.1217557
-0.1129723
-0.09198856
-0.09198856
-0.09881923
-0.1317605
-0.1622605
-0.1622605
-0.2230162
-0.2330195
-0.2330195
-0.2154527
-0.2198436
-0.2335081
-0.2498566
-0.2710846
-0.3052442
-0.3052442
-0.3269593
-0.3245195
-0.2986563
-0.2457084
-0.2027638
-0.1554283
-0.1317605
-0.1212687
-0.1212687
-0.1049202
-0.06856353
-0.04806838
-0.3128078
-0.2632768
-0.1176075
-0.03489248
-0.03489248
-0.04148043
0.2122801
-0.002439751
-0.1590879
-0.1451807
0.1307834
0.2776726
0.2776726
0.1805602
0.02293646
-0.1700684
