-0.7768956
-0.7461514
-0.7405406
-0.7610357
-0.74664
-0.74664
-0.7620113
-0.7620113
-0.7754315
-0.7725047
-0.7812881
-0.7812881
-0.8066643
-0.8066643
-0.7851921
-0.7851921
-0.7329755
-0.7329755
-0.7054038
-0.6880797
-0.6880797
-0.6739282
-0.6688044
-0.6539201
-0.6361074
-0.6104885
-0.6104885
-0.5777915
-0.5777915
-0.5116677
-0.5116677
-0.4784836
-0.4467638
-0.3701482
-0.3137834
-0.3137834
-0.3069527
-0.2896286
-0.2383876
-0.2383876
-0.2066677
-0.2066677
-0.194956
-0.1876367
-0.1703126
-0.1703126
-0.1703126
-0.1781205
-0.1825114
-0.1825114
-0.1759235
-0.1839756
