-0.8000764
-0.8083728
-0.8296008
-0.8296008
-0.8654673
-0.8644917
-0.8430194
-0.8430194
-0.827648
-0.7959282
-0.7908044
-0.7654282
-0.7407833
-0.7407833
-0.6936921
-0.6709999
-0.6107327
-0.6107327
-0.5397279
-0.5397279
-0.4965406
-0.4965406
-0.4284641
-0.4284641
-0.3842996
-0.3296433
-0.2852361
-0.2852361
-0.2535162
-0.2457084
-0.2247247
-0.1771433
-0.115412
-0.06563676
-0.06563676
-0.03855211
-0.01976385
-0.01976385
-0.001952734
0.01073615
0.03586807
0.03586807
0.02952441
0.02976869
0.0312313
0.03171987
0.04172472
0.04172472
0.02610751
0.01634851
0.01293161
-0.0173241
-0.0173241
-0.01781267
-0.02562049
