-0.3040244
-0.3128078
-0.3128078
-0.3252524
-0.3357442
-0.3345244
-0.3323273
-0.3215927
-0.3211042
-0.3220797
-0.3396482
-0.3513599
-0.3513599
-0.3418436
-0.3354999
-0.3415993
-0.3274478
-0.3150032
-0.3150032
-0.3128078
-0.3245195
-0.3420879
-0.3415993
-0.326228
-0.3069527
-0.3081726
-0.3030488
-0.3118322
-0.3118322
-0.3045114
-0.3010961
-0.2876759
-0.2486367
-0.1964201
-0.164456
-0.164456
-0.112728
-0.112728
-0.1097997
-0.07856838
-0.02440062
0.01220031
0.04099186
0.02976869
0.02976869
0.03562378
0.08442346
0.1481075
0.1839756
0.1934918
0.1729967
0.1729967
0.1466433
0.1793403
0.1793403
0.2252117
0.2505879
0.2488795
0.2144756
0.2144756
0.185684
0.185684
0.2164283
0.2335081
0.2322882
0.2286286
0.204228
0.1722638
0.1722638
0.1725081
0.2198436
0.2278957
0.2476596
0.2225277
0.1761677
0.1847084
0.1847084
0.1876367
0.2210635
