-0.8413125
-0.8325276
-0.7842165
-0.7434673
-0.7366366
-0.7363924
-0.7363924
-0.6836888
-0.636596
-0.6207361
-0.6009722
-0.5572963
-0.5387523
-0.5387523
-0.4091873
-0.4091873
-0.2901156
-0.2215521
-0.1954446
-0.1759235
-0.09833222
-0.09833222
-0.01146745
0.02122801
0.05880453
0.1422524
0.2171596
0.2818208
0.3440406
0.3440406
0.3535554
0.3459918
0.3459918
0.3850325
0.4243159
0.4528647
0.4809234
0.4958077
0.5182557
0.5228924
0.5228924
0.4994674
0.5209396
0.5594918
0.5948713
0.5948713
0.6209803
0.5860879
0.5685195
0.5550993
0.566324
