-0.5938957
-0.6197605
-0.6348875
-0.6348875
-0.6275683
-0.6200048
-0.6200048
-0.603412
-0.6200048
-0.6200048
-0.6902767
-0.6902767
-0.6961318
-0.7356595
-0.7356595
-0.599508
-0.6602637
-0.6675845
-0.6675845
-0.5990195
-0.5158159
-0.3947915
-0.3947915
-0.3045114
-0.1183404
-0.1183404
-0.1183404
0.05441204
0.05441204
0.2637638
0.2637638
0.265228
0.4087003
0.4579885
0.4675048
0.4675048
0.4228517
0.4228517
0.4179722
0.4431041
0.4962963
0.4011367
0.4257801
0.4257801
0.4301725
0.4301725
0.4177279
0.4177279
0.4226075
0.3996725
