-0.9084119
-0.9059721
-0.9359836
-0.9845405
-1.027239
-1.027239
-1.055544
-1.072379
-1.073601
-1.064329
-1.089703
-1.132892
-1.163392
-1.180228
-1.159244
-1.159244
-1.112396
-1.064329
-1.028703
-1.017967
-0.9903956
-0.9564803
-0.9289086
-0.9289086
-0.9118288
-0.9142686
-0.9128044
-0.8988956
-0.8974315
-0.9057279
-0.9032881
-0.9032881
-0.8847442
-0.8657116
-0.8820601
-0.8949917
-0.9135357
-0.9411073
-0.9240276
-0.8974315
-0.8974315
-0.8796204
-0.9135357
-0.9303728
-0.9374477
-0.9594086
-0.9977164
-1.014308
-1.014308
-0.9972278
-1.007964
-0.9984477
-0.9906399
-0.9906399
-1.002107
-0.9882001
-0.9882001
-0.9847832
-1.004791
-1.015285
-1.02236
-1.029681
-1.036024
-1.049689
-1.049689
-1.060668
-1.067011
-1.085312
-1.09922
-1.091412
-1.087264
-1.087264
-1.070672
-1.07726
-1.114835
-1.17486
-1.213412
-1.242692
-1.251233
-1.271728
-1.271728
-1.256843
-1.206093
-1.1712
-1.161684
-1.146557
-1.117764
-1.117764
-0.9964966
-0.9964966
-0.9557474
-0.9269559
-0.8825487
-0.8557083
-0.8471676
-0.8466806
-0.8466806
-0.8296008
-0.7973924
-0.7595716
-0.7044282
-0.6431839
-0.6009722
-0.5319201
-0.5319201
-0.4479837
-0.3752719
-0.3301319
-0.3232996
-0.3093924
-0.2810879
-0.2034967
-0.1132166
-0.05319216
-0.004148198
-0.004148198
0.05123943
0.1178518
0.1178518
0.1420081
0.1534756
0.1512801
0.1485961
0.1476205
0.1361515
0.1407882
0.1544527
0.164456
0.1605521
0.1605521
0.1576238
0.161772
0.1561596
0.1571368
0.1637247
0.1520114
0.1520114
0.1481075
0.1466433
0.1349316
0.1320033
0.1276123
0.1224886
0.1144364
0.09613676
0.09613676
0.08881595
0.08344787
0.07637135
0.06270844
0.06612378
0.06612378
0.08003253
0.08271657
0.1173648
0.1249283
0.1161433
0.1010163
0.09418402
0.09418402
0.07564005
0.07564005
