0
0
-0.8544884
-0.8625405
-0.8625405
-0.8888924
-0.8888924
-0.8686399
-0.9411073
-0.9074363
-0.8664445
-0.8815715
-0.9010926
-0.8991399
-0.8991399
-0.8769363
-0.8466806
-0.8552197
-0.8862083
-0.9020683
-0.9020683
-0.8683956
-0.7942197
-0.8425324
-0.9179282
-0.9179282
-0.9779526
-0.9684363
-0.9247604
-0.8686399
-0.8657116
-0.8730324
-0.8722996
-0.8722996
-0.8754721
-0.9513565
-0.8996285
-0.8542442
-0.8974315
-0.8967001
-0.8522914
-0.7781155
-0.7781155
-0.7197996
-0.8069086
-1.002596
-1.205115
-1.276365
-1.096291
-1.096291
-0.9247604
-0.8693728
-1.043101
-1.109469
-1.107028
-0.9274445
-0.7807996
-0.7807996
-1.081896
-1.081896
-1.20658
-1.067988
-0.8254526
-0.8317963
-1.04676
-0.9911284
-0.9911284
-0.7810438
-0.7129673
-0.8805959
-1.029192
-1.240497
-1.060912
-0.9259803
-0.9303728
-0.9303728
-0.9145113
-0.9723402
-0.91378
-1.008695
-1.08092
-1.102879
-1.033096
-1.033096
-0.9750242
-0.9745357
-0.9291514
-0.9113402
-0.7629884
-0.8459477
-0.8459477
-0.9296399
-0.8957246
-0.8005634
-0.7036954
-0.7229722
-0.8357002
-0.9472083
-0.9472083
-0.9977164
-0.8693728
-0.7734803
-0.7690879
-0.831552
-0.8400927
-0.8039803
-0.7856806
-0.7856806
-0.7505438
-0.6917393
-0.7080879
-0.8274038
-0.9320797
-0.9386676
-0.9386676
-0.8803517
-0.8591236
-0.8735194
-0.8122767
-0.7605487
-0.7605487
-1.16144
-1.133379
-0.9013354
-0.8464363
-0.8464363
-0.7932442
-0.7673794
-0.801052
-0.8727881
-0.8869396
-0.8869396
-0.8659559
-0.7768956
-0.7437116
-0.7988565
-0.8357002
-0.9008484
-0.9008484
-1.04676
-1.083848
-0.8574167
-0.801052
-0.801052
-0.8618077
-0.7927556
-0.7969038
-0.7969038
-0.8871839
-0.9689233
-0.9401318
-0.8930405
-0.8683956
-0.8549755
-0.8403354
-0.8403354
-0.8313077
-0.8908435
-0.9267116
-0.9398875
-1.064816
-0.9930797
-0.9930797
-0.935008
-0.8788875
-0.9662408
-1.026996
-1.045785
-0.9728288
-0.9274445
-0.9274445
-0.9906399
-1.00528
-1.050176
-1.050176
-0.9794167
-0.9174396
-0.9476953
-0.9476953
-1.030168
-1.008208
-0.9825878
-0.9579445
-0.9525763
-0.9484282
-0.9484282
-0.977464
-0.9462327
-0.9462327
-0.9120715
-0.8874282
-0.9286643
-0.9528207
-0.9340324
-0.9220763
-0.9220763
-0.9298842
-0.9254917
-0.9276887
-0.9110959
-0.8935276
-0.8662001
-0.8432637
-0.8432637
-0.8274038
-0.8784005
-0.9581887
-0.9620926
-0.9067035
-1.22
-0.9947881
-0.9225634
-0.9225634
-1.009672
-1.04798
-1.061156
-1.028461
-0.9630682
-0.9086562
-0.8986514
-0.8986514
-0.9781953
-1.026264
-1.034072
-1.005036
-0.9611155
-0.9611155
-0.8510715
-0.9691676
-0.9193923
-0.9342767
-0.97478
-1.072379
-0.9381806
-0.9001155
-0.9001155
-0.9025568
-0.9381806
-1.036756
-0.9513565
-0.8725438
-0.8854755
-0.9511122
-0.9474526
-0.9245161
-0.9245161
-0.8962116
-0.8830357
-0.8823044
-0.9189038
-0.9408646
-0.970876
-0.970876
-0.949648
-0.9228077
-0.9367164
-0.9047523
-0.8876725
-0.9252474
-0.9440357
-0.9440357
-0.9235405
-0.9013354
-0.8713239
-0.8993842
-0.8998728
-0.9337881
-0.8927963
-0.8927963
-0.9330568
-0.9274445
-0.9325683
-0.9079233
-0.9228077
-0.9467197
-0.9523321
-0.9523321
-0.9354966
-0.92842
-0.9084119
-0.9328125
-0.9328125
-0.95892
-0.9132914
-0.9132914
-0.9354966
-0.9296399
-0.9428158
-0.925736
-0.9467197
-0.9494038
-0.9494038
-0.925736
-0.909876
-0.9181725
-0.9406204
-0.9567246
-0.956236
-0.9364721
-0.9176839
-0.9176839
-0.9208565
-0.9413517
-0.9579445
-0.9462327
-0.9425715
-0.9218321
-0.9210992
-0.9264688
-0.9264688
-0.9372035
-0.9657522
-0.9606284
-0.9315926
-0.9142686
-0.9362279
-0.9418402
-0.9418402
-0.9386676
-0.9176839
-0.9162197
-0.9169526
-0.9272001
-0.9391562
-0.9391562
-0.9125601
-0.9125601
-0.919148
-0.9179282
-0.9601399
-0.9584315
-0.9340324
-0.9340324
-0.9628239
-0.9559917
-0.9942995
-0.9999119
-0.9118288
-0.9545276
-0.9328125
-0.9489167
-0.9489167
-0.9525763
-0.9757556
-0.9713646
-0.9659966
-0.9628239
-0.9730715
-0.9730715
-0.9728288
-0.9506236
-0.9123158
-0.9364721
-0.9623353
-0.9845405
-0.9603842
-0.9054836
-0.9262246
-0.9720959
-0.9720959
-1.02114
-0.9979607
-0.9791725
-0.9759998
-0.9454998
-0.9269559
-0.9010926
-0.9010926
-0.9096318
-0.8603435
-0.9657522
-1.028461
-0.9942995
-0.8830357
-0.8361887
-0.8361887
-1.235615
-1.163392
-0.8801073
-0.8976758
-0.9972278
-1.101417
-1.101417
-1.291736
-1.237813
-1.013088
-0.8471676
-0.7288273
-0.6612393
-0.6875927
-0.6875927
-0.7022327
-0.709552
-0.6187833
-0.7649396
-0.9845405
-0.9752685
-0.8000764
-0.8000764
-0.5912116
-0.3913761
-0.3913761
-0.4557915
-0.4697002
-0.2942638
-0.4587198
-0.9147556
-0.9147556
-0.7415162
-0.307684
-0.2149641
-0.4606725
-0.6651433
-0.6407442
-0.505324
-0.505324
-0.4916596
-0.4521318
-0.5067882
-0.5304559
-0.5716921
-0.6307393
-0.6182963
-0.7056481
-0.7056481
-0.7437116
-0.7202882
-0.6585553
-0.7237035
-0.7237035
-0.6570927
-0.6534315
-0.6043875
-0.6463565
-0.70028
-0.7290716
-0.7456644
-0.7319999
-0.7237035
-0.7344396
-0.7344396
-0.7315113
-0.6922279
-0.6961318
-0.6563599
-0.7137002
-0.7546921
-0.7546921
-0.7151644
-0.7066237
-0.7066237
-0.7461514
-0.7510324
-0.7471285
-0.7795797
-0.7583517
-0.7583517
-0.7642083
-0.7751887
-0.7495683
-0.7337083
-0.725412
-0.7319999
-0.7319999
-0.7471285
-0.7676237
-0.5604674
-0.4914168
-0.7956839
-0.9755128
-0.9008484
-0.9008484
