-0.7529836
-0.7578647
-0.7459086
-0.7395634
-0.773236
-0.773236
-0.8208158
-0.8208158
-0.8415568
-0.8693728
-0.8837686
-0.8496073
-0.7993435
-0.7993435
-0.7266318
-0.7266318
-0.6751481
-0.6190276
-0.5582719
-0.5590048
-0.5599803
-0.5572963
-0.3845439
-0.3845439
-0.3811286
-0.4304153
-0.4304153
-0.4126042
-0.4126042
-0.3552638
-0.3198843
-0.3049999
-0.3049999
-0.2339967
-0.1932475
-0.1354202
-0.1354202
0.01000329
-0.001219875
-0.001219875
0.06807651
0.09174427
0.08247229
0.08247229
0.08906023
0.08906023
0.1332247
0.1332247
0.1481075
0.1429837
0.1190717
0.1163876
0.1298078
0.1344446
0.1344446
