-0.234728
-0.2805993
-0.2805993
-0.3147605
-0.3359885
-0.3386725
-0.3435521
-0.3667313
-0.3877165
-0.3747834
-0.3747834
-0.3533126
-0.3281807
-0.3193957
-0.3137834
-0.3035358
-0.3035358
-0.2542475
-0.2542475
-0.218868
-0.2037394
-0.1395684
-0.07198042
0.004392485
0.02586322
0.02586322
0.03269546
0.02854726
-0.02318074
-0.04782409
-0.07612862
-0.1095554
-0.1808045
-0.2601042
-0.2601042
-0.3079283
-0.3337915
-0.3886921
-0.4135797
-0.3840553
-0.3611204
-0.3545325
-0.3479445
-0.3479445
-0.3006075
-0.1739723
-0.1739723
-0.07881266
-0.04562863
-0.002439751
-0.002439751
0.07466446
0.1542084
0.1532313
0.1278566
0.1173648
0.1356644
0.1493274
0.1493274
0.1822687
0.1944674
0.1934918
0.2115488
0.2296042
0.2715716
0.3040244
0.3040244
0.3816156
0.4553045
0.5304559
0.6160993
0.6688044
0.6622165
0.6622165
0.7244363
0.7244363
0.74542
0.7312686
0.74542
0.8095927
0.8220357
0.8518044
0.8518044
0.8679086
0.8444836
0.8601008
0.8705927
0.9201236
0.9857604
1.007475
1.000645
1.01992
1.01992
1.053104
1.047247
1.029436
1.021384
1.002352
0.9616041
0.9616041
0.9267116
0.9332995
0.9210992
0.8910878
0.88328
0.8732767
0.8784005
0.8784005
0.9018239
0.8515601
0.8208158
0.8208158
0.8039803
0.7856806
0.7056481
0.7056481
0.5855993
0.5260634
0.5411921
0.5160602
0.4477394
0.3813713
0.3813713
0.3479445
0.3559966
0.3530683
0.3328159
0.2898713
0.2854804
0.3874722
0.3874722
0.3547752
0.1285879
-0.04757981
-0.1751921
-0.1676286
-0.1422524
