0.05953583
0.0566075
0.07759123
0.07759123
0.08149669
0.08466775
0.07173613
0.05978011
0.06685664
0.07637135
0.07637135
0.08564334
0.08515632
0.06612378
0.0773485
0.0780798
0.06563676
0.06270844
0.06270844
0.06368402
0.06270844
0.06563676
0.08320359
0.0732003
0.08198372
0.09540389
0.1217557
0.1217557
0.1132166
0.08881595
0.08857166
0.09759936
0.1141922
0.1044316
0.1044316
0.09442831
0.07881266
0.05563192
0.03635664
0.05807167
0.0739316
0.0739316
0.0600244
0.02854726
0.1024804
0.1132166
0.08100812
0.06807651
0.05636477
