0.02586322
0.02244788
0.0131759
0.01366447
0.01220031
0.01220031
0.02000813
0.02318074
0.02025242
0.02025242
0.009271986
0.009271986
0.03001142
0.03001142
0.04928825
0.04514005
0.04514005
0.08100812
0.08100812
0.07466446
0.07466446
0.0649039
0.0649039
0.04831266
0.09808794
0.09808794
0.08393645
0.08198372
0.08198372
0.1952003
0.1800717
0.1259039
0.1439593
0.1320033
0.1115081
0.06636807
0.05197229
0.06295273
0.1166319
0.1166319
0.1176075
0.1102882
0.09906352
0.07905539
0.06685664
0.07295601
0.07295601
0.06954067
0.07539576
