0.03830782
0.01903255
0.01903255
0.02708466
0.02976869
0.02562049
0.0312313
0.03562378
0.03830782
0.03830782
0.0353795
0.04221173
0.04026055
0.03733223
0.04074757
0.03879639
0.0395277
0.0395277
0.03659937
0.03562378
0.03098857
0.03733223
0.0312313
0.01756838
0.01756838
0.01659124
0.01464006
0.02708466
0.02928012
0.03245273
0.02610751
0.02806024
0.01903255
0.01195602
0.01195602
0.01464006
0.0214723
0.03098857
0.03806353
0.03098857
0.03659937
0.04245602
0.04245602
0.03855211
0.0468485
0.04562863
0.04977527
0.05758465
0.05343645
0.05343645
0.05148372
0.04977527
0.04855539
0.06148856
0.06051142
0.05782738
0.05782738
0.06051142
0.06051142
0.06954067
0.07173613
0.06856353
0.0607557
0.05685179
0.05831595
0.06661235
0.06661235
0.0690521
0.06612378
0.06197558
0.06197558
0.06929639
0.06709937
0.06636807
0.06636807
0.06124428
0.06295273
0.06807651
0.0641726
0.0697834
0.06612378
0.06392831
0.05929154
0.05929154
0.05514335
0.1195602
0.06465962
0.09369545
0.06783222
