-0.007319252
-0.02195931
-0.02195931
-0.01829969
-0.02537621
-0.01098043
-0.0007313028
0.0009755891
-0.006587949
-0.01000329
-0.009760559
-0.01464006
-0.01464006
-0.0180554
-0.01781267
-0.006832235
-0.0009755891
0.008296397
0.008296397
-0.006832235
-0.01390876
-0.005123788
0.004148198
0.009760559
0.006832235
-0.0004885725
-0.0004885725
-0.005856646
0
0.001952734
0
0.0090277
0.02537621
0.02830453
0.02830453
0.02000813
0.02854726
0.03318403
0.03318403
0.03659937
0.04099186
0.04099186
0.04928825
0.03318403
0.03318403
0.03147558
0.03318403
0.03049999
0.03562378
0.04318732
0.05392347
0.05392347
0.07685993
0.07685993
0.07124756
0.07564005
0.07295601
0.06758794
0.07002769
0.07149185
0.07149185
0.08100812
0.0780798
0.0780798
0.06587949
0.06368402
0.0558762
0.0558762
0.04977527
0.05050813
0.05026384
0.05734036
0.04196744
0.04196744
0.03171987
0.03318403
0.03904068
0.02684037
