-0.01049186
0
-0.01098043
-0.02562049
-0.02049671
-0.006832235
-0.005123788
-0.002439751
-0.005368074
-0.005368074
-0.01073615
-0.004636771
-0.01415149
0.0002442863
0.007319252
0.007563538
0.007563538
0.00341534
-0.005368074
0.004148198
0.007319252
0.007563538
0.001464162
-0.004148198
-0.004148198
-0.009516273
-0.01049186
-0.004392485
-0.001219875
0.007563538
-0.01122472
-0.01854397
-0.02000813
0.0002442863
0.01390876
0.01390876
0.01195602
0.008296397
-0.008540683
-0.01195602
-0.01195602
-0.0004885725
0.01268733
0.01195602
0.01610422
0.01610422
0.02244788
0.02952441
0.03855211
0.03855211
0.03659937
0.02049671
0.02049671
0.01610422
0.02073944
0.03025571
0.03025571
0.03879639
0.03904068
0.01976385
0.01146745
0.0090277
0.01146745
0.02415633
0.02415633
0.01976385
0.01781267
0.01585994
0.02879155
0.03562378
0.02610751
0.02610751
0.03391533
0.03391533
-0.003172609
-0.02244788
-0.002928323
0.007076522
0.006587949
0.006587949
