0.08100812
0.05856024
0.04392018
0.02781596
0.02781596
0.01976385
0.008052111
0.01171174
0.06343974
0.07100328
0.05514335
0.05514335
0.02952441
0.002928323
-0.002684037
-0.01464006
-0.02854726
-0.003659626
0.01561565
0.008296397
0.008296397
-0.01024758
-0.03147558
-0.02195931
-0.008296397
-0.007319252
-0.01024758
-0.007319252
-0.007319252
-0.0002442863
0.008783413
0.001464162
-0.006587949
-0.0004885725
-0.001219875
-0.009516273
-0.009516273
-0.004636771
-0.002439751
0.007076522
0.01439577
0.02586322
0.03220844
0.01171174
0.01171174
0.006587949
0.01000329
0.005368074
-0.006099377
0.002195464
0.04123614
0.04148043
0.04148043
0.0222036
