0.01293161
-0.01976385
-0.003172609
0.01707981
0.01707981
0.02098372
0.01537136
0.01122472
0.01561565
0.02293646
0.02757167
0.0180554
0.01610422
0.02000813
0.02000813
0.02537621
0.01366447
0.01585994
0.01756838
0.0124446
0.0124446
0.01366447
0.0173241
-0.02537621
-0.01585994
-0.0007313028
0.01000329
0.01756838
0.01756838
0.002928323
0.008052111
0.008052111
0.0131759
0.01293161
0.01415149
0.0173241
0.01073615
0.01073615
0.003172609
0.008052111
0.01756838
0.02244788
0.01390876
0.01268733
0.01146745
0.007319252
0.007319252
0.004148198
-0.004879501
0.002684037
0.01439577
0.02391205
0.03757652
0.04709123
0.04709123
0.05075242
0.04318732
0.03342832
0.03318403
0.03269546
0.02366776
0.01610422
0.01610422
0.006343663
0.01390876
0.01561565
0.0124446
-0.001219875
-0.0009755891
-0.0009755891
0.001952734
0.009760559
0.01195602
0.01098043
-0.003659626
-0.01707981
-0.005368074
-0.008296397
-0.008540683
-0.008540683
-0.01122472
-0.01439577
-0.003903912
0.004148198
0.008296397
-0.008783413
-0.008783413
-0.01415149
0.006099377
0.03635664
0.01878826
0.02732738
0.004392485
