0.07954396
0.07954396
0.08271657
0.08930452
0.07759123
0.07759123
0.08491204
0.08271657
0.09247557
0.09247557
0.09271986
0.09271986
0.08808465
0.0829593
0.07759123
0.07759123
0.08784036
0.08784036
0.08832738
0.07124756
0.07515148
0.07515148
0.07954396
0.07954396
0.07954396
0.05734036
0.05197229
0.05636477
0.04904397
0.04904397
0.05026384
0.03318403
0.04343161
0.02830453
0.02659608
0.02659608
0.01634851
0.01634851
0.04148043
0.04148043
0.02586322
0.02586322
0.01561565
0.01659124
0.02073944
0.02366776
0.01903255
0.01268733
0.01268733
0.008783413
0.008783413
0.0263518
0.04099186
0.04099186
0.02488763
0.02610751
0.02781596
