0.09491532
0.1351759
0.1212687
0.1212687
0.09320843
0.07490875
0.08051955
0.06929639
0.07368731
0.07905539
0.07905539
0.1010163
0.1080912
0.09857651
0.08540061
0.0780798
0.07173613
0.07588433
0.07588433
0.09711234
0.09028011
0.08442346
0.08466775
0.08759607
0.0509967
-0.007563538
0.02830453
0.02830453
0.08686477
0.09028011
0.06831924
0.03147558
0.0124446
0.01781267
0.04660422
0.04660422
0.06661235
0.05050813
0.02610751
0.03611235
0.0739316
0.08247229
0.03928341
0.03928341
0.02659608
0.1129723
0.1388355
0.09979638
0.08466775
0.05685179
0.05685179
0.02781596
0.02562049
