0.03733223
0.03904068
0.03904068
0.03391533
0.02513192
0.02830453
0.03708794
0.051728
0.04733552
0.04367589
0.04367589
0.04514005
0.04440875
0.05245931
0.06441533
0.0829593
0.0780798
0.08662049
0.08662049
0.1271238
0.1310277
0.07149185
0.05050813
0.1151677
0.09735663
0.09735663
0.05563192
0.02000813
-0.03196416
-0.01220031
0.01756838
0.001708448
-0.01415149
-0.01585994
0.03659937
0.06099999
0.06099999
0.05075242
0.04074757
0.02513192
0.03708794
0.1000407
0.1000407
0.08320359
0.06685664
0.0697834
0.06343974
0.07612862
