-0.103456
-0.09003583
-0.0946726
-0.09076868
-0.09174427
-0.1019918
-0.1041873
-0.1071156
-0.1088241
-0.1049202
-0.1066286
-0.1044316
-0.09686806
-0.09271986
-0.09223129
-0.0905244
-0.07881266
-0.06685664
-0.05978011
-0.05636477
-0.051728
-0.02806024
-0.02073944
-0.009516273
-0.008540683
0
0.006832235
0.009516273
0.01122472
0.02440062
0.02391205
0.02879155
0.03269546
0.03342832
0.03904068
0.05123943
0.05490061
0.05441204
0.0566075
0.05636477
0.0566075
0.06465962
0.06709937
0.0641726
0.0649039
0.07124756
0.07368731
0.08271657
0.08515632
0.09393974
0.09198856
0.10614
0.1063843
0.09906352
0.09833222
0.09345272
0.08832738
0.08515632
0.08515632
0.0829593
0.07856838
0.07832409
0.07539576
0.07124756
0.07271173
0.07490875
0.08271657
0.07881266
0.07368731
0.07954396
0.08491204
0.08344787
0.08247229
0.08393645
0.08857166
0.09174427
0.09418402
0.09613676
0.09589247
0.1005277
0.09906352
0.09955209
0.09735663
0.09955209
0.1002834
0.1019918
0.1051645
0.1044316
0.1015033
0.09930781
0.1005277
0.1188274
0.1261482
0.1251726
0.122
0.1215114
0.1198045
0.1217557
0.1205358
0.1124837
0.1085798
0.1068713
0.09589247
0.08344787
0.07368731
0.06636807
0.05685179
0.05856024
0.05270359
0.04270031
0.04099186
0.02195931
-0.0002442863
-0.007563538
-0.02366776
-0.01976385
-0.01854397
-0.02415633
-0.01927527
-0.02781596
-0.03611235
-0.04196744
-0.07344458
-0.06612378
-0.05880453
-0.05294788
-0.0649039
-0.07051627
-0.06465962
