-0.9125601
-0.8991399
-0.9037767
-0.9149998
-0.9176839
-0.9079233
-0.8774233
-0.8774233
-0.8666887
-0.8666887
-0.8876725
-0.8876725
-0.9042637
-0.9272001
-0.9623353
-0.9623353
-0.9942995
-0.9759998
-0.9574559
-0.9574559
-0.9093875
-0.9198794
-0.9359836
-0.9359836
-0.9232963
-0.9084119
-0.9018239
-0.8932848
-0.8827914
-0.8827914
-0.8764477
-0.8757164
-0.858148
-0.8564396
-0.8486318
-0.8486318
-0.8366758
-0.8366758
-0.8383842
-0.8383842
-0.8198403
-0.8198403
-0.810324
-0.810324
-0.7988565
-0.7864119
-0.7964168
-0.7964168
-0.7910487
-0.7910487
