-0.9559917
-0.9533077
-0.9652637
-0.9647767
-0.9652637
-0.9613598
-0.9620926
-0.9611155
-0.9664836
-0.956236
-0.9425715
-0.9286643
-0.9106073
-0.9008484
-0.8618077
-0.8542442
-0.8425324
-0.831552
-0.8286237
-0.8252083
-0.8215487
-0.8039803
-0.8073956
-0.7847035
-0.7629884
-0.7476155
-0.7273647
-0.7259005
-0.7273647
-0.7310243
-0.7180927
-0.7237035
-0.7537165
-0.7849478
-0.7654282
-0.7388321
-0.7217523
-0.697596
-0.6932035
-0.6780764
-0.6631921
-0.6500162
-0.6400113
-0.636596
-0.6292768
-0.6168321
-0.6075602
-0.5953599
-0.5990195
-0.6082914
-0.6148794
-0.6234201
-0.6334234
-0.6568484
-0.6683158
-0.6744168
-0.6763679
-0.68442
-0.6990601
-0.7051595
-0.7202882
-0.7241921
-0.7268761
-0.7300487
-0.7434673
-0.7637197
-0.7890959
-0.8000764
-0.8144721
-0.8208158
-0.827648
-0.8305764
-0.8400927
-0.8535113
-0.8715683
-0.8718125
-0.8830357
-0.8937718
-0.9186594
-0.9516008
-0.95892
-0.9552604
-0.9635568
-0.9579445
-0.9577001
-0.9264688
-0.9120715
-0.9054836
-0.9089005
-0.9084119
-0.9074363
-0.9132914
-0.9106073
-0.9135357
-0.9106073
-0.9106073
-0.9330568
-0.9406204
-0.9367164
-0.9279315
-0.9662408
-0.9950324
-0.9996676
-0.9930797
-0.9628239
-0.9347637
-0.9147556
-0.9020683
-0.8876725
-0.8820601
-0.888648
-0.9023125
-0.9181725
-0.9364721
-0.9491594
-0.9533077
-0.9528207
-0.9533077
-0.9640438
-0.9550161
-0.9508679
-0.95892
-0.9642881
-0.9750242
-0.9977164
-1.00162
-0.996008
-0.9994233
-1.006988
-1.014063
-1.016016
-0.9916155
-0.9733158
-0.9886887
-0.9679477
-0.94428
-0.9989363
-0.9996676
-0.9991806
-0.9855161
-0.9750242
-0.9816122
-0.9696562
