-0.970876
-0.9467197
-0.9311041
-0.9089005
-0.9089005
-0.8915763
-0.8915763
-0.8906008
-0.8906008
-0.9032881
-0.9032881
-0.9054836
-0.9054836
-0.9672164
-0.9596514
-0.9332995
-0.9247604
-0.9247604
-0.9291514
-0.9291514
-0.9291514
-0.9176839
-0.9193923
-0.9193923
-0.9076806
-0.8942604
-0.9298842
-0.9298842
-0.9572116
-1.015285
-1.015285
-1.03212
-1.037733
-1.037733
-0.9537963
-0.9537963
-0.919148
-0.9147556
-0.8913321
-0.8913321
-0.8317963
-0.8317963
-0.8244755
-0.8244755
-0.8715683
-0.8788875
-0.8644917
-0.8644917
-0.8644917
-0.8444836
-0.8574167
-0.8213044
-0.8213044
-0.8147165
-0.8178875
-0.8181318
-0.8181318
-0.8078842
-0.8078842
-0.8156921
-0.8188646
-0.8188646
-0.8266725
-0.8266725
-0.8452165
