-0.9581887
-0.9516008
-0.9420845
-0.949648
-0.9574559
-0.9503794
-0.9386676
-0.9340324
-0.9340324
-0.9250047
-0.916464
-0.9149998
-0.9176839
-0.9159755
-0.9186594
-0.9186594
-0.9196366
-0.9196366
-0.9186594
-0.9167083
-0.9186594
-0.9337881
-0.9337881
-0.9328125
-0.9203679
-0.9184167
-0.9176839
-0.9118288
-0.9071921
-0.9091448
-0.9132914
-0.9113402
-0.9113402
-0.9089005
-0.9128044
-0.9196366
-0.9337881
-0.9498923
-0.9547718
-0.9620926
-0.9620926
-0.95892
-0.9242718
-0.9189038
-0.9108517
-0.9167083
-0.9106073
-0.9115845
-0.8771806
-0.8771806
-0.8730324
-0.8769363
-0.8671758
-0.8576595
-0.8544884
-0.8544884
-0.8662001
-0.8637604
-0.8583924
-0.8710797
-0.8849884
-0.8864526
-0.8993842
-0.9030438
-0.9030438
-0.8962116
-0.8820601
-0.8823044
-0.8862083
-0.8879167
-0.8879167
-0.8354559
-0.8332604
-0.8332604
-0.8464363
-0.8359445
-0.8115438
-0.8137393
-0.8217914
-0.8174005
-0.8174005
-0.8178875
-0.8186204
-0.8269168
-0.8398484
-0.8378956
-0.8447279
-0.8447279
-0.8408239
-0.8405797
-0.8403354
-0.8461921
-0.8415568
-0.8344803
