-0.6617279
-0.6585553
-0.6585553
-0.6446481
-0.6400113
-0.6373273
-0.6358647
-0.6358647
-0.6380602
-0.627324
-0.6014608
-0.5773044
-0.5565634
-0.5482686
-0.5470487
-0.5367996
-0.5367996
-0.5199641
-0.5136204
-0.5155716
-0.5094722
-0.5150846
-0.5060553
-0.5043485
-0.4767767
-0.4767767
-0.453596
-0.5060553
-0.5765716
-0.6297637
-0.6958875
-0.7319999
-0.7559119
-0.7559119
-0.7622556
-0.7839721
-0.8093484
-0.7895845
-0.7895845
-0.7966595
-0.8252083
-0.8810845
-0.9720959
-1.069695
-1.106052
-1.083115
-1.06872
-1.050664
-1.050664
-1.057252
-1.057252
-1.060423
-1.064816
-1.051151
-1.029681
-1.0614
-1.0614
-1.066036
-1.086044
-1.148508
