-0.9069477
-0.9040194
-0.9040194
-0.9289086
-0.9289086
-0.9289086
-0.9679477
-0.9608728
-0.9608728
-0.9430601
-0.9430601
-0.9430601
-0.9074363
-0.8752279
-0.8752279
-0.6812475
-0.6812475
-0.6812475
-0.6175634
-0.6175634
-0.6175634
-0.6380602
-0.6222002
-0.6222002
-0.5982882
-0.5982882
-0.6209803
-0.6639234
-0.6639234
-0.94428
-0.94428
-0.9603842
-0.9603842
-0.9286643
-0.8557083
-0.7922686
-0.7922686
-0.6539201
-0.6539201
-0.6539201
-0.5394837
-0.5021514
-0.5021514
-0.4782394
-0.4782394
-0.4784836
-0.4784836
-0.4531074
-0.5067882
-0.5067882
