-0.8801073
-0.8801073
-0.9381806
-0.9381806
-0.9303728
-0.9291514
-0.9293956
-0.9293956
-0.8283794
-0.7834836
-0.7356595
-0.7449315
-0.7632327
-0.7632327
-0.7793354
-0.858148
-0.9454998
-0.9147556
-0.8491204
-0.8586366
-0.8586366
-0.9811236
-0.9015797
-0.8635162
-0.8635162
-0.91378
-0.91378
-1.003816
-1.050176
-0.9735601
-0.9735601
-1.028703
-1.028703
-1.155584
-1.041148
-0.8801073
-1.012601
-1.012601
-0.9084119
-0.9106073
-1.008453
-0.9384233
-0.8830357
-0.8830357
-0.8757164
-0.8757164
-0.8874282
-0.8874282
