-0.6136595
-0.6312279
-0.6341562
-0.6341562
-0.6341562
-0.6444038
-0.6473321
-0.606096
-0.5612002
-0.5612002
-0.5724234
-0.6014608
-0.6121954
-0.6263484
-0.6426954
-0.68564
-0.7632327
-0.7632327
-0.8539999
-0.9003598
-0.9411073
-1.073357
-1.198527
-1.265873
-1.325409
-1.376404
-1.376404
-1.474736
-1.522071
-1.504747
-1.418615
-1.226832
-1.384944
-1.313208
-1.313208
-1.235128
-1.150216
-1.069453
-1.034072
-1.017236
-0.9918598
-0.9918598
-0.9608728
-0.9425715
-0.9520878
-0.9584315
-0.9047523
-0.9452556
-0.9816122
