-0.9674607
-0.9769754
-0.9716073
-0.9598956
-0.9598956
-0.9720959
-0.9720959
-0.9696562
-0.9667279
-0.9645324
-0.9618484
-0.9530634
-0.9530634
-0.9491594
-0.9501366
-0.9601399
-0.9594086
-0.9613598
-0.965508
-0.9677035
-0.9642881
-0.9635568
-0.9635568
-0.9662408
-0.9703875
-0.9598956
-0.9601399
-0.9569673
-0.9569673
-0.9608728
-0.9574559
-0.9569673
-0.956236
-0.94428
-0.9408646
-0.9364721
-0.9435487
-0.9367164
-0.9367164
-0.9286643
-0.9247604
-0.9210992
-0.9262246
-0.9291514
-0.9291514
-0.9286643
-0.9318354
-0.9306155
-0.9289086
-0.9240276
-0.9189038
-0.9142686
-0.9142686
-0.9130487
-0.9162197
-0.9232963
-0.9201236
-0.9201236
-0.9184167
-0.9279315
-0.9396448
-0.9396448
-0.9440357
-0.9367164
-0.9454998
-0.9394005
-0.9433044
-0.9433044
-0.9523321
-0.9523321
-0.923052
-0.923052
-0.9447685
-0.9379363
-0.9106073
-0.8942604
-0.8942604
-0.8942604
-0.8893794
-0.8893794
-0.8967001
-0.919148
-0.9467197
-0.9528207
-0.9452556
-0.9452556
-0.9396448
-0.9501366
-0.9418402
-0.937692
-0.9313484
-0.9272001
-0.9272001
-0.9101204
-0.9010926
-0.9025568
-0.8915763
-0.8752279
-0.8613207
-0.8671758
-0.8810845
-0.8810845
-0.8869396
-0.8923077
-0.9001155
-0.8959673
-0.8964559
-0.9089005
-0.9101204
-0.9101204
-0.9037767
-0.8993842
-0.892552
-0.8901122
-0.8988956
-0.9079233
-0.9025568
