-0.8879167
-0.8940161
-0.8940161
-0.9013354
-0.9042637
-0.9115845
-0.9089005
-0.9062164
-0.904508
-0.9118288
-0.9118288
-0.9096318
-0.9093875
-0.9067035
-0.9167083
-0.9071921
-0.8949917
-0.8871839
-0.8818158
-0.8818158
-0.864736
-0.8642474
-0.8583924
-0.8491204
-0.834236
-0.8256953
-0.8254526
-0.8254526
-0.8269168
-0.8188646
-0.801052
-0.7925113
-0.7778713
-0.7686008
-0.7686008
-0.7622556
-0.7620113
-0.7605487
-0.7583517
-0.7556676
-0.7556676
-0.7527393
-0.7590845
-0.7590845
-0.7678679
-0.7681122
-0.7754315
-0.7817767
-0.7756758
-0.7698207
-0.7725047
-0.7707963
-0.7707963
-0.7727475
-0.7634755
-0.7639641
-0.7524966
-0.74542
-0.7312686
-0.7312686
-0.6797833
-0.6797833
-0.6492833
-0.6248842
-0.6351318
-0.6329364
-0.6109755
-0.6109755
-0.6114641
-0.6346433
-0.6546514
-0.6529445
-0.6390358
-0.6112198
-0.6627035
-0.7529836
-0.7529836
-0.8022718
-0.8083728
-0.8366758
-0.92842
-1.0187
-1.070672
-1.070672
-1.139967
-1.167541
-1.166808
-1.152168
-1.130453
-1.116544
