-0.7886074
-0.7956839
-0.8015406
-0.7986122
-0.7925113
-0.7925113
-0.7959282
-0.7988565
-0.7932442
-0.7864119
-0.7661595
-0.7490797
-0.7356595
-0.7356595
-0.7239478
-0.7102833
-0.7078435
-0.7063794
-0.7049168
-0.7100406
-0.7190683
-0.7190683
-0.7176041
-0.7049168
-0.697596
-0.6871041
-0.6702686
-0.6702686
-0.648552
-0.63928
-0.6263484
-0.6236644
-0.6114641
-0.6234201
-0.6490406
-0.6439168
-0.6546514
-0.6846644
-0.6846644
-0.7110162
-0.7073565
-0.7183354
-0.7212637
-0.855464
-0.9430601
-0.9957637
-0.9957637
-1.06506
-1.117277
-1.131672
-1.1895
-1.208532
-1.214145
-1.214145
-1.211948
-1.256356
-1.253672
-1.243181
