-0.6492833
-0.6583126
-0.6680716
-0.6680716
-0.6700243
-0.6719755
-0.6680716
-0.6570927
-0.6407442
-0.6248842
-0.6248842
-0.6014608
-0.5753517
-0.5709608
-0.5826725
-0.5880406
-0.5799885
-0.5799885
-0.5807198
-0.5938957
-0.6312279
-0.6448924
-0.6548957
-0.6709999
-0.6885683
-0.7329755
-0.77714
-0.77714
-0.8164234
-0.8454607
-0.8481448
-0.8825487
-0.9389119
-0.9879559
-1.025532
-1.025532
-1.041392
-1.087019
-1.128988
-1.160708
-1.179739
-1.196821
-1.212192
-1.212192
-1.257088
-1.257088
-1.231956
-1.237813
-1.224879
-1.232689
