-0.8871839
-1.007964
-1.031876
-1.031876
-0.9950324
-0.9591643
-0.925736
-0.9250047
-0.9696562
-0.9591643
-0.9291514
-0.9291514
-0.8893794
-0.8720552
-0.8671758
-0.8410683
-0.8393598
-0.8513158
-0.8539999
-0.8539999
-0.8442393
-0.9059721
-0.9606284
-0.9386676
-0.9608728
-0.9674607
-1.000888
-1.000888
-1.037
-1.040172
-1.020651
-1.026019
-1.0492
-1.038953
-1.013332
-1.009428
-1.009428
-0.9769754
-0.9533077
-0.9281757
-0.92842
-0.9384233
-0.9425715
-0.9254917
-0.9093875
-0.9093875
-0.9484282
-0.9550161
-0.9335438
-0.9223207
-0.9308598
-0.9276887
-0.9140242
-0.9140242
-0.9047523
-0.8967001
-0.8876725
-0.8791318
-0.8942604
-0.9064607
-0.9037767
-0.9037767
-0.8537556
-0.8659559
-0.9306155
-0.9308598
-0.9250047
-0.8976758
-0.8976758
-0.7905601
-0.9759998
-1.022115
-0.9547718
-0.8247197
