-0.9764884
-0.9889315
-0.9889315
-0.9984477
-0.9979607
-0.9977164
-1.00406
-1.003816
-0.986736
-0.986736
-0.9784396
-0.9838077
-0.9833207
-0.977464
-0.9755128
-0.9796594
-0.9781953
-0.9750242
-0.9757556
-0.9757556
-0.9794167
-0.9716073
-0.9613598
-0.9542832
-0.9430601
-0.9167083
-0.9167083
-0.8908435
-0.8786448
-0.8664445
-0.8649803
-0.8779119
-0.8906008
-0.9003598
-0.9049966
-0.9049966
-0.9030438
-0.9010926
-0.8876725
-0.8613207
-0.8479005
-0.8142279
-0.8142279
-0.7878761
-0.7588403
-0.7402963
-0.7056481
-0.6912523
-0.6707556
-0.6500162
-0.6661204
-0.6905195
-0.6905195
-0.6734396
-0.6651433
-0.6983273
-0.7027197
-0.6983273
-0.7068679
-0.7068679
-0.7378565
-0.7715276
-0.7583517
-0.7222393
-0.6917393
-0.6714885
-0.6714885
-0.6800276
-0.6934478
-0.6756366
-0.6756366
-0.6773435
-0.6631921
-0.6429396
-0.6387914
-0.6387914
-0.6275683
-0.6200048
-0.6117083
-0.6141481
-0.6222002
-0.6192719
-0.6036562
-0.5843794
-0.5843794
-0.5687637
-0.5499755
-0.5487556
-0.5414364
-0.5343599
-0.5314316
-0.5314316
-0.5433875
-0.5489999
-0.5360683
-0.5433875
-0.5499755
-0.5577833
-0.5697393
-0.5851123
-0.5953599
-0.5977996
