-0.9662408
-0.9516008
-0.9276887
-0.9125601
-0.9128044
-0.9074363
-0.9025568
-0.9025568
-0.9118288
-0.9103646
-0.9035324
-0.8986514
-0.8906008
-0.9064607
-0.9320797
-0.9320797
-0.9364721
-0.9306155
-0.9210992
-0.9293956
-0.937692
-0.9784396
-0.9784396
-0.9879559
-0.9879559
-0.9982035
-1.038708
-1.068475
-1.067744
-1.067744
-1.023093
-1.036024
-1.036024
-1.045296
-1.040172
-1.025044
-1.020164
-1.032852
-1.037733
-1.025777
-1.025777
-1.020651
-1.015527
-1.010159
-1.006988
-0.9972278
-0.9862474
-0.9850276
-0.9945438
-0.9906399
-0.9906399
-0.9864917
-0.980148
-0.980148
-0.9772197
-0.9838077
-0.9838077
-0.9847832
-0.9764884
-0.9630682
-0.9711204
-0.9855161
-0.9855161
-0.9808794
-0.95892
-0.9581887
-0.9762442
