-0.7195553
-0.7273647
-0.7390764
-0.7390764
-0.7461514
-0.7478598
-0.749324
-0.7515194
-0.7498125
-0.7444445
-0.7259005
-0.7144315
-0.7144315
-0.7061366
-0.6885683
-0.6814917
-0.6712442
-0.6534315
-0.6424527
-0.6317165
-0.6317165
-0.6312279
-0.6307393
-0.62464
-0.6092686
-0.6026806
-0.5970683
-0.6031677
-0.6031677
-0.6185406
-0.6185406
-0.6302523
-0.6383044
-0.6151237
-0.6212246
-0.7385879
-0.8225242
-0.8532686
-0.8532686
-0.8644917
-0.8913321
-0.9511122
-1.044808
-1.105076
-1.105076
-1.14436
-1.156072
-1.136796
-1.097024
-1.077992
-1.037244
-1.037244
-1.037
-0.9818565
-0.9335438
-0.9374477
