-0.9594086
-0.9618484
-0.9567246
-0.9564803
-0.9542832
-0.9620926
-0.9572116
-0.9489167
-0.9435487
-0.9435487
-0.9394005
-0.9415959
-0.9437914
-0.9547718
-0.9550161
-0.9494038
-0.9494038
-0.9406204
-0.9345194
-0.9269559
-0.9208565
-0.9162197
-0.9110959
-0.9079233
-0.9079233
-0.9118288
-0.9198794
-0.9269559
-0.9272001
-0.9296399
-0.9381806
-0.9530634
-0.9623353
-0.9586757
-0.9555047
-0.9555047
-0.9669721
-0.9652637
-0.9464754
-0.9354966
-0.9354966
-0.935008
-0.94428
-0.9437914
-0.9547718
-0.9547718
-0.9862474
-1.013332
-1.010404
-1.010404
-1.009184
-1.029681
-1.029681
-1.028703
-1.029436
-1.040172
-1.040172
-1.040659
-1.041392
-1.034072
-1.035049
-1.03578
-1.041879
-1.031145
-1.031145
-1.020409
-1.014308
-1.021628
-1.0309
-1.030412
-1.018944
-1.018944
-0.9947881
-0.9947881
-0.996008
-0.9918598
-0.9942995
-0.9947881
-0.9752685
-0.9752685
