-0.6204917
-0.6383044
-0.6383044
-0.6422083
-0.6404999
-0.6373273
-0.6341562
-0.6422083
-0.6480634
-0.6390358
-0.6143924
-0.6143924
-0.6051204
-0.5860879
-0.5648599
-0.5385081
-0.5155716
-0.5072768
-0.5072768
-0.4980048
-0.4789722
-0.4570113
-0.4701872
-0.5014201
-0.5189885
-0.5599803
-0.5599803
-0.6890553
-0.8242327
-0.8313077
-0.7847035
-0.7790927
-0.9093875
-1.065791
-1.065791
-1.154607
-1.235128
-1.299544
-1.299544
-1.413247
-1.39934
-1.385189
-1.347856
-1.347856
-1.292711
-1.257088
-1.114104
-1.080431
-1.058228
-1.035049
-1.035049
-0.9969836
-0.9467197
-0.9467197
-0.9006041
-0.8842556
-0.8842556
-0.9254917
