-0.4962963
-0.4611596
-0.4611596
-0.4423713
-0.4309039
-0.4384674
-0.4438355
-0.4675048
-0.4675048
-0.4784836
-0.5114234
-0.5738875
-0.5956041
-0.5880406
-0.5926758
-0.5887719
-0.5887719
-0.6073158
-0.6073158
-0.6287882
-0.6280553
-0.6522116
-0.6812475
-0.7293158
-0.7224836
-0.7442002
-0.7442002
-0.7649396
-0.7703077
-0.7900715
-0.8203273
-0.8335047
-0.8657116
-0.8657116
-0.8835242
-0.8840113
-0.8810845
-0.8671758
-0.8220357
-0.8142279
-0.8288679
-0.8288679
-0.8442393
-0.8374086
-0.8357002
-0.8557083
-0.8361887
-0.8086155
-0.7854363
-0.7656725
-0.7656725
-0.7573761
-0.7617686
-0.7627442
-0.7305357
-0.7210194
-0.7041839
-0.6858842
-0.6858842
-0.6895438
-0.6846644
-0.7205324
-0.7380993
-0.7803125
-0.7969038
-0.7915357
-0.7915357
-0.8054445
