-1.016505
-1.016505
-0.9989363
-1.021873
-1.011624
-1.011624
-0.9677035
-0.9677035
-0.9433044
-0.9569673
-0.9569673
-0.980148
-0.980148
-0.980148
-0.9559917
-0.9559917
-0.9559917
-0.9450113
-0.9247604
-0.8879167
-0.8803517
-0.8898679
-0.8898679
-0.9140242
-0.9140242
-0.9042637
-0.9042637
-0.9342767
-0.9342767
-0.9703875
-0.9703875
-0.9764884
-0.9174396
-0.9008484
-0.8984086
-0.8630276
-0.8630276
-0.8701041
-0.8701041
-0.9279315
-0.9279315
-0.9274445
-0.9049966
-0.8969445
-0.9120715
-0.8630276
-0.8710797
-0.8659559
-0.8391155
-0.8283794
-0.831552
-0.8120324
-0.7951953
-0.7951953
-0.8020276
-0.8244755
-0.8244755
-0.8176448
-0.8169119
-0.7978794
-0.7978794
-0.7978794
-0.834236
-0.8420438
-0.8347246
-0.8352116
-0.8352116
-0.8149607
-0.8198403
-0.8198403
