0.1625033
0.1729967
0.1420081
0.1420081
0.1766563
0.204228
0.185684
0.1471319
0.1078485
0.1444479
0.1634804
0.1634804
0.1654316
0.1241954
0.1129723
0.131272
0.1520114
0.124684
0.08540061
0.08540061
0.01366447
-0.05026384
-0.0649039
-0.08442346
-0.05563192
-0.1434723
-0.2454641
-0.2454641
-0.2642524
-0.2527834
-0.2598599
-0.3542882
-0.4457882
-0.465552
-0.4733599
-0.4984918
-0.4984918
-0.4538403
-0.4113843
-0.3979641
-0.4333436
-0.44164
-0.41114
-0.3818599
-0.4101644
-0.4101644
-0.4987361
-0.5133761
-0.4989803
-0.48678
-0.4801921
-0.474824
-0.4677475
-0.4677475
-0.4757996
-0.4594527
-0.4418843
-0.4135797
-0.4072361
-0.4313924
-0.4060162
-0.4060162
-0.3796644
-0.4077246
-0.4226075
-0.4213876
-0.4121156
-0.2469283
-0.2469283
-0.2156954
-0.4406644
-0.6397686
-0.5419234
-0.3716123
