-0.9955194
-1.004791
-1.004791
-1.013821
-1.057497
-1.075063
-1.072379
-1.041392
-1.041392
-1.05042
-1.073601
-1.076285
-1.071648
-1.058472
-1.024312
-1.007475
-1.007475
-0.9994233
-0.9994233
-0.9908842
-0.946964
-0.9308598
-0.8805959
-0.8818158
-0.8932848
-0.858148
-0.858148
-0.7925113
-0.6958875
-0.6400113
-0.6129282
-0.6104885
-0.5738875
-0.5738875
-0.5541237
-0.5267963
-0.4460325
-0.3276921
-0.2391205
-0.1759235
-0.1256596
-0.1256596
-0.1073599
-0.04514005
0.03001142
0.1095554
0.1700684
0.2257003
0.2591286
0.3164674
0.3164674
0.3640487
0.3967442
0.4135797
0.4050406
0.4348077
0.4611596
0.4745797
0.4745797
0.4479837
0.4399315
0.4821433
0.5255764
0.5616872
0.5619316
0.5419234
0.5419234
0.5307002
