0.1510358
0.1200472
0.1815358
0.1815358
0.1939804
0.2076433
0.2076433
0.2183795
0.2183795
0.2125244
0.2095961
0.1742166
0.1600635
0.1600635
0.08735178
0.08735178
0.04416447
0.008783413
-0.03513677
-0.03586807
-0.04953254
-0.09735663
-0.2532719
-0.2532719
-0.2791367
-0.3113436
-0.4506677
-0.4506677
-0.5426562
-0.5426562
-0.6649005
-0.6863713
-0.7115048
-0.7115048
-0.7373679
-0.7197996
-0.7176041
-0.7376122
-0.7327327
-0.7266318
-0.7019885
-0.6985716
-0.7617686
-0.7617686
-0.7390764
-0.7346839
-0.7290716
-0.7232165
-0.7210194
-0.7324885
