0.2432687
0.2505879
0.2505879
0.2430244
0.234728
0.2237475
0.2379006
0.2405846
0.2630325
0.2557117
0.2635195
0.2635195
0.2598599
0.2630325
0.2849918
0.2886514
0.2740114
0.2666921
0.2742557
0.2742557
0.2447313
0.246684
0.2688876
0.2954837
0.3318403
0.377956
0.3928403
0.3928403
0.3540439
0.3176873
0.265228
0.246684
0.1898322
0.1634804
0.1037003
0.1037003
0.0222036
-0.0739316
-0.2076433
-0.3808843
-0.5038599
-0.6714885
-0.7268761
-0.7268761
-0.8073956
-0.9337881
-1.013821
-1.080676
-1.136796
-1.181203
-1.185107
-1.176324
-1.176324
-1.185352
-1.227321
-1.220488
-1.214876
-1.261236
-1.283928
-1.283928
-1.32248
-1.271972
-1.24928
-1.245376
-1.228296
-1.195356
-1.143384
-1.143384
-1.110689
-1.071648
-1.027972
-1.007475
-0.9925926
-0.9433044
-0.9433044
-0.9237848
-0.9247604
-0.8510715
-0.9945438
-0.9450113
-0.9723402
-0.9896643
-1.021873
-1.021873
-1.036024
-1.067988
