0.5092279
0.5092279
0.4843403
0.4614038
0.5031285
0.5031285
0.4704315
0.4555487
0.4997117
0.5341156
0.4926367
0.4926367
0.4938566
0.4731156
0.4731156
0.4235846
0.3611204
0.3533126
0.3591677
0.3655114
0.3655114
0.1851954
0.1864153
0.1864153
-0.004636771
0.0007313028
0.0007313028
-0.1256596
-0.2239918
-0.2786482
-0.2786482
-0.2937768
-0.3364755
-0.4472524
-0.4472524
-0.4648207
-0.4648207
-0.3484316
-0.3484316
-0.3933273
-0.3933273
-0.4565243
-0.4477394
-0.4248045
-0.4248045
-0.4360276
-0.4360276
-0.4428599
-0.4330993
