0.7463956
0.7637197
0.7637197
0.7651839
0.7651839
0.7610357
0.7598158
0.7556676
0.725412
0.6990601
0.7017442
0.7017442
0.7154086
0.7371237
0.7444445
0.7168728
0.68564
0.6785634
0.6761237
0.6580683
0.6580683
0.6131725
0.5675439
0.5612002
0.5741318
0.5721806
0.5150846
0.4357834
0.3694153
0.3694153
0.3801514
0.3357442
0.1910521
0.04904397
0.03440391
0.0649039
0.1039446
0.1271238
0.1271238
0.07881266
0.01122472
-0.07442018
-0.1276123
-0.1961759
-0.1961759
-0.2637638
-0.2908485
-0.3152475
-0.2398518
-0.2803566
-0.2803566
-0.3733208
-0.3386725
