0.3494087
0.3433078
0.2825521
0.2522964
0.22814
0.2503436
0.2793795
0.2908485
0.2915798
0.2915798
0.2849918
0.2879201
0.2998762
0.3162247
0.2959723
0.2701075
0.2701075
0.2666921
0.265228
0.2710846
0.2927997
0.31964
0.3176873
0.2910928
0.2910928
0.2676677
0.2542475
0.2625439
0.2854804
0.2676677
0.2291156
0.2149641
0.1973957
0.185684
0.1632361
0.1632361
0.1505472
0.1322476
0.1307834
0.1195602
0.1195602
0.1066286
0.09174427
0.0739316
-0.0173241
-0.0173241
-0.04074757
-0.0214723
-0.003903912
-0.003903912
-0.03220844
-0.1183404
-0.1183404
-0.1371286
-0.1302964
-0.1585993
-0.1585993
-0.1681156
-0.1910521
-0.1973957
-0.2010554
-0.1895879
-0.2015439
-0.2139885
-0.2139885
-0.2259446
-0.2483924
-0.2298485
-0.2115488
-0.2154527
-0.2332638
-0.2332638
-0.1961759
-0.1961759
-0.1754364
-0.176412
-0.2098403
-0.2249674
-0.1661644
-0.1661644
