0.3001204
0.2620554
0.2620554
0.2784039
0.2854804
0.2727915
0.2786482
0.2786482
0.2825521
0.2913355
0.3020716
0.3032915
0.3328159
0.3296433
0.3296433
0.3057313
0.3057313
0.2747442
0.2583957
0.2664478
0.2515635
0.2122801
0.2125244
0.1759235
0.1759235
0.1820244
0.2034967
0.2022752
0.1603078
0.0946726
0.07149185
0.07149185
0.09271986
0.1058958
0.07954396
-0.01659124
-0.07978825
-0.1134593
-0.09662377
-0.08613191
-0.08613191
-0.09881923
-0.1342003
-0.1742166
-0.1598208
-0.1410325
-0.1464006
-0.1464006
-0.1881238
-0.1795846
-0.1795846
-0.1739723
-0.1876367
-0.2066677
-0.2388762
-0.2149641
-0.1956873
-0.1956873
-0.2083762
-0.2127687
-0.216184
-0.1873925
-0.1385928
-0.1385928
-0.1076042
-0.1385928
-0.2181367
-0.2364364
-0.2383876
-0.1754364
-0.1259039
