0.2615683
0.2339967
0.249368
0.2491238
0.2486367
0.255956
0.2718159
0.2718159
0.2898713
0.3254966
0.3259837
0.2974364
0.2622997
0.2676677
0.2676677
0.1859283
0.1859283
0.1239527
0.06099999
0.07661564
0.1102882
0.115412
0.115412
0.01464006
-0.1017476
-0.1781205
-0.2540033
-0.2947524
-0.4004039
-0.5348485
-0.6424527
-0.6424527
-0.752008
-0.8239884
-0.9169526
-1.025532
-1.036513
-1.037733
-1.098
-1.098
-1.11386
-1.146068
-1.196332
-1.24562
-1.267824
-1.244156
-1.211216
-1.211216
-1.198527
-1.16144
-1.180716
-1.189255
-1.191697
-1.165588
-1.132159
-1.075796
-1.075796
-1.057497
-1.039928
-1.008695
-0.9594086
-0.9713646
-0.9545276
-0.9545276
-0.9220763
-0.8954803
-0.9049966
-0.9357393
-0.9457442
-0.9657522
-0.8840113
-0.8840113
-0.9930797
-1.006988
-1.077016
-1.123865
-1.180961
-1.204384
