0.1595765
0.1424967
0.1144364
0.1144364
0.0863762
0.04294459
0.02586322
0.02562049
0.04196744
0.07295601
0.07295601
0.1056515
0.1356644
0.1664087
0.1944674
0.2300928
0.2420488
0.2635195
0.2615683
0.2615683
0.2622997
0.2486367
0.2269201
0.2154527
0.2139885
0.2037394
0.2037394
0.1717753
0.1493274
0.1200472
0.09101141
0.03293975
-0.01220031
-0.06295273
-0.1302964
-0.2242361
-0.2242361
-0.3130521
-0.3821042
-0.4504234
-0.5336285
-0.6146367
-0.6939363
-0.6939363
-0.74542
-0.8213044
-0.8781562
-0.9208565
-0.9369607
-0.9181725
-0.9159755
-0.9208565
-0.9208565
-0.9296399
-0.9054836
-0.8893794
-0.8935276
-0.8776676
-0.843508
-0.843508
-0.80642
-0.8032475
-0.827648
-0.8198403
-0.8234999
-0.8078842
-0.7800683
-0.7800683
-0.7878761
-0.7807996
-0.7646953
-0.7197996
-0.7097963
-0.7124803
-0.7517637
-0.7710406
-0.7710406
-0.7707963
