0.6585553
0.6892996
0.6566041
0.6566041
0.6046318
0.5731562
0.5409478
0.4809234
0.3979641
0.3979641
0.3708794
0.3823484
0.3562394
0.2666921
0.1395684
0.04001627
0.03611235
0.03611235
-0.02854726
-0.1066286
-0.1954446
-0.244
-0.3006075
-0.2727915
-0.2640081
-0.3403794
-0.3403794
-0.4079674
-0.401868
-0.4494478
-0.5311888
-0.4557915
-0.4435927
-0.5624201
-0.5624201
-0.6187833
-0.6324478
-0.5794999
-0.5131319
-0.4887312
-0.4875113
-0.4875113
-0.5031285
-0.5004445
-0.4553045
-0.4372475
-0.4672605
-0.4209006
-0.368684
