0.7390764
0.7415162
0.7566448
0.7566448
0.752008
0.7373679
0.7298044
0.7129673
0.6968647
0.6783207
0.6783207
0.6736839
0.6619722
0.6685601
0.6778321
0.6585553
0.6197605
0.6197605
0.5865764
0.5885276
0.5992637
0.5731562
0.5170358
0.4616481
0.4326123
0.4226075
0.3691725
0.3691725
0.3191514
0.310368
0.2979234
0.2774283
0.2322882
0.1446922
0.07002769
0.07002769
0.03171987
0.01707981
-0.02342347
-0.0353795
-0.02928012
-0.08369216
-0.2178925
-0.2178925
-0.2391205
-0.2391205
-0.2396075
-0.2710846
-0.3086596
-0.2893843
