0.25864
0.1707997
0.0780798
0.04879968
0.007807824
-0.003659626
-0.02171658
-0.1024804
-0.1693355
-0.2081319
-0.2542475
-0.2803566
-0.3003647
-0.3184201
-0.3211042
-0.326228
-0.331596
-0.352824
-0.3811286
-0.4184592
-0.3952801
-0.401868
-0.4555487
-0.5192327
-0.5670553
-0.6344005
-0.6829559
-0.7102833
-0.7302914
-0.7661595
-0.7986122
-0.8259396
-0.8644917
-0.9181725
-0.9596514
-1.021873
-1.065304
-1.074576
-1.066524
-1.062376
-1.044563
-1.014063
-0.9930797
-0.9513565
-0.9142686
-0.8657116
-0.8642474
-0.8964559
-0.9071921
-0.9123158
-0.9342767
-0.9452556
-0.9535519
-0.9569673
-0.9503794
-0.9516008
-0.9457442
-0.9372035
-0.9367164
-0.9374477
-0.9203679
-0.9096318
-0.8920634
-0.8844998
-0.8764477
-0.8469234
-0.8374086
-0.8152035
-0.7717718
-0.7354168
-0.6985716
-0.6729527
-0.6475764
-0.6219559
-0.5697393
-0.5367996
-0.5206954
-0.4928794
-0.4550602
-0.4209006
-0.3825927
-0.3599006
-0.3486758
-0.3401367
-0.2996319
-0.2691319
-0.2474153
-0.1898322
-0.1342003
-0.09589247
-0.0863762
-0.06807651
-0.03757652
-0.02879155
-0.03074428
-0.01756838
-0.01024758
-0.009760559
0.002195464
0.01537136
0.02610751
0.03489248
0.04050328
0.04757981
0.06392831
0.1146807
0.16714
0.2125244
0.2415602
0.246684
0.2781596
0.2825521
0.2720602
0.277184
0.3091482
0.3269593
0.3164674
0.3086596
0.316956
0.316956
0.2945081
0.2542475
0.2413159
0.2359478
0.2608355
0.3179316
0.3357442
