0.1534756
0.1529886
0.1529886
0.1988599
0.2449756
0.2461954
0.2461954
0.2640081
0.2640081
0.2566873
0.2566873
0.2110602
0.2110602
0.2034967
0.1832443
0.05343645
0.05343645
-0.02586322
-0.02586322
-0.1466433
-0.2171596
-0.2937768
-0.3603876
-0.3877165
-0.3891807
-0.4218761
-0.5294803
-0.5860879
-0.6195162
-0.6258599
-0.6529445
-0.6529445
-0.6622165
-0.6622165
-0.5863321
-0.5863321
-0.7032083
-0.7032083
-0.7407833
-0.7559119
-0.7559119
-0.7559119
-0.6819803
-0.7154086
-0.7517637
-0.7646953
-0.7781155
-0.7781155
-0.7005243
-0.7005243
-0.7000358
