0.6649005
0.6892996
0.6892996
0.6936921
0.6824673
0.6734396
0.6622165
0.6595324
0.6595324
0.6595324
0.6656318
0.6658761
0.66978
0.6634364
0.6463565
0.6329364
0.6241514
0.6241514
0.6097556
0.5948713
0.5677882
0.53314
0.50264
0.4699445
0.4267556
0.3933273
0.3933273
0.3677084
0.3071954
0.1881238
0.06783222
-0.07368731
-0.1315162
-0.1315162
-0.1761677
-0.2198436
-0.3276921
-0.3679527
-0.3154918
-0.3079283
-0.3245195
-0.3640487
-0.3640487
-0.4399315
-0.493368
-0.48678
-0.4872686
-0.5429006
-0.5429006
-0.5873078
-0.5873078
-0.5973126
