0.6212246
0.6451367
0.6622165
0.6548957
0.6258599
0.6073158
0.6073158
0.5873078
0.5899917
0.5956041
0.5956041
0.6029234
0.6109755
0.5931644
0.5665683
0.5665683
0.5526595
0.5660797
0.5504641
0.5011758
0.4958077
0.5048354
0.4467638
0.4467638
0.3403794
0.2740114
0.2557117
0.2181367
0.07832409
0.04806838
0.0829593
0.0829593
0.1503045
0.08344787
0.01585994
0.01585994
-0.01610422
-0.01659124
-0.01659124
-0.07929967
-0.1373713
-0.183
-0.1964201
-0.22814
-0.2762084
-0.3172003
-0.3172003
-0.3140276
-0.3579478
-0.3808843
-0.3967442
-0.3764918
