-0.04660422
0.04392018
0.04392018
0.09711234
0.09906352
0.06661235
0.05734036
0.04587136
0.04611564
0.04611564
0.02952441
0.03659937
0.03830782
0.02781596
0.01537136
0.01342018
0.02025242
0.02025242
0.04635993
0.07198042
0.06929639
0.09759936
0.08418074
0.06441533
0.06441533
0.07783552
0.06465962
0.0468485
0.02342347
0.03220844
0.04538434
0.04392018
0.01073615
0.01000329
0.01000329
-0.05929154
-0.1932475
-0.2820635
-0.3269593
-0.3562394
-0.3708794
-0.4050406
-0.4050406
-0.4514005
-0.4440797
-0.4228517
-0.4194364
-0.4343207
-0.4826318
-0.4826318
-0.514596
-0.5392393
-0.5407035
-0.5582719
-0.5970683
-0.6319607
-0.6319607
-0.630008
-0.630008
-0.6043875
-0.5777915
-0.5612002
-0.5497327
-0.5382637
-0.5348485
-0.5163044
-0.5163044
-0.5141074
-0.5016644
-0.5043485
-0.5009316
-0.4980048
-0.4687246
-0.4584755
-0.4584755
-0.4477394
-0.4465195
-0.4584755
-0.4592084
-0.4633566
-0.4775081
-0.4743355
-0.4799478
-0.4799478
-0.2381433
-0.3191514
-0.5982882
-0.7341954
-0.62464
