0.2591286
0.2488795
0.2644967
0.2818208
0.2642524
0.2371677
0.2191123
0.2191123
0.2659593
0.2940195
0.2598599
0.2405846
0.1915407
0.1788518
0.2169153
0.2169153
0.1788518
0.1298078
0.07100328
0.04440875
0.04465148
0.03171987
0.03171987
-0.1012605
-0.1012605
-0.1451807
-0.1210244
-0.09564818
-0.1137036
-0.1137036
-0.1803159
-0.2252117
-0.2252117
-0.2149641
-0.1754364
-0.1678713
-0.1952003
-0.2383876
-0.2527834
-0.2588843
-0.2588843
-0.2317996
-0.2093518
-0.2149641
-0.2330195
-0.2459527
-0.2503436
-0.2215521
-0.1869039
-0.1893436
-0.1893436
-0.2052036
-0.2159397
-0.2159397
-0.2276514
-0.1893436
-0.1893436
-0.1869039
-0.1827557
-0.1761677
-0.1754364
-0.1256596
-0.1256596
-0.2152084
-0.2332638
-0.2130114
-0.1532313
