0.02854726
-0.01293161
-0.02854726
-0.04001627
-0.02000813
0.006832235
0.01878826
0.03440391
0.04514005
0.04538434
0.06173129
0.06368402
0.05734036
0.04562863
0.04611564
0.02000813
-0.01634851
-0.05001955
-0.0649039
-0.0829593
-0.1395684
-0.1507915
-0.1666515
-0.1973957
-0.2242361
-0.2293599
-0.2361921
-0.2518078
-0.2713273
-0.2886514
-0.3042687
-0.3245195
-0.3535554
-0.3701482
-0.3979641
-0.4357834
-0.4572556
-0.4919038
-0.5141074
-0.5453403
-0.5790113
-0.6082914
-0.6517246
-0.7115048
-0.7437116
-0.77714
-0.8174005
-0.8444836
-0.8747393
-0.9169526
-0.9650194
-0.9930797
-0.9864917
-0.9830763
-0.9694119
-0.9567246
-0.9572116
-0.9569673
-0.9516008
-0.9481839
-0.9411073
-0.9328125
-0.9267116
-0.9189038
-0.9311041
-0.9335438
-0.9245161
-0.9272001
-0.9508679
-0.9367164
-0.9228077
-0.9242718
-0.9245161
-0.9215878
-0.9086562
-0.9076806
-0.8913321
-0.8769363
-0.8508288
-0.8288679
-0.8174005
-0.8030047
-0.7939755
-0.7810438
-0.7573761
-0.7346839
-0.7093077
-0.7034526
-0.691008
-0.6741725
-0.6661204
-0.6573354
-0.6570927
-0.6414755
-0.6024364
-0.5880406
-0.5429006
-0.5106921
-0.4862915
-0.4648207
-0.4399315
-0.4238273
-0.3913761
-0.3633159
-0.340868
-0.3181759
-0.2847475
-0.2508322
-0.2305798
-0.1981286
-0.1554283
-0.1071156
-0.03074428
-0.04148043
-0.1032117
-0.08027527
-0.04270031
-0.01756838
0.008296397
0.01464006
0.0173241
0.1407882
0.1471319
0.09613676
0.06343974
0.06954067
0.03464819
-0.03220844
0.04318732
