0.3701482
0.3611204
0.3459918
0.2879201
0.2644967
0.2405846
0.2562003
0.2562003
0.2964593
0.3389153
0.3459918
0.3164674
0.2993876
0.2993876
0.2962165
0.2964593
0.3301319
0.3633159
0.3259837
0.3135406
0.3006075
0.3084153
0.3084153
0.3335488
0.3325716
0.3028045
0.2566873
0.2564445
0.2591286
0.2464397
0.2464397
0.1793403
0.08466775
0.03171987
0.02415633
0.05270359
0.05270359
0.06807651
0.004636771
0.004636771
-0.01585994
-0.02659608
-0.03391533
-0.07612862
-0.1234641
-0.1500602
-0.1500602
-0.1700684
-0.2000798
-0.2093518
-0.225456
-0.2403403
-0.2181367
-0.2147198
-0.2522964
-0.2923126
-0.2923126
-0.2752313
-0.2422915
-0.2022752
-0.1954446
-0.2103274
-0.2178925
-0.2178925
-0.2142313
-0.2156954
-0.2022752
-0.1873925
-0.1825114
-0.1420081
-0.1420081
-0.1046759
-0.1420081
-0.1722638
-0.1707997
-0.09442831
