0.04367589
0.05734036
0.06148856
0.07246744
0.07759123
0.08344787
0.07588433
0.07588433
0.05685179
0.03342832
-0.006832235
-0.06173129
-0.09345272
-0.09345272
-0.1454235
-0.1454235
-0.1593322
-0.1803159
-0.1861726
-0.1932475
-0.2056921
-0.2252117
-0.2479039
-0.2479039
-0.2574202
-0.2649837
-0.2849918
-0.3203713
-0.3320846
-0.3633159
-0.401868
-0.401868
-0.4435927
-0.4733599
-0.4853159
-0.4980048
-0.5433875
-0.5738875
-0.5738875
-0.5921888
-0.6178077
-0.6329364
-0.6624607
-0.6749038
-0.6849086
-0.697596
-0.7178484
-0.7407833
-0.7407833
-0.7500553
-0.749324
-0.77592
-0.8027604
-0.8027604
-0.8230113
-0.8230113
-0.8247197
-0.8171562
-0.7912914
-0.7793354
-0.7727475
-0.76128
-0.7259005
-0.7259005
-0.725412
-0.7088207
-0.7036954
-0.6966204
-0.7039396
