0.04562863
0.04806838
0.06929639
0.07173613
0.07100328
0.06173129
0.05294788
0.05294788
0.02976869
0.02976869
0.0090277
-0.02732738
-0.06343974
-0.09003583
-0.1105325
-0.1105325
-0.1376156
-0.1656759
-0.1854397
-0.1971515
-0.2095961
-0.2330195
-0.2859674
-0.2859674
-0.3489201
-0.4104087
-0.4594527
-0.5089837
-0.5690081
-0.6219559
-0.6219559
-0.6639234
-0.6988158
-0.7363924
-0.7681122
-0.8059315
-0.7932442
-0.8022718
-0.8298435
-0.8298435
-0.9013354
-0.9838077
-1.02114
-1.000156
-0.9684363
-0.9406204
-0.9306155
-0.9306155
-0.9486725
-0.9659966
-0.9781953
-0.9930797
-1.001132
-0.9977164
-0.9930797
-0.9996676
-1.009917
-0.9925926
-0.9652637
-0.9489167
-0.9567246
-0.9567246
-0.9706318
-0.9752685
-0.9752685
-0.9652637
-0.9569673
-0.9440357
-0.9311041
-0.9311041
-0.9052393
-0.8730324
-0.8425324
-0.8144721
-0.7820194
-0.7678679
-0.7500553
-0.7232165
-0.7232165
-0.6895438
-0.6663647
-0.6226888
-0.5809641
-0.53314
-0.5016644
-0.4789722
-0.4789722
-0.404552
-0.404552
-0.3533126
-0.3296433
-0.2979234
-0.2710846
-0.2386319
-0.1988599
-0.1698241
-0.1698241
-0.1373713
-0.1010163
-0.06319545
-0.02293646
0.01585994
0.06661235
0.08784036
0.09515961
0.09320843
0.09320843
0.08735178
0.09930781
0.07490875
0.06563676
0.07588433
0.07588433
0.1056515
0.1056515
0.09540389
0.09149998
0.09247557
0.07295601
0.06929639
0.06929639
0.05538763
0.06148856
0.07929967
0.09076868
0.08613191
