0.051728
0.07515148
0.06368402
0.06368402
0.04221173
0.02781596
0.02122801
0.02195931
0.02195931
0.005123788
-0.0263518
-0.05538763
-0.08247229
-0.1083355
-0.1368843
-0.1556726
-0.1466433
-0.1766563
-0.1766563
-0.2386319
-0.2979234
-0.3386725
-0.3628273
-0.3855195
-0.3947915
-0.4379804
-0.4379804
-0.4704315
-0.4928794
-0.5167915
-0.5438761
-0.5592475
-0.5819396
-0.5819396
-0.5985324
-0.627324
-0.6541644
-0.6502604
-0.6527002
-0.6783207
-0.6958875
-0.6958875
-0.6885683
-0.68564
-0.6819803
-0.6819803
-0.6766123
-0.6714885
-0.6714885
-0.65514
-0.6602637
-0.6602637
-0.6646562
-0.6795406
-0.6812475
-0.6753924
-0.6714885
-0.6675845
-0.6675845
-0.6653875
-0.6651433
-0.6712442
-0.6417198
-0.6714885
-0.667096
-0.6668517
-0.6668517
-0.6673403
