0.06734365
0.07515148
0.08247229
0.08735178
0.08735178
0.0912557
0.0912557
0.09271986
0.09881923
0.09345272
0.09637949
0.09515961
0.09515961
0.1000407
0.100772
0.1132166
0.1039446
0.09369545
0.08759607
0.08759607
0.08344787
0.08344787
0.08076384
0.08173943
0.08173943
0.07515148
0.07588433
0.06856353
0.04733552
0.04733552
0.02684037
0.01585994
0.002439751
-0.03074428
-0.05319216
-0.06099999
-0.06099999
-0.0739316
-0.09613676
-0.1268795
-0.1590879
-0.1893436
-0.2074006
-0.2461954
-0.2979234
-0.2979234
-0.3274478
-0.3420879
-0.3735635
-0.4177279
-0.4374918
-0.4374918
-0.462868
-0.462868
-0.4921481
-0.5321644
-0.5377768
-0.5429006
-0.5612002
-0.612684
-0.612684
-0.6417198
-0.6617279
-0.6729527
-0.6763679
-0.6902767
-0.6963761
-0.6705113
-0.6495276
-0.6436725
-0.6436725
-0.6424527
-0.6314722
-0.6165879
-0.6068273
-0.5953599
-0.5953599
-0.6021921
-0.6021921
-0.6119527
-0.612684
-0.6151237
-0.6383044
-0.6527002
-0.6527002
-0.6292768
-0.6143924
-0.6092686
-0.6078044
-0.6251285
-0.6351318
