-0.006343663
-0.009271986
0.008783413
0.01634851
0.0004885725
-0.003903912
0.01098043
0.04489577
0.051728
0.08735178
0.06954067
0.06954067
-0.01293161
-0.01293161
-0.05490061
-0.05490061
-0.1444479
-0.1444479
-0.1729967
-0.1995928
-0.2291156
-0.2291156
-0.2754755
-0.2754755
-0.3367198
-0.371368
-0.3938159
-0.3938159
-0.4121156
-0.4401758
-0.4836074
-0.5170358
-0.5170358
-0.5665683
-0.6444038
-0.6563599
-0.6763679
-0.6822246
-0.6822246
-0.6914966
-0.6966204
-0.70028
-0.70028
-0.6841758
-0.7244363
-0.7061366
-0.6983273
-0.7146758
-0.7146758
-0.721508
-0.7171155
-0.7176041
-0.7244363
-0.7271204
-0.7271204
-0.7190683
-0.7190683
-0.7302914
-0.7302914
-0.7546921
-0.7437116
-0.7481041
-0.7468842
-0.7468842
-0.7585959
