0.09662377
0.09662377
0.09662377
0.1095554
0.1095554
0.1095554
0.2115488
0.261324
0.261324
0.2940195
0.2942638
0.2942638
0.2481482
0.1927605
0.1927605
-0.02659608
-0.02659608
-0.02659608
-0.127368
-0.1915407
-0.1915407
-0.3635602
-0.3879592
-0.3879592
-0.5511954
-0.5511954
-0.5743761
-0.5743761
-0.5743761
-0.8335047
-0.8335047
-0.8652246
-0.8766921
-0.8766921
-0.8449721
-0.8539999
-0.8539999
-0.8278924
-0.8278924
-0.8278924
-0.8139836
-0.7932442
-0.7932442
-0.7786041
-0.7786041
-0.7778713
-0.7615243
