0.01000329
0.01024758
0.03001142
0.03001142
0.02269217
0.0263518
0.04050328
0.04587136
0.04245602
0.02781596
0.01415149
0.01415149
0.007076522
-0.01098043
-0.03318403
-0.05270359
-0.07588433
-0.08588763
-0.122
-0.122
-0.1520114
-0.2022752
-0.234728
-0.2654723
-0.2693762
-0.2967035
-0.2967035
-0.3447719
-0.401868
-0.4704315
-0.5216725
-0.5602247
-0.5985324
-0.6297637
-0.630008
-0.630008
-0.6666074
-0.7044282
-0.73078
-0.7315113
-0.73078
-0.7283403
-0.7180927
-0.7151644
-0.7151644
-0.7034526
-0.6800276
-0.6705113
-0.6595324
-0.6519673
-0.6353761
-0.6207361
-0.6207361
-0.6048761
-0.5987768
-0.5943843
-0.5963354
-0.5917002
-0.5890162
-0.5890162
-0.5841367
-0.5780358
-0.5829168
-0.5834038
-0.5668126
-0.5612002
-0.6261041
-0.6261041
-0.5831595
-0.6053647
-0.5655927
-0.6204917
