0.03830782
0.04343161
0.05563192
0.05807167
0.04562863
0.03830782
0.03830782
0.03269546
0.02562049
-0.0007313028
-0.02708466
-0.02513192
-0.0214723
-0.0509967
-0.0509967
-0.08588763
-0.1254153
-0.1468876
-0.1710439
-0.1910521
-0.2032524
-0.2032524
-0.2171596
-0.2337524
-0.2627882
-0.2945081
-0.3164674
-0.3328159
-0.3530683
-0.3711237
-0.3711237
-0.4033322
-0.4233403
-0.4511563
-0.4850716
-0.5250879
-0.5672996
-0.6136595
-0.6136595
-0.6304966
-0.6439168
-0.6709999
-0.7178484
-0.7178484
-0.7200438
-0.7200438
-0.7207767
-0.7551806
-0.7551806
-0.7490797
-0.7610357
-0.7639641
-0.7576204
-0.7468842
-0.7439559
-0.7439559
-0.7390764
-0.7266318
-0.7141888
-0.718824
-0.7156514
-0.7222393
-0.7202882
-0.7202882
-0.7200438
-0.709552
-0.6951562
-0.6954005
-0.7029641
-0.7261432
-0.7110162
-0.7110162
-0.70028
-0.70028
-0.6897882
-0.7085764
-0.7134559
