-0.01683552
-0.02391205
-0.006343663
-0.006343663
-0.03586807
-0.02537621
-0.01878826
-0.03025571
-0.03904068
-0.05075242
-0.05636477
-0.04196744
-0.04196744
-0.02366776
-0.01854397
-0.003172609
-0.01293161
-0.00561236
0.006587949
0.006587949
0.009760559
0.0131759
0.02244788
0.01122472
0.002439751
0.004148198
-0.009516273
-0.006099377
-0.006099377
-0.004636771
-0.0090277
-0.002684037
0.007807824
0.0090277
0.004392485
-0.01268733
-0.01268733
-0.003659626
0.01683552
0.02757167
0.02781596
0.02562049
0.02562049
0.008296397
0.002928323
-0.01049186
-0.02195931
-0.03293975
-0.04148043
-0.06563676
-0.1005277
-0.1005277
-0.131272
-0.1707997
-0.2039837
-0.2269201
-0.2684006
-0.3096367
-0.3457475
-0.3601433
-0.3601433
-0.3869837
-0.4030879
-0.4104087
-0.4313924
-0.4643322
-0.4897084
-0.5126433
-0.5126433
-0.5346041
-0.5346041
-0.5324087
-0.5612002
-0.5868207
-0.5943843
-0.5943843
-0.6131725
-0.6624607
-0.6993044
-0.7039396
-0.7180927
-0.7534721
-0.7668924
-0.7851921
-0.7851921
-0.8466806
-0.8810845
-0.8630276
-0.8437523
-0.8364315
-0.8144721
-0.8144721
-0.7969038
-0.7969038
-0.7927556
-0.779824
-0.7600601
-0.7512767
-0.7417604
-0.7327327
-0.7327327
-0.7346839
-0.7402963
-0.7442002
-0.7332197
-0.7173598
-0.7083321
-0.7083321
-0.6812475
-0.6812475
-0.6744168
-0.6797833
-0.6714885
-0.6487963
-0.6487963
-0.6492833
-0.6558728
-0.6544086
-0.6539201
-0.66978
-0.6802719
-0.6663647
-0.664412
-0.6819803
-0.6819803
-0.6746595
-0.6780764
-0.6714885
-0.6902767
-0.6834445
-0.6800276
-0.6756366
-0.6834445
