0.1512801
0.1529886
0.1705554
0.1705554
0.2034967
0.2078876
0.1956873
0.1817801
0.1517687
0.1290765
0.1344446
0.1344446
0.1402997
0.05953583
-0.03025571
-0.08271657
-0.1117524
-0.1088241
-0.1444479
-0.1444479
-0.1834885
-0.2017882
-0.2344837
-0.2562003
-0.2949966
-0.3340358
-0.3969885
-0.4555487
-0.4555487
-0.5177686
-0.6151237
-0.7603044
-0.8601008
-0.9293956
-1.002352
-1.002352
-1.087019
-1.09922
-1.065791
-0.9996676
-1.009917
-0.9940552
-0.9940552
-0.9825878
-0.9362279
-0.8840113
-0.8327718
-0.8659559
-0.8305764
