-0.0829593
-0.0829593
-0.08442346
-0.08808465
-0.0780798
-0.0780798
-0.0829593
-0.08784036
-0.08588763
-0.08979154
-0.09003583
-0.08930452
-0.08979154
-0.08979154
-0.08418074
-0.08418074
-0.07612862
-0.07612862
-0.08540061
-0.09442831
-0.09662377
-0.09247557
-0.09247557
-0.08735178
-0.08735178
-0.08076384
-0.06709937
-0.07442018
-0.06392831
-0.08662049
-0.1151677
-0.1342003
-0.1342003
-0.2310683
-0.2310683
-0.3974755
-0.3974755
-0.4755553
-0.4755553
-0.5853565
-0.5853565
-0.6295195
-0.6295195
-0.8144721
-0.8144721
-0.9281757
-0.9281757
-0.9940552
-0.9940552
-0.9940552
-1.0492
-1.0492
-1.014308
-1.014308
-1.026996
-1.026996
-1.016016
-1.001376
-1.001376
-0.9725845
-0.9725845
-0.9364721
-0.9232963
-0.9054836
-0.8988956
-0.89792
-0.89792
-0.9020683
-0.9020683
-0.9891757
-0.9891757
-0.9903956
