0.1068713
0.1002834
0.07978825
0.07905539
0.07905539
0.09223129
0.1093127
0.1168762
0.1195602
0.1210244
0.1522557
0.1522557
0.2122801
0.2461954
0.2269201
0.1561596
0.07954396
0.004879501
-0.08564334
-0.1378599
-0.1378599
-0.1961759
-0.2688876
-0.3052442
-0.4169966
-0.4975162
-0.5521725
-0.5863321
-0.5863321
-0.6439168
-0.7334641
-0.8237442
-0.9335438
-0.8976758
-0.8588794
-0.8722996
-1.032365
-1.032365
-1.240252
-1.222197
-1.067011
-0.8906008
-0.8278924
-0.7881204
-0.77592
-0.8120324
-0.8120324
-0.8691285
-0.8993842
-0.8852327
-0.8852327
-0.8749836
-0.8666887
