0.0263518
0.01268733
0.00561236
0.01659124
0.01659124
0.02806024
0.03879639
0.03342832
0.02244788
0.02195931
0.02415633
0.03415962
0.03879639
0.03440391
0.04587136
0.04587136
0.04538434
0.05758465
0.06148856
0.06685664
0.0739316
0.07881266
0.07881266
0.06392831
0.05709608
0.05368074
0.051728
0.02342347
-0.001708448
-0.03391533
-0.03391533
-0.07198042
-0.110044
-0.1603078
-0.2078876
-0.2452198
-0.2710846
-0.2710846
-0.3150032
-0.3498957
-0.3735635
-0.4216318
-0.4423713
-0.4958077
-0.4692117
-0.5102035
-0.5102035
-0.5033713
-0.5328957
-0.5612002
-0.5653484
-0.5851123
-0.5965797
-0.5965797
-0.6146367
-0.6326921
-0.6409885
-0.6351318
-0.6322035
-0.6397686
-0.6414755
-0.6414755
-0.6312279
-0.6356204
-0.6217116
-0.6065845
-0.5865764
-0.5965797
-0.5965797
-0.6173207
-0.6173207
-0.6175634
-0.6146367
-0.6102442
-0.6187833
-0.5819396
-0.6356204
-0.6356204
-0.606096
-0.5936514
