-0.06221987
-0.02537621
-0.04318732
-0.04318732
-0.02586322
-0.03855211
-0.04538434
-0.04148043
-0.05050813
-0.04611564
-0.04611564
-0.0641726
-0.06612378
-0.06856353
-0.07539576
-0.08857166
-0.08857166
-0.08076384
-0.08344787
-0.08344787
-0.08344787
-0.07076055
-0.06685664
-0.07490875
-0.07929967
-0.07417589
-0.06221987
-0.06783222
-0.06783222
-0.07100328
-0.06514819
-0.06807651
-0.07515148
-0.06783222
-0.06685664
-0.06636807
-0.06636807
-0.05319216
-0.04074757
-0.04343161
-0.04123614
-0.03147558
-0.01829969
-0.02293646
-0.02293646
-0.02806024
-0.04050328
-0.05392347
-0.05782738
-0.06514819
-0.07051627
-0.0732003
-0.07173613
-0.07100328
-0.07100328
-0.06734365
-0.06831924
-0.0690521
-0.06612378
-0.06148856
-0.05612049
-0.04904397
-0.04904397
-0.05197229
-0.05123943
-0.04221173
-0.03001142
-0.02440062
-0.02098372
-0.006343663
-0.006343663
0.01366447
0.0312313
0.03904068
0.02537621
-0.005123788
-0.03781925
-0.06587949
-0.06587949
-0.09028011
-0.1244397
-0.1566482
-0.2049593
-0.2413159
-0.2725488
-0.2725488
-0.3084153
-0.3369641
-0.4008924
-0.3840553
-0.4943436
-0.5882833
-0.5831595
-0.5831595
-0.630008
-0.6912523
-0.5787686
-0.6441595
-0.6756366
-0.6756366
-0.6973517
-0.7227279
-0.7227279
-0.7627442
-0.8032475
-0.8054445
-0.7768956
-0.7961725
-0.8266725
-0.8266725
-0.8298435
-0.8252083
-0.8400927
-0.8618077
-0.8854755
-0.8854755
-0.8815715
-0.8854755
-0.8891366
-0.91378
-0.91378
-0.9498923
-0.9799038
-0.9764884
-0.9755128
-0.9572116
-0.9572116
-0.9413517
-0.9215878
-0.9018239
-0.8874282
-0.8779119
-0.8864526
-0.8786448
-0.8786448
-0.8588794
-0.8439966
-0.8400927
-0.8366758
-0.8220357
-0.8220357
-0.8217914
-0.8120324
-0.8120324
-0.7817767
-0.8071514
-0.8171562
-0.8100797
-0.8117881
-0.8117881
-0.8093484
