0.08759607
0.1117524
0.1117524
0.1488404
0.16714
0.1715325
0.1705554
0.1661644
0.16714
0.16714
0.1634804
0.1566482
0.1473762
0.1437166
0.1290765
0.1290765
0.1188274
0.08906023
0.05368074
0.01293161
-0.01220031
-0.06685664
-0.1112638
-0.1607964
-0.2115488
-0.2115488
-0.2579087
-0.3311075
-0.3977198
-0.469456
-0.5336285
-0.5902361
-0.6531872
-0.6531872
-0.7173598
-0.7942197
-0.8713239
-0.9433044
-0.9706318
-0.9913728
-1.003329
-1.025532
-1.025532
-1.035536
-1.041879
-1.037
-1.043101
-1.047005
-1.047005
-1.044076
-1.021384
-1.03212
-1.055057
-1.057008
-1.056277
-1.053104
-1.048225
-1.048225
-1.036756
-1.048225
-1.03578
-1.003329
-0.9786839
-0.9659966
-0.9579445
-0.937692
-0.937692
-0.9228077
-0.9030438
-0.9023125
-0.9110959
-0.9135357
-0.9008484
-0.9074363
-0.9074363
-0.9193923
-0.9311041
-0.9423288
-0.9552604
-0.9606284
-0.9762442
-0.9852718
