-0.05075242
-0.051728
-0.04928825
-0.04928825
-0.05368074
-0.05538763
-0.05538763
-0.0468485
-0.0468485
-0.04026055
-0.03513677
-0.03684366
-0.03684366
-0.02171658
-0.01927527
-0.01927527
-0.01390876
-0.01171174
-0.004392485
-0.007563538
-0.02342347
-0.02342347
-0.06392831
-0.08076384
-0.1381042
-0.1381042
-0.1930033
-0.1930033
-0.2588843
-0.2588843
-0.3174445
-0.3174445
-0.4038208
-0.4284641
-0.4370048
-0.4606725
-0.4687246
-0.4687246
-0.5416806
-0.5416806
-0.6241514
-0.6241514
-0.6668517
-0.688324
-0.688324
-0.7044282
-0.7115048
-0.7251676
-0.7251676
-0.7617686
-0.7617686
-0.7617686
-0.7542035
-0.7534721
-0.7534721
-0.7522523
-0.7522523
-0.7522523
-0.7463956
-0.7463956
