-0.8852327
-0.8644917
-0.8559526
-0.8125194
-0.77714
-0.77714
-0.7712833
-0.8413125
-0.8737637
-0.9052393
-0.9162197
-0.9608728
-0.9862474
-0.95892
-0.95892
-0.9459884
-0.9081676
-0.8615634
-0.8134966
-0.7795797
-0.7468842
-0.7468842
-0.7171155
-0.6914966
-0.6780764
-0.6788077
-0.6636806
-0.6617279
-0.6229315
-0.5448517
-0.5092279
-0.481412
-0.481412
-0.4650635
-0.4882442
-0.47214
-0.4631123
-0.4631123
-0.4804364
-0.4633566
-0.4516433
-0.4167524
-0.3996725
-0.3494087
-0.3296433
-0.3296433
-0.3230554
-0.3081726
-0.3010961
-0.2825521
-0.2810879
-0.2947524
-0.3001204
-0.3001204
-0.3113436
-0.3308647
-0.3537996
-0.3850325
-0.408456
-0.4372475
-0.4570113
-0.4562801
-0.4562801
-0.4799478
-0.5389966
-0.5602247
-0.5899917
-0.6053647
-0.6073158
-0.6073158
-0.6080487
-0.603412
-0.6019478
-0.6146367
-0.6463565
-0.6783207
-0.7542035
-0.7927556
-0.7927556
-0.8195959
-0.8374086
-0.8374086
-0.8427767
-0.8371643
-0.8364315
-0.8364315
-0.83814
-0.8349673
-0.8344803
-0.8591236
-0.8683956
-0.8823044
-0.9052393
-0.9052393
-0.909876
-0.9203679
-0.9232963
-0.9406204
-0.94428
-0.9486725
-0.9486725
-0.9345194
-0.9398875
-0.9450113
-0.9391562
-0.9364721
-0.9413517
-0.9445242
-0.9413517
-0.9413517
-0.9433044
-0.9367164
-0.9484282
-0.9545276
-0.9518435
-0.9457442
-0.9716073
-0.9716073
-0.9618484
-0.9647767
-0.9608728
-0.9545276
-0.9540405
-0.9479396
