-0.9657522
-0.9755128
-0.9755128
-0.9940552
-0.9786839
-0.9974721
-1.012601
-1.005524
-1.00894
-1.00894
-1.011624
-0.9952767
-0.9921041
-0.9977164
-0.9811236
-0.9889315
-0.9860047
-0.9811236
-0.9918598
-0.9918598
-0.9879559
-0.9847832
-0.9996676
-0.9933239
-1.001132
-0.9945438
-0.9879559
-0.9877115
-0.9877115
-0.9796594
-0.9928353
-0.980148
-0.9796594
-0.9889315
-0.9857604
-0.9803923
-0.9803923
-0.9925926
-1.006013
-1.00772
-1.001865
-1.014552
-1.012601
-1.001132
-1.001132
-1.010159
-1.003085
-0.9911284
-0.9828321
-0.9740487
-0.9645324
-0.9484282
-0.9537963
-0.9537963
-0.9374477
-0.9347637
-0.9306155
-0.9396448
-0.9332995
-0.9313484
-0.9301285
-0.9301285
-0.9279315
-0.9115845
-0.9108517
-0.9154884
-0.9037767
-0.9037767
-0.8981643
-0.8981643
-0.8940161
-0.888648
-0.8666887
-0.862052
-0.8476562
-0.8476562
-0.8408239
-0.8408239
-0.8278924
-0.8308207
-0.8376514
-0.824964
-0.8117881
-0.8203273
-0.8203273
-0.8242327
-0.8398484
-0.8444836
-0.8496073
-0.8420438
-0.8430194
-0.8430194
-0.8286237
-0.8054445
-0.8166676
-0.8020276
-0.7908044
-0.79178
-0.7707963
-0.7542035
-0.7368794
-0.7368794
-0.7305357
-0.7356595
-0.7429803
-0.7488354
-0.7334641
-0.7368794
-0.7368794
-0.7661595
-0.7764086
-0.7895845
-0.7844607
-0.7898273
-0.7981237
-0.8025162
-0.8025162
-0.8159363
