-0.9577001
-0.9555047
-0.9555047
-0.9564803
-0.9601399
-0.9525763
-0.9523321
-0.9476953
-0.9476953
-0.9598956
-0.9591643
-0.9557474
-0.9613598
-0.9625797
-0.9542832
-0.9542832
-0.9545276
-0.9506236
-0.9450113
-0.9406204
-0.9384233
-0.9428158
-0.9303728
-0.9362279
-0.9362279
-0.9276887
-0.9071921
-0.909876
-0.9147556
-0.9001155
-0.8866953
-0.8866953
-0.9208565
-0.9208565
-0.9364721
-0.9420845
-0.9259803
-0.9186594
-0.9245161
-0.9201236
-0.9054836
-0.9054836
-0.9276887
-0.9340324
-0.9130487
-0.9040194
-0.8947474
-0.8727881
-0.8727881
-0.8561953
-0.8408239
-0.8583924
-0.8608321
-0.8613207
-0.8432637
-0.8327718
-0.8327718
-0.8327718
-0.8410683
-0.8715683
-0.8530242
-0.8183761
-0.7964168
-0.8052002
-0.8052002
-0.813008
-0.8178875
-0.8122767
-0.8083728
-0.7964168
-0.7998321
-0.8073956
-0.8073956
-0.8054445
-0.7988565
-0.7898273
-0.79178
-0.7895845
-0.7993435
-0.8027604
-0.8027604
-0.8003207
-0.7864119
-0.7864119
-0.8073956
-0.7883646
-0.8132523
-0.7927556
-0.7927556
-0.7969038
-0.8125194
-0.8200845
-0.8171562
