-0.9369607
-0.9281757
-0.9437914
-0.9437914
-0.9423288
-0.9528207
-0.9484282
-0.9498923
-0.9491594
-0.9501366
-0.9508679
-0.9508679
-0.9579445
-0.9430601
-0.9372035
-0.9228077
-0.9218321
-0.9306155
-0.9396448
-0.9396448
-0.946964
-0.9459884
-0.9354966
-0.9345194
-0.9159755
-0.8827914
-0.8718125
-0.8500959
-0.8500959
-0.8737637
-0.8835242
-0.9074363
-0.916464
-0.8840113
-0.8971887
-0.8918207
-0.8918207
-0.909876
-0.9125601
-0.9391562
-0.9113402
-0.8959673
-0.8464363
-0.8386285
-0.8386285
-0.8871839
-0.8903565
-0.8793761
-0.8376514
-0.8405797
-0.8513158
-0.8776676
-0.8505845
-0.8505845
-0.8059315
-0.7793354
-0.7881204
-0.8330162
-0.8137393
-0.7671366
-0.7790927
-0.7790927
-0.7951953
-0.8169119
-0.80642
-0.7908044
-0.77714
-0.7686008
-0.7686008
-0.7700634
-0.7749445
-0.7749445
-0.7908044
-0.7805552
-0.7600601
-0.7629884
-0.7800683
-0.7800683
-0.8047116
-0.8115438
-0.7861676
-0.7747002
-0.7703077
-0.7832393
-0.801052
-0.801052
-0.7966595
-0.7959282
-0.7878761
-0.7859234
-0.7810438
-0.7810438
-0.797148
-0.7888517
-0.7888517
-0.7854363
