-0.9203679
-0.9755128
-0.9755128
-0.9677035
-0.9579445
-0.9328125
-0.9328125
-0.9091448
-0.9296399
-0.9540405
-0.9769754
-0.97478
-0.956236
-0.9684363
-0.9591643
-0.9591643
-0.9462327
-0.9106073
-0.8784005
-0.8884038
-0.8918207
-0.8730324
-0.8730324
-0.8549755
-0.8310634
-0.8398484
-0.8564396
-0.8564396
-0.8479005
-0.8313077
-0.8313077
-0.8305764
-0.8213044
-0.8137393
-0.8232556
-0.8254526
-0.8117881
-0.7859234
-0.7859234
-0.7793354
-0.7681122
-0.7766514
-0.7695764
-0.7595716
-0.7422475
-0.7568875
-0.7761644
-0.7761644
-0.7632327
-0.7551806
-0.7481041
-0.7703077
-0.7822637
-0.7690879
-0.7539607
-0.7156514
-0.7156514
-0.7359038
-0.752008
-0.7620113
-0.7276074
-0.6309837
-0.6309837
-0.7554234
-0.8439966
-0.8371643
-0.7881204
