-0.9518435
-0.9518435
-0.9474526
-0.9608728
-0.9559917
-0.949648
-0.9845405
-0.9845405
-0.9791725
-0.9716073
-0.9738044
-0.9738044
-0.9611155
-0.9611155
-0.9406204
-0.9406204
-0.9372035
-0.9372035
-0.9486725
-0.9486725
-0.9525763
-0.9525763
-0.9603842
-0.9603842
-0.9481839
-0.9481839
-0.9457442
-0.9286643
-0.9189038
-0.9189038
-0.9193923
-0.9193923
-0.9189038
-0.9171953
-0.9140242
-0.9140242
-0.9152442
-0.9152442
-0.8920634
-0.8920634
-0.8906008
-0.8906008
-0.8525357
-0.8525357
-0.8383842
-0.8383842
-0.8374086
-0.8313077
-0.8188646
-0.8137393
-0.7900715
-0.7886074
-0.7871448
-0.7698207
-0.7585959
-0.7534721
-0.77592
-0.7756758
-0.7622556
