-0.9647767
-0.9669721
-0.9669721
-0.9969836
-0.9813679
-0.97478
-0.9728288
-0.9684363
-0.9594086
-0.9459884
-0.9396448
-0.9396448
-0.9169526
-0.9169526
-0.9142686
-0.9354966
-0.956236
-0.9750242
-0.9750242
-0.9550161
-0.9308598
-0.9308598
-0.9052393
-0.9052393
-0.9052393
-0.9247604
-0.9247604
-0.9115845
-0.9115845
-0.9035324
-0.8835242
-0.8835242
-0.8669315
-0.8313077
-0.8264282
-0.8015406
-0.8015406
-0.7556676
-0.7556676
-0.8296008
-0.8261839
-0.8112996
-0.8112996
-0.7966595
-0.7966595
-0.8100797
-0.8100797
-0.8100797
-0.7778713
-0.7490797
-0.7490797
-0.7315113
-0.7437116
-0.7327327
-0.7327327
-0.7405406
-0.7415162
-0.7334641
-0.7251676
-0.7629884
-0.7700634
-0.7576204
-0.749324
-0.7502996
-0.7502996
