-1.000156
-1.009184
-1.004549
-1.004549
-0.9950324
-0.9942995
-0.9703875
-0.9703875
-1.007233
-1.007233
-1.018456
-0.9869803
-0.9791725
-0.9791725
-0.9601399
-0.9601399
-0.9193923
-0.9193923
-0.9040194
-0.8981643
-0.8981643
-0.9001155
-0.8957246
-0.9074363
-0.9223207
-0.9301285
-0.9301285
-0.8898679
-0.874008
-0.8415568
-0.8415568
-0.7866562
-0.7866562
-0.7859234
-0.8020276
-0.9162197
-0.9162197
-0.8710797
-0.8754721
-0.8754721
-0.8559526
-0.8195959
-0.8213044
-0.80642
-0.80642
-0.7893403
-0.7978794
-0.7978794
-0.7615243
-0.7615243
-0.7615243
