-0.9369607
-0.9401318
-0.9330568
-0.9291514
-0.9291514
-0.92842
-0.9474526
-0.9540405
-0.9491594
-0.9415959
-0.9293956
-0.9223207
-0.9162197
-0.9196366
-0.9196366
-0.9311041
-0.9240276
-0.9145113
-0.9147556
-0.9093875
-0.9171953
-0.9171953
-0.9220763
-0.9167083
-0.9032881
-0.8903565
-0.8876725
-0.885964
-0.8718125
-0.8718125
-0.8888924
-0.9003598
-0.9279315
-0.9167083
-0.8967001
-0.9193923
-0.9394005
-0.9320797
-0.9320797
-0.9169526
-0.9374477
-0.949648
-0.9293956
-0.8393598
-0.8139836
-0.8244755
-0.8169119
-0.8169119
-0.8417996
-0.8325276
-0.8586366
-0.8593679
-0.8630276
-0.8615634
-0.8615634
-0.8503402
-0.8313077
-0.7864119
-0.7351725
-0.7446887
-0.7446887
-0.7815324
-0.8264282
-0.8247197
-0.7925113
-0.7890959
-0.8015406
-0.8174005
-0.8217914
-0.779824
-0.76128
-0.76128
-0.7566448
-0.7810438
-0.7900715
-0.7671366
-0.7581074
-0.7561562
-0.7883646
-0.7883646
-0.7920243
-0.7793354
-0.7751887
-0.7912914
-0.7915357
-0.8047116
-0.8047116
-0.7810438
-0.7739673
-0.7783598
-0.8161806
-0.8069086
-0.7886074
-0.7886074
-0.7898273
