-0.9596514
-0.9733158
-0.9908842
-0.9935682
-0.9977164
-1.015772
-1.015772
-1.015772
-1.01626
-0.9964966
-0.977464
-0.9764884
-0.9601399
-0.9545276
-0.9545276
-0.9332995
-0.9250047
-0.9899086
-0.9049966
-0.8942604
-0.8693728
-0.8622963
-0.9049966
-0.9120715
-0.9120715
-0.919148
-0.9235405
-0.9198794
-0.8913321
-0.8598565
-0.83814
-0.83814
-0.827648
-0.8061758
-0.7588403
-0.7190683
-0.6958875
-0.6763679
-0.6160993
-0.6160993
-0.5328957
-0.5241123
-0.5121562
-0.4804364
-0.4330993
-0.474824
-0.4567686
-0.4560358
-0.4560358
-0.4772638
-0.4843403
-0.4770195
-0.4411514
-0.4260243
-0.4121156
-0.4121156
-0.4352963
-0.4326123
-0.4401758
-0.4413957
-0.4479837
-0.4543273
-0.4574999
-0.450912
-0.450912
-0.4511563
-0.4294397
-0.4189478
-0.4121156
-0.4047963
-0.3984527
-0.3984527
-0.3879592
-0.3855195
-0.3801514
-0.3774674
-0.3752719
-0.359412
-0.4526204
-0.4753126
-0.4753126
-0.4816563
-0.4726286
-0.4709201
-0.5158159
