-0.9789281
-0.9921041
-0.9882001
-0.9882001
-0.9672164
-0.9779526
-0.9886887
-0.968192
-0.9899086
-0.9991806
-0.9967393
-0.9862474
-0.9862474
-0.9825878
-0.9745357
-0.968192
-0.9679477
-0.9647767
-0.9696562
-0.9696562
-0.9679477
-0.9598956
-0.9508679
-0.9601399
-0.9611155
-0.9728288
-0.9855161
-0.9964966
-0.9964966
-0.9903956
-0.9879559
-0.9835634
-0.9850276
-0.9816122
-0.9745357
-0.9811236
-0.9811236
-0.9635568
-0.9662408
-0.9742914
-0.9718516
-0.9611155
-0.9611155
-0.9528207
-0.9369607
-0.9291514
-0.9120715
-0.8937718
-0.8862083
-0.8884038
-0.8842556
-0.8842556
-0.8884038
-0.8862083
-0.8998728
-0.9001155
-0.8805959
-0.8659559
-0.8730324
-0.8784005
-0.8784005
-0.8710797
-0.8486318
-0.8317963
-0.8144721
-0.7883646
-0.7681122
-0.7649396
-0.7649396
-0.7742116
-0.7742116
-0.7761644
-0.7883646
-0.7722604
-0.7334641
-0.7334641
-0.7183354
-0.7283403
-0.7097963
-0.6714885
-0.6705113
-0.6971074
-0.6968647
-0.718824
-0.718824
-0.7361481
-0.7664038
-0.7995878
-0.8335047
-0.8234999
-0.8042246
-0.8042246
-0.7603044
-0.7603044
-0.7324885
-0.7219966
-0.7263875
-0.6944234
-0.70028
-0.7156514
-0.7156514
-0.7110162
-0.6963761
-0.6846644
-0.6727083
-0.6683158
-0.6892996
-0.6892996
-0.6724641
-0.6724641
-0.6517246
-0.6500162
-0.6597767
-0.6675845
-0.6675845
-0.667096
-0.6739282
-0.6719755
-0.6766123
-0.6944234
-0.6958875
-0.6800276
-0.6939363
-0.6958875
-0.6958875
-0.6878354
-0.6978403
-0.6939363
-0.6951562
-0.7168728
-0.7278517
-0.7158957
-0.7014999
