-0.9891757
-0.9845405
-0.9828321
-0.9828321
-0.9794167
-0.9794167
-0.9955194
-0.9955194
-0.9696562
-0.9533077
-0.9586757
-0.9586757
-0.9786839
-0.9786839
-0.937692
-0.937692
-0.8957246
-0.9142686
-0.8869396
-0.8869396
-0.8561953
-0.9196366
-0.9223207
-0.8769363
-0.8291122
-0.8291122
-0.864736
-0.864736
-0.9308598
-0.9308598
-0.8962116
-0.8962116
-0.8503402
-0.8503402
-0.8693728
-0.8693728
-0.8188646
-0.8298435
-0.8293565
-0.8293565
-0.8464363
-0.8464363
-0.8291122
-0.8391155
-0.8393598
-0.8393598
