-0.9989363
-1.011868
-1.003816
-1.010892
-1.010892
-0.9974721
-1.003572
-1.012357
-1.012357
-0.9979607
-0.998692
-0.9972278
-0.9942995
-0.9669721
-0.9669721
-0.9596514
-0.9489167
-0.9289086
-0.9140242
-0.89792
-0.8732767
-0.8732767
-0.8649803
-0.8696155
-0.8496073
-0.8108125
-0.7622556
-0.7554234
-0.7395634
-0.7000358
-0.7000358
-0.66978
-0.6612393
-0.6207361
-0.6075602
-0.6007279
-0.6265927
-0.6265927
-0.6331806
-0.6436725
-0.6649005
-0.63928
-0.6353761
-0.6431839
-0.6368403
-0.6231758
-0.6231758
-0.5897475
-0.5816954
-0.5333843
-0.5221595
-0.5148403
-0.5360683
