-0.970876
-0.9889315
-0.9964966
-0.9923484
-0.9923484
-0.9916155
-0.9828321
-0.9794167
-0.98942
-0.9962522
-0.9874673
-0.9874673
-0.9645324
-0.9537963
-0.9359836
-0.9279315
-0.9176839
-0.9171953
-0.9181725
-0.9181725
-0.9079233
-0.9030438
-0.9013354
-0.9013354
-0.8879167
-0.8830357
-0.8683956
-0.8493646
-0.8493646
-0.8464363
-0.8601008
-0.8335047
-0.8469234
-0.8439966
-0.8286237
-0.8286237
-0.8083728
-0.80764
-0.8034917
-0.8164234
-0.8117881
-0.8115438
-0.8203273
-0.8203273
-0.8088598
-0.8088598
-0.8156921
-0.8296008
-0.8034917
-0.7886074
-0.7869005
-0.7895845
-0.7717718
-0.7717718
-0.7656725
-0.7668924
-0.7688435
-0.7693321
-0.7727475
-0.7727475
-0.7442002
-0.7442002
-0.8278924
-0.8183761
-0.7920243
-0.7810438
-0.7693321
