-0.9001155
-0.9157327
-0.9167083
-0.9120715
-0.9169526
-0.9047523
-0.9047523
-0.8945047
-0.8764477
-0.8637604
-0.8576595
-0.8820601
-0.9008484
-0.9093875
-0.8854755
-0.8396041
-0.8396041
-0.8073956
-0.7761644
-0.7310243
-0.679052
-0.6446481
-0.5958484
-0.5958484
-0.5560764
-0.5397279
-0.5404608
-0.5648599
-0.5777915
-0.5694966
-0.5502198
-0.5502198
-0.5236237
-0.5028843
-0.4899527
-0.4553045
-0.4226075
-0.4201677
-0.4179722
-0.4179722
-0.4211433
-0.4209006
-0.3918647
-0.3689283
-0.3481873
-0.3638045
-0.3864966
-0.3864966
-0.4001596
-0.4133355
-0.4301725
-0.4340765
-0.4611596
-0.4994674
-0.5299674
-0.5299674
-0.5448517
-0.5509527
-0.5560764
-0.5568078
-0.5741318
-0.5951155
-0.5799885
-0.5799885
-0.5787686
-0.5834038
-0.5987768
-0.6263484
-0.6719755
-0.6939363
-0.7537165
-0.7788484
-0.8132523
-0.8132523
-0.8388728
-0.8476562
-0.8425324
-0.8493646
-0.8405797
-0.8303321
-0.8232556
-0.8232556
-0.8293565
-0.8300878
-0.8347246
-0.8413125
-0.8461921
-0.8613207
-0.8613207
-0.8708354
-0.8864526
-0.9032881
-0.9128044
-0.9198794
-0.9323239
-0.9323239
-0.9362279
-0.9362279
-0.9272001
-0.9247604
-0.9181725
-0.9154884
-0.9186594
-0.9186594
