-0.9891757
-0.9952767
-0.9945438
-0.9955194
-1.002352
-1.002352
-1.014552
-1.022848
-1.029436
-1.026996
-1.023093
-1.00284
-0.9967393
-1.014063
-1.011868
-1.011868
-0.9857604
-0.9730715
-0.9857604
-0.9850276
-0.9759998
-0.9684363
-0.9555047
-0.9555047
-0.9433044
-0.9437914
-0.9428158
-0.9406204
-0.9430601
-0.9484282
-0.9579445
-0.9579445
-0.97478
-0.9821008
-0.9799038
-0.9791725
-1.000645
-0.9847832
-0.9645324
-0.9689233
-0.9689233
-0.9786839
-1.012843
-1.026508
-1.021384
-0.9962522
-0.9813679
-0.9662408
-0.9381806
-0.9381806
-0.9340324
-0.9494038
-0.9513565
-0.9518435
-0.9564803
-0.9564803
-0.9891757
-0.9999119
-1.012112
-1.003329
-1.001376
-0.9999119
-0.97478
-0.97478
-0.9813679
-0.9730715
-0.9716073
-0.9921041
-0.9955194
-0.9857604
-0.9857604
-0.98942
-0.9796594
-0.9796594
-0.9769754
-0.9882001
-0.9764884
-0.9779526
-0.9857604
-0.9857604
-0.9886887
-0.9730715
-0.9730715
-0.9696562
-0.9579445
-0.937692
-0.9379363
-0.9379363
-0.9352522
-0.9342767
-0.9340324
-0.9345194
-0.923052
-0.9162197
-0.9059721
-0.9059721
-0.9037767
-0.892552
-0.8679086
-0.8542442
-0.8654673
-0.8522914
-0.8008077
-0.7659168
-0.7659168
-0.7359038
-0.7107719
-0.7224836
-0.7507882
-0.7481041
-0.7481041
-0.7322442
-0.6927165
-0.6746595
-0.6680716
-0.6722198
-0.6651433
-0.6295195
-0.6217116
-0.6217116
-0.6124396
-0.5958484
-0.6017035
-0.5902361
-0.5838924
-0.5665683
-0.5714478
-0.5797442
-0.5812083
-0.5812083
-0.5902361
-0.5748647
-0.5258207
-0.5043485
-0.5189885
-0.5189885
-0.5316758
-0.5255764
-0.5192327
-0.5316758
-0.5409478
-0.5641285
-0.5860879
-0.5890162
-0.5890162
-0.5587605
-0.5421677
-0.5453403
-0.5360683
-0.5075195
-0.5075195
-0.50264
-0.50264
-0.5006872
-0.4919038
-0.4953207
-0.4958077
-0.4877556
-0.4926367
-0.5004445
-0.5004445
-0.5626644
-0.5773044
-0.5236237
-0.5260634
-0.5126433
-0.5014201
-0.5062996
-0.5189885
-0.5189885
-0.5258207
-0.5204527
