-0.9637995
-0.9947881
-0.9947881
-0.9947881
-0.9694119
-0.9913728
-0.996008
-0.9950324
-0.9635568
-0.9635568
-0.9501366
-0.9445242
-0.9457442
-0.9440357
-0.940376
-0.9357393
-0.9862474
-0.9862474
-0.9955194
-0.9611155
-0.916464
-0.8927963
-0.8410683
-0.7993435
-0.7644526
-0.7644526
-0.7412719
-0.7054038
-0.6468436
-0.6414755
-0.63928
-0.6422083
-0.6073158
-0.6073158
-0.5472915
-0.4745797
-0.4662834
-0.4421286
-0.4191921
-0.4238273
-0.4794608
-0.4472524
-0.4472524
-0.4460325
-0.4723843
-0.4894641
-0.5050797
-0.4845846
-0.5094722
-0.5094722
-0.5065439
-0.5187442
-0.5228924
-0.5267963
-0.5258207
-0.5255764
-0.5041041
-0.5041041
-0.4909282
-0.4926367
-0.4801921
-0.4723843
-0.4462768
-0.4360276
-0.4216318
-0.4216318
-0.4196807
-0.4306596
-0.4460325
-0.4594527
-0.469456
-0.4777524
-0.4777524
-0.4709201
-0.4879999
-0.5202084
-0.5275276
-0.5407035
-0.5270406
-0.6400113
-0.5851123
-0.5851123
-0.5726677
-0.6014608
-0.5572963
-0.5870634
-0.6214674
