-0.9789281
-0.9806366
-0.9550161
-0.9550161
-0.9620926
-0.977464
-0.9752685
-0.9679477
-0.9713646
-0.9703875
-0.9718516
-0.9718516
-0.9745357
-0.9908842
-0.9811236
-0.9889315
-1.027728
-1.026996
-1.006744
-0.9813679
-0.9301285
-0.88328
-0.88328
-0.8203273
-0.8203273
-0.8288679
-0.8139836
-0.7878761
-0.7925113
-0.7925113
-0.7737246
-0.7585959
-0.7246806
-0.6890553
-0.6539201
-0.6312279
-0.5855993
-0.5638843
-0.5638843
-0.5712035
-0.5126433
-0.4623794
-0.4672605
-0.4706758
-0.4838517
-0.4984918
-0.4984918
-0.5321644
-0.5292361
-0.5309445
-0.542412
-0.5421677
-0.5763273
-0.5590048
-0.5590048
-0.5536367
-0.5216725
-0.5170358
-0.5038599
-0.5111806
-0.5106921
-0.5163044
-0.5163044
-0.5133761
-0.5165488
-0.5370439
-0.5143517
-0.4987361
-0.4592084
-0.4592084
-0.496052
-0.5221595
-0.6046318
-0.6434282
