-0.9757556
-0.9957637
-1.000645
-1.007964
-1.007964
-0.9964966
-0.9945438
-0.996008
-0.996008
-0.9862474
-0.9828321
-0.9818565
-0.9818565
-0.9689233
-0.9701447
-0.9764884
-0.9764884
-0.9586757
-0.9586757
-1.01748
-1.01748
-0.9791725
-0.9791725
-0.9367164
-0.9437914
-0.9533077
-0.9777083
-0.9669721
-0.9572116
-0.9572116
-0.9537963
-0.9537963
-0.9252474
-0.9720959
-0.9738044
-0.9608728
-0.9167083
-0.9167083
-0.8827914
-0.8579038
-0.8613207
-0.8776676
-0.8637604
-0.862052
-0.862052
-0.7861676
-0.8310634
-0.8310634
-0.8264282
-0.8339917
-0.8332604
-0.8332604
-0.8142279
-0.7981237
-0.7981237
-0.8386285
-0.8386285
-0.8386285
-0.8615634
