-0.9523321
-0.9542832
-0.9645324
-0.9645324
-0.9723402
-0.9425715
-0.9425715
-0.9425715
-0.7954396
-0.7954396
-0.7954396
-0.7473713
-0.7259005
-0.6580683
-0.6580683
-0.6580683
-0.5655927
-0.5655927
-0.5965797
-0.7363924
-0.7329755
-0.7329755
-0.7829966
-0.82228
-0.82228
-0.8852327
-0.8686399
-0.8686399
-0.8012963
-0.8012963
-0.7768956
-0.7768956
-0.7217523
-0.6363517
-0.6363517
-0.6363517
-0.6041448
-0.6041448
-0.6302523
-0.6834445
-0.6834445
-0.8000764
-0.8215487
-0.8215487
-0.8500959
-0.8500959
-0.8500959
-0.7910487
