-0.9325683
-0.9969836
-1.016505
-1.033829
-0.996008
-0.9635568
-0.9706318
-0.9706318
-0.9791725
-0.9706318
-0.9696562
-0.9852718
-0.9642881
-0.9664836
-0.9752685
-0.9752685
-0.9586757
-0.9569673
-0.9552604
-0.9464754
-0.9418402
-0.9630682
-0.9630682
-0.9591643
-0.9323239
-0.9091448
-0.8993842
-0.916464
-0.9394005
-0.9337881
-0.9193923
-0.9032881
-0.9032881
-0.9240276
-0.9401318
-0.9489167
-0.9250047
-0.8876725
-0.8635162
-0.8635162
-0.8659559
-0.8791318
-0.8557083
-0.8325276
-0.8234999
-0.8234999
-0.8430194
-0.8234999
-0.8234999
-0.8022718
-0.8181318
-0.8217914
-0.8396041
-0.827648
-0.8169119
-0.8169119
-0.8142279
-0.8183761
-0.8298435
-0.8405797
-0.8242327
-0.8298435
-0.8339917
-0.8339917
-0.8476562
-0.8583924
-0.8569282
-0.8437523
-0.7566448
-0.8322833
-0.9071921
-0.9296399
-0.9296399
-0.8476562
