-0.5616872
-0.5148403
-0.5475358
-0.5646155
-0.5734006
-0.5511954
-0.5511954
-0.5563207
-0.5758403
-0.5868207
-0.5951155
-0.5897475
-0.5790113
-0.5763273
-0.5763273
-0.6007279
-0.6204917
-0.618052
-0.6043875
-0.6285439
-0.6253713
-0.6109755
-0.6109755
-0.6290324
-0.6641676
-0.718824
-0.7385879
-0.7407833
-0.7044282
-0.7073565
-0.7073565
-0.721508
-0.7407833
-0.7359038
-0.7127246
-0.6802719
-0.6566041
-0.6265927
-0.6265927
-0.6329364
-0.6241514
-0.6248842
-0.6431839
-0.6570927
-0.6522116
-0.6522116
-0.6824673
-0.6914966
-0.7185797
-0.7168728
-0.7166285
-0.7512767
-0.7668924
-0.7332197
-0.7332197
-0.7778713
-0.79178
-0.7915357
-0.8110552
-0.8466806
-0.8840113
-0.8840113
-0.8525357
-0.8454607
-0.8483875
-0.9281757
-0.9628239
-0.9210992
-0.8923077
-0.9572116
-0.9572116
-0.9816122
-0.9552604
-0.9886887
-0.9652637
-0.9745357
