-0.9972278
-0.9874673
-0.9967393
-0.9977164
-1.00284
-0.9755128
-0.9755128
-0.9762442
-0.9762442
-0.9777083
-0.9777083
-0.9506236
-0.9313484
-0.9911284
-0.9911284
-0.9608728
-0.9608728
-0.9520878
-0.9174396
-0.9247604
-0.9247604
-0.9520878
-0.9520878
-0.9520878
-0.9269559
-0.9303728
-0.9303728
-0.9128044
-0.9128044
-0.9218321
-0.9218321
-0.923052
-0.89792
-0.8610764
-0.8657116
-0.8657116
-0.8583924
-0.8505845
-0.8452165
-0.7837279
-0.8466806
-0.8466806
-0.8466806
-0.8174005
-0.7903158
-0.7915357
-0.7915357
-0.8020276
-0.8020276
-0.79178
-0.7761644
-0.7844607
-0.7844607
-0.7810438
-0.8017833
-0.8066643
-0.7854363
-0.7666481
-0.7656725
-0.7847035
-0.7851921
-0.7851921
-0.7634755
-0.7581074
