-0.9957637
-0.9957637
-0.9957637
-0.9908842
-0.98942
-0.9901513
-0.9913728
-0.9886887
-0.9869803
-0.9869803
-0.9869803
-0.9903956
-0.9908842
-0.9950324
-0.9916155
-0.9933239
-1.00894
-1.020409
-1.026752
-1.026752
-1.027239
-1.030656
-1.032852
-1.017725
-0.9952767
-0.9784396
-0.9784396
-0.9791725
-0.9803923
-0.9667279
-0.9662408
-0.9757556
-0.9757556
-0.9784396
-0.968192
-0.968192
-0.9684363
-0.9711204
-0.97478
-0.9803923
-0.9996676
-1.000156
-1.000156
-1.015285
-1.015772
-1.007964
-1.006744
-1.00894
-1.016016
-1.014552
-1.014552
-1.00772
-1.004549
-0.9901513
-0.9733158
-0.9484282
-0.9379363
-0.9149998
-0.9149998
-0.8830357
-0.8830357
-0.8752279
-0.8618077
-0.8386285
-0.7786041
-0.7368794
-0.721508
-0.721508
-0.7163842
-0.7173598
-0.7293158
-0.7144315
-0.6929607
-0.6929607
-0.6853957
-0.6788077
-0.6675845
-0.6136595
-0.6195162
-0.633912
-0.5973126
-0.5870634
-0.5870634
-0.6290324
-0.6290324
-0.6529445
-0.6639234
-0.6585553
-0.6739282
-0.7019885
-0.7019885
-0.6849086
-0.6763679
-0.6480634
-0.6534315
-0.6546514
-0.6270797
-0.6192719
-0.6063403
-0.6063403
-0.6146367
-0.5975553
-0.5975553
-0.5873078
-0.5926758
-0.5926758
-0.5724234
-0.5724234
-0.6036562
-0.60878
-0.603412
-0.6156123
-0.6370845
-0.6651433
-0.6729527
-0.6729527
-0.6756366
-0.6758794
-0.6653875
-0.6636806
-0.6622165
-0.6617279
-0.6575797
-0.6575797
-0.6419641
-0.636596
-0.6451367
-0.6534315
-0.6102442
-0.6541644
-0.6541644
-0.6463565
