-0.9476953
-0.9659966
-0.9991806
-0.9921041
-0.9699005
-0.9691676
-0.9794167
-0.977464
-0.977464
-0.9730715
-0.9762442
-0.9674607
-0.95892
-0.9620926
-0.9750242
-0.9750242
-0.9772197
-0.965508
-0.9479396
-0.9418402
-0.935008
-0.9396448
-0.9289086
-0.9325683
-0.9325683
-0.9296399
-0.9340324
-0.9225634
-0.9228077
-0.9306155
-0.9008484
-0.892552
-0.8823044
-0.8823044
-0.8742523
-0.8693728
-0.8515601
-0.8405797
-0.8405797
-0.8405797
-0.8339917
-0.8337474
-0.8188646
-0.8213044
-0.8274038
-0.8225242
-0.8205715
-0.8120324
-0.8232556
-0.8232556
-0.8388728
-0.8403354
-0.8059315
-0.7893403
-0.7866562
-0.7866562
-0.8008077
-0.8039803
-0.8039803
-0.8039803
-0.7900715
-0.779824
-0.779824
-0.7712833
-0.7712833
-0.7729917
-0.7790927
-0.7649396
-0.7446887
-0.7624999
-0.7664038
-0.7690879
