-0.9550161
-0.9586757
-0.9628239
-0.9735601
-0.9694119
-0.9728288
-0.9728288
-0.9713646
-0.9791725
-0.9828321
-0.9838077
-0.9772197
-0.9735601
-0.9701447
-0.9701447
-0.9684363
-0.9669721
-0.9679477
-0.9635568
-0.9755128
-0.9757556
-0.9716073
-0.9716073
-0.9703875
-0.9506236
-0.9250047
-0.8949917
-0.8657116
-0.8398484
-0.8083728
-0.7793354
-0.7793354
-0.7461514
-0.7207767
-0.7158957
-0.7193125
-0.7334641
-0.7078435
-0.7078435
-0.6731954
-0.6490406
-0.6280553
-0.5765716
-0.5482686
-0.5502198
-0.5226481
-0.4811677
-0.4811677
-0.4755553
-0.4731156
-0.4577442
-0.4460325
-0.4574999
-0.499956
-0.5114234
-0.5114234
-0.5216725
-0.5299674
-0.5399722
-0.5702279
-0.5804755
-0.5738875
-0.5653484
-0.5653484
-0.5538794
-0.5470487
-0.5409478
-0.5165488
-0.4914168
-0.4909282
-0.4909282
-0.496052
-0.5009316
-0.496052
-0.5065439
-0.5114234
-0.5170358
-0.5128875
-0.5343599
-0.5343599
-0.5546123
-0.5943843
-0.5899917
-0.6131725
-0.6517246
-0.7137002
-0.7261432
-0.7261432
-0.7485927
-0.7624999
-0.7756758
