-0.8796204
-0.9808794
-0.9808794
-1.019189
-0.9913728
-0.9511122
-0.9503794
-0.9567246
-0.9757556
-0.9757556
-0.98942
-0.9799038
-0.9750242
-0.9752685
-0.9916155
-0.9940552
-0.9825878
-0.9825878
-0.9828321
-0.9777083
-0.9811236
-0.9752685
-0.9630682
-0.9572116
-0.9540405
-0.9540405
-0.9652637
-0.9816122
-0.9728288
-0.9650194
-0.9628239
-0.9494038
-0.9547718
-0.9677035
-0.9677035
-0.9684363
-0.9513565
-0.9552604
-0.9472083
-0.935008
-0.9091448
-0.8818158
-0.8818158
-0.8549755
-0.8774233
-0.8752279
-0.8976758
-0.9023125
-0.9176839
-0.9176839
-0.9089005
-0.8857197
-0.8784005
-0.9074363
-0.9215878
-0.8984086
-0.8769363
-0.8718125
-0.8718125
-0.8701041
-0.8679086
-0.858148
-0.8386285
-0.8347246
-0.8393598
-0.8420438
-0.8420438
-0.8291122
-0.8195959
-0.8288679
-0.8361887
-0.8344803
-0.8376514
-0.8376514
-0.8215487
-0.8200845
-0.8383842
-0.8461921
-0.8669315
-0.8293565
-0.7837279
-0.8703484
-0.8703484
-0.8835242
-0.8991399
-0.8269168
