0.1603078
0.1590879
0.1473762
0.1683599
0.1861726
0.1739723
0.1725081
0.1485961
0.1485961
0.1610407
0.1588436
0.1537199
0.1651873
0.1822687
0.1961759
0.1961759
0.1944674
0.1849527
0.1717753
0.1659202
0.1773876
0.1781205
0.1895879
0.1895879
0.1932475
0.176412
0.1549397
0.1368843
0.1212687
0.09613676
0.06880782
0.06880782
0.03879639
0.01781267
0.008296397
-0.01756838
-0.04782409
-0.08881595
-0.1266368
-0.1266368
-0.1661644
-0.2583957
-0.2583957
-0.2837719
-0.3059755
-0.3486758
-0.3606319
-0.3606319
-0.3523355
-0.3362313
-0.3569722
-0.3913761
-0.4065048
-0.3738078
-0.3774674
-0.4055276
-0.4055276
-0.4021123
-0.3842996
-0.3767361
