0.2308241
0.2257003
0.1893436
0.1893436
0.1932475
0.1810472
0.1342003
0.1320033
0.1290765
0.1427394
0.1402997
0.1525
0.1525
0.1717753
0.1888566
0.216184
0.2220407
0.2278957
0.2030081
0.2030081
0.1795846
0.176412
0.1759235
0.1649446
0.1798274
0.1900765
0.1827557
0.1800717
0.1800717
0.1739723
0.1703126
0.1695798
0.176412
0.1800717
0.1866596
0.1956873
0.1956873
0.1900765
0.1556726
0.1464006
0.1803159
0.2088647
0.2088647
0.2120358
0.2213078
0.2120358
0.2020325
0.1815358
0.1668957
0.1498159
0.1268795
0.1268795
0.133956
0.09271986
0.05880453
0.0214723
-0.007319252
-0.007807824
-0.006343663
0.01561565
0.01561565
0.03171987
0.02513192
0.004392485
0.007076522
0.01781267
0.003172609
-0.03196416
-0.03196416
-0.03757652
-0.03757652
-0.02073944
-0.05392347
-0.09003583
-0.09906352
-0.09906352
-0.08906023
-0.09833222
-0.1351759
-0.1461563
-0.1776319
-0.1834885
-0.194956
-0.2293599
-0.2293599
-0.2867003
-0.2952394
-0.2971921
-0.2979234
-0.2791367
-0.2364364
-0.2364364
-0.218868
-0.218868
-0.2166726
-0.2159397
-0.1847084
-0.1720195
-0.1615277
-0.1903208
-0.1903208
-0.2405846
-0.2708403
-0.2557117
-0.2156954
-0.1886123
-0.1795846
-0.1795846
-0.1925162
-0.1925162
-0.2105716
-0.2296042
-0.2215521
-0.1900765
-0.1900765
-0.1839756
-0.1866596
-0.1815358
-0.2130114
-0.2447313
-0.2117915
-0.161772
-0.216184
-0.25864
-0.25864
-0.2681563
-0.2647394
-0.2371677
-0.2322882
-0.2361921
-0.2471726
-0.2171596
-0.2164283
