0.1178518
0.1561596
0.1561596
0.1647003
0.1546954
0.1410325
0.1232199
0.1112638
0.1112638
0.1068713
0.0912557
0.09198856
0.08076384
0.08588763
0.08271657
0.09174427
0.1002834
0.1166319
0.1166319
0.1359087
0.1373713
0.1141922
0.1151677
0.1359087
0.1359087
0.1398126
0.1037003
0.07612862
0.09028011
0.09198856
0.06636807
0.04343161
0.0600244
0.0600244
0.08051955
0.0641726
0.05026384
0.05270359
0.07685993
0.04294459
0.02098372
0.02098372
0.02488763
0.04392018
0.05880453
0.0558762
0.03440391
0.02781596
0.02781596
0.0263518
0.04318732
0.03904068
0.01098043
0.0007313028
0.006832235
0.00561236
0.00561236
0.01024758
0.002928323
-0.01220031
0.01098043
0.05343645
0.02171658
-0.05123943
-0.06173129
-0.06173129
-0.04928825
-0.01854397
