0.1625033
0.1588436
0.1525
0.1464006
0.1420081
0.1449364
0.1398126
0.1476205
0.1476205
0.1525
0.1473762
0.1632361
0.1683599
0.1766563
0.1651873
0.1698241
0.1732394
0.1732394
0.1795846
0.1817801
0.183
0.1712882
0.1532313
0.1302964
0.1302964
0.1442036
0.1749479
0.1964201
0.1869039
0.1854397
0.1822687
0.1995928
0.1844641
0.1844641
0.1615277
0.1400554
0.1019918
0.09028011
0.08320359
0.08540061
0.1073599
0.1073599
0.1327361
0.124684
0.1254153
0.09857651
0.06856353
0.05001955
0.0558762
0.0558762
0.03928341
0.01171174
-0.001708448
-0.02976869
-0.04977527
-0.05953583
-0.05953583
-0.04953254
-0.0607557
-0.07832409
-0.08051955
-0.05953583
-0.07027198
-0.08418074
-0.08418074
-0.07954396
-0.07027198
-0.07344458
-0.07173613
-0.06270844
-0.05563192
-0.06319545
-0.06295273
-0.06295273
-0.0690521
-0.09711234
-0.09808794
-0.0180554
0.09076868
-0.1376156
-0.1307834
-0.1307834
-0.051728
-0.07978825
-0.07442018
-0.06368402
