-0.1171205
-0.1046759
-0.1046759
-0.07564005
-0.05636477
-0.06661235
-0.09149998
-0.08613191
-0.04953254
-0.05831595
-0.08466775
-0.1078485
-0.1232199
-0.1349316
-0.1349316
-0.1771433
-0.222772
-0.3608761
-0.3464804
-0.2791367
-0.2791367
-0.3213485
-0.3967442
-0.3489201
-0.277184
-0.3354999
-0.3354999
-0.5721806
-0.5721806
-0.5672996
-0.5280162
-0.4601839
-0.4311481
-0.4067475
-0.3923517
-0.3491644
-0.2427801
-0.2427801
-0.2927997
-0.4382246
-0.3891807
-0.3908876
-0.3908876
-0.4160195
-0.4160195
