0.1503045
0.1434723
0.145912
0.1532313
0.1429837
0.1429837
0.1522557
0.1576238
0.1542084
0.1566482
0.1485961
0.1485961
0.1600635
0.1600635
0.1490846
0.1485961
0.1593322
0.1593322
0.1629918
0.1629918
0.1363958
0.1363958
0.1400554
0.1468876
0.157868
0.1749479
0.192272
0.1912964
0.1759235
0.1739723
0.1668957
0.1776319
0.1825114
0.1825114
0.2003241
0.2003241
0.1778762
0.1778762
0.1349316
0.1349316
0.1285879
0.1076042
0.1295635
0.09979638
0.08076384
0.09564818
0.09564818
0.07515148
0.06514819
0.0641726
0.02903583
0.02903583
0.002195464
-0.002439751
-0.002439751
0.004148198
0.01439577
0.01439577
0.02342347
0.01976385
