0.2405846
0.222772
0.1986156
0.1873925
0.2108159
0.2108159
0.216184
0.1912964
0.1481075
0.1649446
0.2169153
0.2491238
0.2296042
0.218868
0.218868
0.1315162
0.06758794
0.01756838
0.007319252
0.005368074
0.001952734
0.001952734
0.007319252
0.0214723
0.07173613
0.1581123
0.2415602
0.2332638
0.1786075
0.1156563
0.04514005
0.02732738
0.02732738
0.03757652
0.03635664
0.01585994
0.02586322
0.02586322
0.03415962
0.06051142
0.08979154
0.08906023
0.06880782
0.03074428
0.01000329
0.01000329
0.04123614
0.06587949
0.04757981
0.008052111
0.02269217
0.05490061
0.07661564
0.07661564
0.06514819
0.07832409
0.09711234
0.09735663
0.08369216
0.09320843
0.1261482
0.1542084
0.1542084
0.1454235
0.1263925
0.09515961
0.08564334
0.05368074
0.04538434
0.04538434
0.04514005
0.05709608
0.06124428
0.04026055
0.02318074
0.04123614
0.1295635
0.1625033
0.1625033
0.1808045
0.2044723
0.2044723
0.2278957
0.2061807
0.1917834
0.1917834
0.1961759
0.1920277
0.1869039
0.1869039
0.2037394
0.2547361
0.2991433
0.2991433
0.3464804
0.3159804
0.3179316
0.3054885
0.3054885
0.3049999
0.3049999
0.3174445
0.3313518
0.3415993
0.3162247
0.2884087
0.279868
0.2569316
0.2601042
0.2601042
0.261324
0.2659593
0.2525406
0.2615683
0.3313518
0.3118322
0.244
0.244
0.2183795
0.1978843
0.2269201
0.2732801
0.3054885
0.3345244
