0.03220844
0.04416447
0.1037003
0.1073599
0.1161433
0.09662377
0.07295601
0.07295601
0.06709937
0.0780798
0.1071156
0.1161433
0.1168762
0.09662377
0.07442018
0.07442018
0.05001955
0.07124756
0.06880782
0.06295273
0.1019918
0.09955209
0.08247229
0.08247229
0.04953254
0.06026869
0.08247229
0.0912557
0.1015033
0.0829593
0.0905244
0.08857166
0.09101141
0.09101141
0.05490061
0.006832235
-0.01903255
-0.06831924
-0.07588433
-0.01927527
-0.01927527
0.02391205
0.03684366
0.02073944
0.008540683
0.02952441
0.03733223
0.03733223
0.01659124
-0.003659626
-0.03074428
-0.0641726
-0.05929154
-0.07222471
-0.06954067
-0.0607557
-0.0607557
-0.08173943
-0.1037003
-0.08466775
-0.04562863
-0.04172472
-0.03391533
-0.02513192
0.002928323
0.002928323
0.0002442863
0.008540683
-0.004392485
-0.0002442863
-0.009516273
-0.01707981
-0.01707981
0.1210244
0.002928323
-0.07685993
-0.07515148
-0.03830782
