0.1854397
0.1332247
0.1332247
0.115412
0.1256596
0.1576238
0.1798274
0.1851954
0.1664087
0.1664087
0.1561596
0.1566482
0.1627475
0.1707997
0.1815358
0.1815358
0.1676286
0.1627475
0.1412753
0.1585993
0.1934918
0.2061807
0.1871482
0.1793403
0.1527443
0.1527443
0.1561596
0.1525
0.1778762
0.1790961
0.1454235
0.1215114
0.1063843
0.1063843
0.1090684
0.09686806
0.1239527
0.1446922
0.09906352
0.03513677
0.0173241
0.004879501
0.004879501
-0.02318074
-0.04904397
-0.06636807
-0.09955209
-0.1271238
-0.1271238
-0.1488404
-0.1622605
-0.1793403
-0.1890993
-0.2032524
-0.2156954
-0.2357036
-0.2298485
-0.2298485
-0.2235032
-0.2156954
-0.2217964
-0.2420488
-0.2371677
-0.2127687
-0.2022752
-0.1932475
-0.1932475
-0.1888566
-0.188368
-0.1703126
-0.1668957
-0.1893436
-0.1900765
-0.1656759
-0.1656759
-0.16714
-0.1729967
-0.1895879
-0.1920277
-0.2193566
-0.2125244
-0.1849527
