0.3059755
0.2996319
0.2986563
0.2925554
0.2735244
0.249368
0.2379006
0.2379006
0.2666921
0.2666921
0.2630325
0.2479039
0.249368
0.2705961
0.2791367
0.2791367
0.2791367
0.2715716
0.2671807
0.2710846
0.2840162
0.2967035
0.2915798
0.2915798
0.2896286
0.2815765
0.2910928
0.3106123
0.2937768
0.2879201
0.2879201
0.2830406
0.2810879
0.2618126
0.2322882
0.1973957
0.1612834
0.1290765
0.1044316
0.1044316
0.1076042
0.08515632
0.08125241
0.09223129
0.1054087
0.1015033
0.07222471
0.07222471
0.04611564
0.0468485
0.04782409
0.05050813
0.06295273
0.08540061
0.09418402
0.10614
0.1346873
0.1490846
0.1283436
0.1095554
0.08393645
0.08393645
0.03830782
0.03513677
0.03513677
0.07100328
0.1173648
0.1383485
0.1288322
0.1288322
0.1327361
0.1266368
0.1224886
0.1334674
0.1359087
0.1717753
0.2086205
0.2074006
0.2074006
0.1878795
0.1895879
0.1854397
0.1759235
0.192272
0.2174039
0.2352165
0.2352165
0.2313126
0.2313126
0.2237475
0.2303355
0.2498566
0.2735244
0.3018273
0.2964593
0.2735244
0.2735244
0.2940195
0.3140276
0.3435521
0.3752719
0.3599006
0.3191514
0.2927997
0.3035358
0.3184201
0.3184201
0.3445276
0.3679527
0.3684397
0.3755162
0.3672198
0.3672198
0.3228126
0.3228126
0.3425765
0.413824
0.4057719
0.4011367
0.4001596
0.4001596
0.4043078
0.3311075
0.3247638
0.3284234
0.3042687
