0.1212687
0.09955209
0.07832409
0.0641726
0.04757981
0.04757981
0.0222036
0.01561565
0.003903912
-0.002928323
0.01268733
0.03904068
0.06539247
0.0871075
0.2239918
0.2239918
0.3511156
0.3467247
0.2820635
0.2027638
0.09613676
0.08149669
0.1149235
0.1149235
0.08979154
0.07856838
0.0732003
0.07637135
0.0871075
0.1439593
0.1654316
0.1654316
0.1756807
0.1971515
0.1939804
0.1842199
0.1629918
0.1615277
0.1476205
0.1193159
0.1193159
0.1188274
0.1466433
0.1973957
0.2332638
0.2300928
0.2537605
0.3020716
0.3333045
0.3333045
0.316956
0.2901156
0.2564445
0.2364364
0.1876367
0.1876367
0.1483518
0.1376156
0.1383485
0.1244397
0.09930781
0.1647003
0.1776319
0.1776319
0.1346873
0.1461563
0.1681156
0.1712882
0.161772
0.1603078
0.1603078
0.1498159
0.1673843
0.1673843
0.1686042
0.1715325
0.185684
0.1842199
0.1715325
0.1715325
0.1534756
0.1393241
0.1315162
0.1146807
0.1200472
0.1205358
0.1293192
0.1293192
0.1647003
0.1927605
0.1944674
0.1788518
0.1766563
0.1583566
0.1385928
0.1385928
0.1302964
0.09955209
0.09369545
0.1115081
0.115412
0.09369545
0.03635664
-0.0336726
-0.0336726
-0.07539576
-0.09564818
-0.09345272
-0.1320033
-0.1500602
-0.1500602
-0.1451807
-0.127368
-0.09369545
-0.06295273
-0.03806353
-0.05197229
-0.08662049
-0.115412
-0.115412
-0.1476205
-0.1971515
-0.2527834
-0.2915798
-0.2725488
-0.2498566
-0.2108159
-0.1871482
-0.1771433
-0.1771433
-0.1944674
-0.2195993
-0.1971515
-0.2015439
-0.2100846
-0.2100846
-0.2249674
-0.2413159
-0.267912
-0.2947524
-0.2930439
-0.3154918
-0.2998762
-0.2427801
-0.2427801
-0.1969087
-0.1986156
-0.1742166
-0.1503045
-0.1683599
-0.1683599
-0.1847084
-0.1847084
-0.1869039
-0.2144756
-0.2430244
-0.2408274
-0.2391205
-0.2542475
-0.2574202
-0.2574202
-0.2427801
-0.1727524
-0.1795846
-0.2095961
-0.2156954
-0.2120358
-0.2203322
-0.2264316
-0.2264316
-0.2169153
-0.1983713
