-0.0004885725
0.003659626
0.02757167
0.02757167
-0.02342347
-0.01903255
0.00561236
0.04733552
0.07954396
0.08320359
0.08320359
0.08662049
0.08662049
0.06709937
0.06099999
0.04660422
0.04660422
-0.001708448
-0.001708448
-0.03659937
-0.3057313
-0.4228517
-0.3986954
-0.1473762
-0.1473762
-0.07881266
-0.07881266
-0.145912
-0.1417638
-0.340868
-0.340868
-0.7049168
-0.7049168
-0.7337083
-0.6185406
-0.6268354
-0.6426954
-0.6426954
-0.3711237
-0.3640487
-0.3640487
-0.3562394
-0.3562394
-0.2203322
-0.2203322
-0.3147605
-0.3457475
-0.3943045
-0.4435927
