-0.5036156
-0.5407035
-0.5407035
-0.5458273
-0.5853565
-0.56364
-0.5387523
-0.5102035
-0.5102035
-0.5275276
-0.5275276
-0.5307002
-0.526552
-0.5363126
-0.5280162
-0.5590048
-0.551684
-0.551684
-0.5370439
-0.5468044
-0.5431433
-0.521184
-0.5555879
-0.5394837
-0.5494885
-0.5494885
-0.5633957
-0.5633957
-0.5572963
-0.5680324
-0.56364
-0.5519282
-0.53314
-0.53314
-0.5165488
-0.5297247
-0.5289918
-0.5397279
-0.5416806
-0.5468044
-0.5553436
-0.5553436
-0.5553436
-0.566324
-0.5707165
-0.5775487
-0.5670553
-0.5665683
-0.5643713
-0.5387523
-0.5387523
-0.5492442
-0.5526595
-0.5651041
-0.5846237
-0.6139038
-0.6805162
-0.6805162
-0.6890553
-0.6875927
-0.6875927
-0.6905195
-0.694912
-0.6451367
-0.6348875
-0.6075602
-0.5816954
-0.5816954
-0.5489999
-0.5077637
-0.4604282
-0.4008924
-0.35014
-0.35014
-0.3035358
-0.2454641
-0.1851954
-0.1173648
-0.01854397
0.06124428
0.1434723
0.1434723
0.2020325
0.2413159
0.3110993
0.3518485
0.3445276
0.3350114
0.3206156
0.3179316
0.3208599
0.3208599
0.3247638
0.3242768
0.307684
0.2937768
0.2876759
0.2781596
0.267912
0.267912
0.237412
0.192272
0.2093518
0.1629918
0.1376156
0.1266368
0.1117524
0.1117524
0.09491532
0.07368731
0.06612378
0.05563192
0.0566075
0.06051142
0.06051142
0.06099999
0.06221987
0.0641726
0.05953583
0.05026384
0.05343645
0.06026869
0.06026869
0.07100328
0.06685664
0.06197558
0.05075242
0.01488435
0.007807824
0.007807824
0.06661235
0.06661235
0.06246415
