-0.1176075
-0.1163876
-0.1005277
-0.05026384
-0.01049186
0.0395277
0.0395277
0.09711234
0.1456677
0.1915407
0.2127687
0.2217964
0.2159397
0.1890993
0.1890993
0.1368843
0.1085798
0.04782409
-0.02513192
-0.1180961
-0.2066677
-0.2066677
-0.2681563
-0.3323273
-0.4101644
-0.4692117
-0.5626644
-0.6363517
-0.7327327
-0.8149607
-0.8149607
-0.8530242
-0.9020683
-0.9398875
-0.9667279
-0.9901513
-0.9955194
-0.9955194
-0.9725845
-0.9725845
-0.9611155
-0.9528207
-0.9379363
-0.9130487
-0.9025568
-0.9025568
-0.885964
-0.8786448
-0.8522914
-0.82228
-0.8134966
-0.7993435
-0.7947083
-0.7908044
-0.7908044
-0.7856806
-0.7856806
-0.7861676
-0.7925113
-0.7886074
-0.77714
-0.7851921
-0.7851921
-0.8059315
-0.8469234
-0.8967001
-0.9218321
-0.9367164
-0.9584315
-0.9606284
-0.9606284
-0.9511122
-0.9089005
-0.8703484
-0.8278924
-0.7961725
-0.7690879
-0.7259005
-0.66978
-0.66978
-0.6251285
-0.5792556
-0.5380195
-0.4899527
-0.4492035
-0.4260243
-0.4260243
-0.4121156
-0.3906433
-0.3364755
-0.2967035
-0.2471726
-0.2108159
-0.1693355
-0.1173648
-0.1173648
-0.06368402
0.001219875
0.0468485
0.0905244
0.1266368
0.131272
0.2317996
0.2317996
0.2510765
0.2910928
0.307684
0.3335488
0.359412
0.3220797
0.3059755
0.2764527
0.2764527
0.2835276
0.2476596
0.2137443
0.1744593
0.1571368
0.1571368
0.1378599
0.1193159
0.09418402
0.08613191
