-0.7463956
-0.7049168
-0.7049168
-0.7168728
-0.7168728
-0.709552
-0.7014999
-0.7085764
-0.7334641
-0.7329755
-0.7271204
-0.7271204
-0.7151644
-0.7193125
-0.7283403
-0.7376122
-0.725412
-0.71614
-0.7176041
-0.7176041
-0.7351725
-0.7483484
-0.7378565
-0.7183354
-0.7302914
-0.7463956
-0.7463956
-0.74542
-0.7420048
-0.7449315
-0.7605487
-0.7725047
-0.7844607
-0.8100797
-0.8386285
-0.8483875
-0.8483875
-0.8461921
-0.8208158
-0.7600601
-0.7551806
-0.7551806
-0.6961318
-0.6446481
-0.6446481
-0.5870634
-0.5690081
-0.4923924
-0.4640879
-0.4640879
-0.4191921
-0.4211433
-0.4211433
-0.4006481
-0.3555081
-0.2915798
-0.2457084
-0.2366807
-0.2213078
-0.1700684
-0.1700684
-0.155184
-0.1442036
-0.1529886
-0.1393241
-0.1032117
-0.06221987
-0.01537136
-0.01537136
-0.03635664
-0.082228
-0.09174427
-0.1002834
-0.08613191
-0.06612378
-0.0649039
-0.0649039
-0.07978825
-0.09515961
-0.1085798
-0.1024804
-0.1041873
-0.1024804
-0.09662377
-0.09662377
-0.1041873
-0.1202915
-0.1398126
-0.1256596
-0.1237084
-0.122
-0.1249283
-0.1249283
-0.1444479
-0.1529886
-0.1512801
-0.1424967
-0.1412753
-0.1368843
-0.1522557
-0.1393241
-0.1393241
-0.1520114
-0.1556726
-0.1549397
-0.1739723
-0.1522557
-0.1522557
-0.1449364
