-0.7788484
-0.7219966
-0.7100406
-0.7014999
-0.7014999
-0.6775879
-0.6888126
-0.6827116
-0.6851514
-0.6902767
-0.6902767
-0.6892996
-0.6905195
-0.6807604
-0.6807604
-0.6741725
-0.6753924
-0.6753924
-0.6822246
-0.6770993
-0.6797833
-0.6797833
-0.6792963
-0.6792963
-0.6675845
-0.6675845
-0.6678273
-0.6641676
-0.6641676
-0.6692914
-0.6727083
-0.6763679
-0.6829559
-0.6756366
-0.6756366
-0.6814917
-0.6824673
-0.7017442
-0.7212637
-0.7263875
-0.7263875
-0.7371237
-0.7371237
-0.7515194
-0.7554234
-0.7610357
-0.7581074
-0.7581074
-0.7656725
-0.7488354
-0.7488354
-0.74664
-0.7266318
-0.7197996
-0.6729527
-0.6497719
-0.6204917
-0.5675439
-0.5250879
-0.4135797
-0.4135797
-0.3110993
-0.2591286
-0.173728
-0.1517687
-0.09637949
-0.07710421
-0.07710421
-0.07710421
-0.04099186
0.02342347
0.04123614
0.04123614
0.05758465
0.05758465
0.04489577
0.04489577
0.04318732
0.03489248
0.03489248
0.06929639
0.08466775
