-0.8439966
-0.8710797
-0.8518044
-0.8413125
-0.8364315
-0.8422881
-0.8422881
-0.8400927
-0.8481448
-0.8652246
-0.8732767
-0.8705927
-0.8813273
-0.8913321
-0.8967001
-0.8967001
-0.9027995
-0.8876725
-0.8591236
-0.8317963
-0.8115438
-0.7881204
-0.7681122
-0.7681122
-0.7476155
-0.7332197
-0.7066237
-0.6875927
-0.6678273
-0.6331806
-0.5982882
-0.5982882
-0.5621758
-0.5453403
-0.5236237
-0.5023957
-0.4555487
-0.4282198
-0.4282198
-0.3999153
-0.3591677
-0.3286677
-0.2930439
-0.2571759
-0.2288713
-0.1900765
-0.1900765
-0.08979154
-0.08979154
-0.04050328
0.01146745
0.07490875
0.1124837
0.1254153
0.1071156
0.1071156
0.09833222
0.1122394
0.1373713
0.1539641
0.1476205
0.1317605
0.1256596
0.1261482
0.1261482
0.1151677
0.1024804
0.08906023
0.08491204
0.08393645
0.08881595
0.08881595
0.07149185
0.07149185
0.06465962
0.06734365
0.05245931
0.04904397
0.06221987
0.06221987
0.06954067
0.06758794
0.06343974
0.05685179
