-0.9091448
-0.86742
-0.86742
-0.9208565
-0.9196366
-0.9232963
-0.9003598
-0.9010926
-0.9003598
-0.9003598
-0.9030438
-0.9035324
-0.892552
-0.8762035
-0.8820601
-0.8910878
-0.9057279
-0.9057279
-0.8981643
-0.8942604
-0.8927963
-0.8998728
-0.9093875
-0.9149998
-0.9157327
-0.9157327
-0.9062164
-0.9135357
-0.9225634
-0.9147556
-0.8935276
-0.8935276
-0.8798646
-0.8864526
-0.8896236
-0.8993842
-0.9013354
-0.9015797
-0.9074363
-0.9074363
-0.9032881
-0.9032881
-0.92842
-0.92842
-0.949648
-0.9513565
-0.9545276
-1.013088
-0.9969836
-0.9945438
-0.9945438
-1.016747
-0.9845405
-0.9464754
-0.9401318
-0.9389119
-0.9389119
-0.9264688
-0.9291514
-0.9476953
-0.9608728
-0.9830763
-1.013088
-1.038708
-1.036513
-1.028461
-1.028461
-0.9864917
-0.9103646
-0.8420438
-0.8662001
-0.9062164
-0.9062164
-0.9013354
-0.9013354
-0.9110959
-0.9206122
-0.9108517
-0.8974315
-0.8840113
-0.8640047
-0.8640047
-0.824964
-0.7803125
-0.7383435
-0.725412
-0.6941806
-0.6439168
-0.5734006
-0.5192327
-0.5192327
-0.5150846
-0.5143517
-0.4882442
-0.4582328
-0.4248045
-0.4052834
-0.4052834
-0.3884478
-0.3877165
-0.3862524
-0.3677084
-0.331596
-0.3157361
-0.2940195
-0.2669364
-0.2178925
-0.2178925
-0.164456
-0.1427394
-0.1420081
-0.1529886
-0.1202915
-0.08735178
-0.08735178
-0.08930452
-0.08979154
-0.08515632
-0.07027198
-0.06465962
-0.05734036
-0.05050813
-0.05050813
-0.04538434
-0.06148856
-0.06392831
-0.03147558
-0.02366776
-0.04026055
-0.03733223
-0.03733223
-0.03928341
-0.03855211
-0.03318403
-0.03708794
-0.03196416
-0.04148043
-0.04148043
-0.03220844
-0.0173241
-0.02366776
-0.04001627
-0.03879639
-0.03684366
-0.03464819
-0.03977198
-0.0353795
-0.0353795
-0.04514005
-0.06246415
-0.08149669
-0.07368731
-0.06319545
-0.05831595
-0.0607557
-0.06124428
-0.06124428
-0.06661235
-0.06392831
-0.06099999
-0.05294788
-0.0509967
-0.06270844
-0.06270844
-0.08466775
-0.09149998
-0.08198372
-0.05856024
-0.04782409
-0.04757981
-0.05050813
-0.06612378
-0.06612378
-0.08320359
-0.07564005
-0.08979154
-0.1085798
-0.07832409
-0.01976385
-0.01976385
0.01146745
0.004636771
-0.04001627
-0.1046759
-0.1280994
-0.1647003
-0.1647003
-0.2086205
-0.2147198
-0.1890993
-0.1481075
-0.08857166
-0.03513677
-0.01146745
-0.006587949
-0.006587949
-0.0607557
-0.0607557
-0.006832235
-0.009516273
0
0.03342832
