-0.6314722
-0.6534315
-0.6534315
-0.6566041
-0.6624607
-0.6624607
-0.6646562
-0.6709999
-0.6788077
-0.6932035
-0.7068679
-0.7068679
-0.7288273
-0.7517637
-0.801052
-0.801052
-0.8361887
-0.8361887
-0.8361887
-0.7849478
-0.7664038
-0.7434673
-0.6997914
-0.6997914
-0.6222002
-0.6222002
-0.5309445
-0.5309445
-0.4504234
-0.4504234
-0.3860081
-0.371368
-0.371368
-0.3150032
-0.3150032
-0.2884087
-0.2884087
-0.1959316
-0.1959316
-0.1293192
-0.10614
-0.04196744
0.03074428
0.02952441
0.02952441
0.04635993
0.04635993
0.05148372
0.05148372
0.0558762
0.0558762
0.04318732
0.03830782
0.03830782
0.03074428
0.02049671
0.02049671
0.02781596
0.04074757
0.07051627
0.07051627
0.09223129
0.09613676
0.09881923
0.1058958
