-0.9059721
-0.9052393
-0.9254917
-0.9833207
-0.9833207
-1.012843
-1.036756
-1.047492
-1.043588
-1.038464
-1.067011
-1.067011
-1.124596
-1.164612
-1.103612
-1.040172
-0.9274445
-0.8798646
-0.8439966
-0.8439966
-0.8320405
-0.8139836
-0.7710406
-0.7022327
-0.6727083
-0.6468436
-0.6292768
-0.6292768
-0.6051204
-0.5946285
-0.6292768
-0.6434282
-0.5880406
-0.465552
-0.3750276
-0.3750276
-0.2989006
-0.2249674
-0.1620162
-0.09613676
-0.01439577
0.04879968
0.09735663
0.1229756
0.1229756
0.1395684
0.1734837
0.2003241
0.2025195
0.2088647
0.2198436
0.2339967
0.2469283
0.2598599
0.2598599
0.2562003
0.2637638
0.2764527
0.2805993
0.2740114
0.2620554
0.2383876
0.2383876
0.1969087
0.2259446
0.2464397
0.2427801
0.2337524
0.2120358
0.2020325
0.2020325
0.1778762
0.176412
0.1761677
0.1493274
0.1261482
0.157868
0.1224886
0.103456
0.07246744
0.05856024
0.04172472
0.08393645
0.1334674
