-0.9511122
-0.9435487
-0.9115845
-0.8971887
-0.8708354
-0.8708354
-0.8513158
-0.8569282
-0.7976366
-0.7534721
-0.7341954
-0.7341954
-0.6336676
-0.4877556
-0.3979641
-0.2881644
-0.1769006
-0.1039446
-0.1039446
-0.01537136
-0.01537136
0.06880782
0.1666515
0.244
0.2642524
0.2210635
0.2461954
0.3181759
0.3894234
0.3894234
0.4160195
0.4262686
0.4309039
0.4431041
0.4338322
0.4223647
0.3750276
0.3750276
0.3318403
0.3186644
0.307684
0.3101237
0.3003647
0.2703518
0.2818208
0.2818208
0.2654723
0.2349723
0.2127687
0.2176482
0.2064234
0.1700684
