-0.803736
-0.7729917
-0.7729917
-0.7627442
-0.7588403
-0.7734803
-0.7695764
-0.7817767
-0.7788484
-0.7788484
-0.7834836
-0.7881204
-0.7881204
-0.7729917
-0.7649396
-0.7661595
-0.7661595
-0.7729917
-0.7739673
-0.7729917
-0.7810438
-0.7805552
-0.7810438
-0.7888517
-0.7927556
-0.8083728
-0.8015406
-0.8015406
-0.7942197
-0.7912914
-0.8137393
-0.8215487
-0.8366758
-0.8186204
-0.8186204
-0.8176448
-0.8225242
-0.8205715
-0.7871448
-0.8017833
-0.7773842
-0.7693321
-0.7693321
-0.7324885
-0.6880797
-0.6678273
-0.6531872
-0.6344005
-0.6043875
-0.5614445
-0.5614445
-0.5124006
-0.4811677
-0.4940993
-0.4723843
-0.4087003
-0.3481873
-0.322324
-0.322324
-0.2901156
-0.2444885
-0.2105716
-0.1720195
-0.1712882
-0.1622605
-0.1622605
-0.1263925
-0.1097997
-0.1137036
-0.1110195
-0.1266368
-0.1151677
-0.1151677
-0.1056515
-0.100772
-0.100772
-0.1058958
-0.1119967
-0.1137036
-0.1139479
-0.1037003
-0.1093127
-0.1293192
-0.1293192
-0.131272
-0.1222443
-0.1137036
-0.1239527
-0.1251726
-0.1251726
-0.1205358
-0.1481075
-0.1529886
-0.1690928
-0.1620162
-0.1722638
-0.1678713
