-0.8459477
-0.8735194
-0.8847442
-0.8969445
-0.8969445
-0.8930405
-0.9049966
-0.9049966
-0.9042637
-0.8967001
-0.8976758
-0.8823044
-0.8825487
-0.8932848
-0.9015797
-0.9010926
-0.9010926
-0.9023125
-0.8996285
-0.8410683
-0.73078
-0.6941806
-0.6656318
-0.6058517
-0.5411921
-0.5411921
-0.5077637
-0.5163044
-0.4421286
-0.3445276
-0.277184
-0.2291156
-0.2291156
-0.1598208
-0.08588763
0.0002442863
0.001708448
0.02073944
0.1010163
0.1361515
0.1361515
0.1878795
0.2171596
0.2461954
0.2969478
0.326228
0.362096
0.3535554
0.3535554
0.3386725
0.338184
