-0.8837686
-0.9101204
-0.9101204
-0.9023125
-0.9025568
-0.8976758
-0.9052393
-0.9052393
-0.8786448
-0.8786448
-0.8681514
-0.8601008
-0.8571725
-0.8427767
-0.8374086
-0.8339917
-0.8339917
-0.8225242
-0.8003207
-0.7778713
-0.7322442
-0.7044282
-0.6878354
-0.6739282
-0.6519673
-0.6519673
-0.6119527
-0.5751074
-0.53314
-0.4945879
-0.4653077
-0.4343207
-0.4343207
-0.4067475
-0.3855195
-0.3230554
-0.3230554
-0.2940195
-0.2532719
-0.2532719
-0.2361921
-0.2086205
-0.1700684
-0.1349316
-0.1168762
-0.07149185
-0.05026384
-0.02464335
-0.01366447
-0.01366447
0.01707981
0.03977198
0.04953254
0.0649039
0.07100328
0.0739316
0.0739316
0.09149998
0.1058958
0.1051645
0.09515961
0.08149669
0.07905539
0.08051955
0.08735178
0.08735178
0.07710421
0.05612049
0.03318403
0.02976869
0.03342832
0.02073944
0.02073944
0.02269217
0.02073944
0.02757167
0.03342832
