-0.8764477
-0.8732767
-0.8698598
-0.8515601
-0.8515601
-0.8644917
-0.8644917
-0.8683956
-0.8725438
-0.8679086
-0.8657116
-0.8618077
-0.8610764
-0.8610764
-0.8530242
-0.8510715
-0.8488761
-0.834236
-0.8020276
-0.8020276
-0.7673794
-0.7673794
-0.7573761
-0.7424917
-0.7158957
-0.6851514
-0.6595324
-0.6312279
-0.6312279
-0.6046318
-0.5548565
-0.5253322
-0.5028843
-0.5028843
-0.47214
-0.4482279
-0.4482279
-0.4157768
-0.3855195
-0.3559966
-0.3311075
-0.2976807
-0.2696204
-0.2500993
-0.2171596
-0.2171596
-0.1932475
-0.1905635
-0.1627475
-0.1442036
-0.1139479
-0.08369216
-0.06099999
-0.06099999
-0.04318732
-0.03342832
-0.02830453
-0.04099186
-0.03781925
-0.04635993
-0.04489577
-0.04148043
-0.03464819
-0.03464819
-0.03196416
-0.04367589
-0.05514335
-0.06685664
-0.06124428
-0.06124428
-0.06343974
-0.07539576
