-0.3896677
-0.4055276
-0.4055276
-0.3525797
-0.3433078
-0.3613647
-0.3774674
-0.3811286
-0.3808843
-0.3879592
-0.3879592
-0.3825927
-0.3735635
-0.374052
-0.3786873
-0.3835683
-0.3803957
-0.383324
-0.383324
-0.3796644
-0.3745406
-0.3821042
-0.3835683
-0.3847882
-0.3891807
-0.3962556
-0.3962556
-0.3901563
-0.3821042
-0.3842996
-0.3984527
-0.3984527
-0.3860081
-0.3720993
-0.3577035
-0.3577035
-0.3318403
-0.3203713
-0.3252524
-0.3638045
-0.3960114
-0.4182165
-0.4038208
-0.4038208
-0.3952801
-0.3957686
-0.4074804
-0.4028436
-0.3747834
-0.3606319
-0.3418436
-0.3418436
-0.3218355
-0.2935325
-0.2574202
-0.2393647
-0.2213078
-0.1895879
-0.1539641
-0.1539641
-0.1276123
-0.09442831
-0.05368074
-0.01781267
0.007807824
0.03635664
0.03635664
0.06514819
0.08149669
0.08662049
0.09833222
0.1093127
0.1295635
0.1415195
0.1402997
0.1402997
0.1351759
0.1351759
0.1376156
0.1395684
0.1327361
0.1227313
0.1249283
0.1249283
0.1256596
0.1188274
0.1005277
0.0863762
0.08466775
0.08906023
0.08906023
0.08906023
0.07490875
0.06758794
0.05465633
0.05001955
0.03879639
0.04050328
0.04172472
0.04465148
0.04465148
0.03586807
0.03171987
0.03001142
0.03098857
0.02879155
0.03220844
0.0263518
0.02903583
0.0222036
0.0222036
0.02684037
0.03781925
0.03806353
0.02195931
0.02195931
-0.01707981
0.01659124
