-0.8779119
-0.8735194
-0.855464
-0.855464
-0.8813273
-0.8813273
-0.8225242
-0.8552197
-0.8479005
-0.8518044
-0.8498517
-0.8503402
-0.8374086
-0.8352116
-0.843508
-0.843508
-0.8522914
-0.8610764
-0.8625405
-0.855464
-0.8654673
-0.885964
-0.8996285
-0.8996285
-1.001132
-1.025532
-1.011868
-1.024068
-0.9967393
-0.9381806
-0.9027995
-0.9027995
-0.904508
-0.8945047
-0.8718125
-0.8803517
-0.8654673
-0.8676643
-0.8676643
-0.8705927
-0.8642474
-0.8771806
-0.904508
-0.8957246
-0.8930405
-0.8852327
-0.8852327
-0.86742
-0.8354559
-0.8200845
-0.7761644
-0.7398077
-0.6985716
-0.6478207
-0.6182963
-0.6182963
-0.5926758
-0.5619316
-0.5538794
-0.557052
-0.5548565
-0.5548565
-0.4618924
-0.4618924
-0.4413957
-0.4177279
-0.3962556
-0.3777117
-0.3679527
-0.3628273
-0.3601433
-0.3601433
-0.3545325
-0.3250081
-0.3174445
-0.2759641
-0.2518078
-0.2320439
-0.2152084
-0.2152084
-0.19764
-0.1795846
-0.1424967
-0.1066286
-0.1073599
-0.1073599
-0.07515148
-0.07515148
-0.0697834
-0.07417589
-0.06880782
-0.0600244
-0.06270844
-0.06758794
-0.05416775
-0.07002769
-0.07905539
-0.07905539
-0.05636477
-0.04879968
-0.02513192
-0.006099377
0.003903912
0.01049186
0.01024758
0.01024758
-0.004879501
0.002439751
-0.01342018
-0.02244788
-0.03440391
-0.03440391
-0.04953254
-0.0353795
-0.01854397
-0.01659124
-0.01073615
-0.01610422
-0.007807824
-0.01951956
-0.00341534
-0.00341534
-0.01390876
-0.051728
-0.07246744
-0.08173943
-0.08540061
-0.07588433
-0.07588433
-0.09881923
-0.1080912
-0.07954396
-0.1324918
-0.1088241
-0.0905244
-0.0905244
-0.06539247
-0.07929967
-0.08393645
