-0.7856806
-0.7964168
-0.7498125
-0.7498125
-0.7334641
-0.8122767
-0.8535113
-0.831552
-0.8112996
-0.8112996
-0.7966595
-0.7881204
-0.7644526
-0.7620113
-0.8364315
-0.8871839
-0.8871839
-0.9142686
-0.9425715
-1.000888
-1.009428
-0.9008484
-0.8420438
-0.8203273
-0.8256953
-0.8256953
-0.7893403
-0.7512767
-0.7871448
-0.85278
-0.8727881
-0.8425324
-0.7920243
-0.7920243
-0.7051595
-0.6517246
-0.6722198
-0.6985716
-0.6917393
-0.6187833
-0.5536367
-0.5250879
-0.5250879
-0.5150846
-0.4330993
-0.3745406
-0.3579478
-0.3623403
-0.347456
-0.3108566
-0.3108566
-0.2740114
-0.2459527
-0.1864153
-0.1864153
-0.1683599
-0.1449364
-0.1168762
-0.1168762
-0.08662049
-0.05758465
-0.03708794
0.009760559
0.07076055
0.1041873
0.1041873
0.1132166
0.1049202
0.09003583
0.08881595
0.1129723
0.1317605
0.1659202
0.1659202
0.2088647
0.2174039
0.2237475
0.2642524
0.3030488
0.3613647
0.4365162
0.4365162
0.4892198
0.4823876
0.4945879
0.5231367
0.5226481
0.523868
0.5050797
0.5050797
