-0.7700634
-0.7698207
-0.7698207
-0.7666481
-0.7683565
-0.7766514
-0.7805552
-0.7805552
-0.7856806
-0.7883646
-0.7981237
-0.8134966
-0.8337474
-0.8454607
-0.8559526
-0.8559526
-0.8715683
-0.9013354
-0.9357393
-0.9533077
-0.946964
-0.9418402
-0.9418402
-0.9398875
-0.9398875
-0.925736
-0.9084119
-0.8827914
-0.8632718
-0.8220357
-0.7981237
-0.7747002
-0.7747002
-0.7339526
-0.7017442
-0.6646562
-0.6304966
-0.5855993
-0.5326514
-0.4806807
-0.4106514
-0.4106514
-0.3276921
-0.2620554
-0.1893436
-0.1090684
-0.02488763
-0.02488763
0.08051955
0.3152475
0.3950358
0.4884885
0.5314316
0.5348485
0.5587605
0.5587605
0.5326514
0.5043485
0.465552
0.4501807
0.4343207
0.3969885
0.3723436
0.3274478
0.3274478
0.3201286
0.2361921
0.1839756
0.1549397
0.1495717
0.1495717
