-0.6983273
-0.6939363
-0.6961318
-0.68442
-0.6875927
-0.6875927
-0.7027197
-0.7027197
-0.7014999
-0.7014999
-0.6863713
-0.6863713
-0.6941806
-0.6954005
-0.7022327
-0.7034526
-0.7034526
-0.7034526
-0.7056481
-0.7451758
-0.76128
-0.76128
-0.7644526
-0.7644526
-0.7605487
-0.7507882
-0.7476155
-0.7376122
-0.7459086
-0.7578647
-0.7471285
-0.7539607
-0.7593273
-0.7593273
-0.7981237
-0.8159363
-0.8337474
-0.8337474
-0.8432637
-0.8432637
-0.8881595
-0.8888924
-0.9015797
-0.9015797
-0.9176839
-0.9176839
-0.9176839
-0.9240276
-0.9223207
-0.9059721
-0.8891366
-0.9062164
-0.95892
-0.95892
-0.9833207
-0.9833207
-0.9803923
-0.9684363
-0.9684363
-0.9577001
-0.9559917
-0.9486725
-0.9645324
-0.9694119
-0.9662408
-0.9672164
-0.9796594
-0.9759998
-0.9759998
-0.9647767
