-0.6429396
-0.6509917
-0.6688044
-0.6761237
-0.6788077
-0.6895438
-0.7229722
-0.7229722
-0.7322442
-0.7163842
-0.7132116
-0.7237035
-0.7124803
-0.718824
-0.7093077
-0.7093077
-0.6951562
-0.7073565
-0.7163842
-0.7366366
-0.7537165
-0.7573761
-0.7573761
-0.7578647
-0.7781155
-0.7998321
-0.8078842
-0.8230113
-0.8239884
-0.8469234
-0.8579038
-0.8537556
-0.8537556
-0.8652246
-0.8964559
-0.8964559
-0.8974315
-0.8993842
-0.8993842
-0.9020683
-0.9254917
-0.9167083
-0.8923077
-0.8949917
-0.9145113
-0.9269559
-0.9347637
-0.9332995
-0.9242718
-0.9242718
-0.9335438
-0.9659966
-0.9740487
-0.9738044
-0.9833207
-0.9950324
-0.9950324
-0.9799038
-0.9723402
-0.9835634
-0.9433044
-0.9498923
-0.9701447
-0.9701447
-0.9857604
-1.028703
-0.9945438
-0.9742914
-0.9430601
