-0.7922686
-0.7990993
-0.7776285
-0.7776285
-0.7805552
-0.7837279
-0.8110552
-0.8110552
-0.8142279
-0.8142279
-0.7725047
-0.7737246
-0.7737246
-0.7715276
-0.7929999
-0.8127637
-0.8127637
-0.8193517
-0.8510715
-0.8662001
-0.8967001
-0.9186594
-0.9186594
-0.9020683
-0.8603435
-0.8357002
-0.834236
-0.7866562
-0.8025162
-0.8393598
-0.8393598
-0.8352116
-0.8683956
-0.8683956
-0.8918207
-0.9057279
-0.9210992
-0.9267116
-0.9232963
-0.9193923
-0.9059721
-0.9059721
-0.9428158
-0.9428158
-0.9447685
-0.9459884
-0.9755128
-1.016016
-1.015041
-0.9884444
-0.9884444
-0.98942
-0.95892
-0.9742914
-0.9742914
-0.9650194
-0.9642881
-0.9677035
