-0.4955634
-0.4670162
-0.4926367
-0.4926367
-0.5180113
-0.4958077
-0.5033713
-0.4936123
-0.5055683
-0.4875113
-0.4904397
-0.4975162
-0.4975162
-0.5165488
-0.5104478
-0.5197198
-0.5153273
-0.5082523
-0.5082523
-0.48678
-0.48678
-0.5126433
-0.5541237
-0.5785243
-0.5868207
-0.5895048
-0.5963354
-0.612684
-0.612684
-0.6099999
-0.5973126
-0.5836481
-0.5785243
-0.5794999
-0.6429396
-0.6368403
-0.6368403
-0.5480243
-0.5431433
-0.6056074
-0.6241514
-0.7005243
-0.7532279
-0.7666481
-0.7666481
-0.8335047
-0.8810845
-0.8884038
-0.8820601
-0.8784005
-0.8583924
-0.8762035
-0.8744966
-0.8744966
-0.8830357
-0.8986514
-0.9430601
-0.9906399
-1.016505
-1.01992
-1.01992
-1.016747
-1.011137
-1.037488
-1.029192
-1.024068
-1.007964
-1.007964
-0.9872246
-0.9908842
-0.9906399
-0.9840519
-0.9896643
-0.9942995
-1.004304
-1.004304
-1.004549
-0.9989363
-0.9942995
-1.012112
-1.004549
-1.004549
-1.003572
-1.003572
-0.9994233
-1.002107
-0.9930797
-1.011137
-1.014063
-0.9699005
-0.9713646
