-0.6014608
-0.6168321
-0.6168321
-0.6202475
-0.6358647
-0.6302523
-0.6470879
-0.6475764
-0.6475764
-0.6656318
-0.6700243
-0.6871041
-0.7022327
-0.7105276
-0.7010113
-0.7010113
-0.6971074
-0.7066237
-0.7283403
-0.7222393
-0.7263875
-0.7537165
-0.7585959
-0.7588403
-0.7588403
-0.7622556
-0.7656725
-0.7861676
-0.7876318
-0.8008077
-0.8152035
-0.8025162
-0.8025162
-0.7795797
-0.7734803
-0.7659168
-0.7820194
-0.8098354
-0.8191074
-0.7873875
-0.7873875
-0.7783598
-0.7510324
-0.7842165
-0.8308207
-0.8810845
-0.9130487
-0.9047523
-0.9423288
-0.9423288
-0.9728288
-0.9667279
-0.9628239
-0.9872246
-0.9935682
-0.9769754
-0.9769754
-0.9794167
-0.9903956
-1.007964
-0.9964966
-0.9996676
-0.9918598
-0.9742914
-0.9742914
-0.9606284
-0.9650194
-0.9494038
-0.9720959
-0.9750242
-0.9555047
-0.9555047
-0.9652637
-0.9372035
-0.9425715
