-0.6319607
-0.7354168
-0.7878761
-0.7878761
-0.7622556
-0.7622556
-0.7417604
-0.7490797
-0.7698207
-0.7593273
-0.7444445
-0.7283403
-0.7217523
-0.7219966
-0.7219966
-0.7481041
-0.7502996
-0.7332197
-0.7097963
-0.7244363
-0.718824
-0.7385879
-0.7385879
-0.7315113
-0.7217523
-0.7229722
-0.7344396
-0.7407833
-0.7107719
-0.7107719
-0.7210194
-0.7300487
-0.7473713
-0.7398077
-0.7346839
-0.7288273
-0.7334641
-0.740052
-0.7341954
-0.7266318
-0.7259005
-0.7327327
-0.7380993
-0.7373679
-0.7412719
-0.7412719
-0.7434673
-0.7483484
-0.7432246
-0.7551806
-0.7683565
-0.7581074
-0.7617686
-0.7617686
-0.7524966
-0.7451758
-0.7607914
-0.7822637
-0.8020276
-0.8020276
-0.7593273
-0.7627442
-0.7627442
-0.8022718
-0.8142279
-0.7988565
-0.7688435
-0.7654282
-0.7800683
-0.8144721
-0.8144721
-0.8088598
-0.7856806
-0.7951953
-0.8313077
-0.8727881
-0.8669315
-0.8669315
-0.8391155
-0.8271595
-0.8281366
-0.8779119
-0.8857197
-0.8954803
-0.8937718
-0.8937718
-0.9054836
-0.9054836
-0.9272001
-0.9369607
-0.9533077
-0.9601399
-0.94428
-0.9413517
-0.9372035
-0.9530634
-0.9530634
-0.9381806
-0.9293956
-0.9357393
-0.9628239
-0.9628239
-0.9616041
-0.9628239
-0.956236
-0.9452556
-0.935008
-0.9611155
-0.9677035
-0.9742914
-0.9742914
-0.9342767
-0.9386676
-0.9762442
-0.9957637
-0.9933239
-0.9828321
-0.9828321
-0.9733158
-0.965508
-0.9454998
-0.9518435
-0.9437914
-0.9730715
-0.9730715
-1.0004
-0.9359836
