-0.5702279
-0.5960927
-0.6014608
-0.6387914
-0.7080879
-0.7080879
-0.7590845
-0.8088598
-0.7720162
-0.7676237
-0.7954396
-0.7954396
-0.7851921
-0.7827523
-0.7790927
-0.7744559
-0.7671366
-0.7803125
-0.7803125
-0.7890959
-0.7890959
-0.7805552
-0.7822637
-0.8378956
-0.8635162
-0.8735194
-0.8864526
-0.8713239
-0.8669315
-0.8669315
-0.8708354
-0.8923077
-0.909876
-0.9091448
-0.8903565
-0.9086562
-0.9037767
-0.9037767
-0.9291514
-0.9291514
-0.9347637
-0.9423288
-0.9579445
-0.9625797
-0.9694119
-0.9694119
-0.9381806
-0.9586757
-0.9711204
-0.9642881
-0.9435487
-0.9540405
