-0.6741725
-0.7129673
-0.7129673
-0.7156514
-0.709552
-0.709552
-0.7671366
-0.7671366
-0.7359038
-0.7051595
-0.7176041
-0.7107719
-0.7093077
-0.6851514
-0.6851514
-0.7046725
-0.7185797
-0.7283403
-0.7193125
-0.6978403
-0.7014999
-0.7012556
-0.7012556
-0.7295601
-0.7302914
-0.7056481
-0.7012556
-0.7049168
-0.7141888
-0.7324885
-0.7324885
-0.7210194
-0.7146758
-0.7115048
-0.7063794
-0.7032083
-0.7044282
-0.7044282
-0.6993044
-0.7071123
-0.709552
-0.718824
-0.7154086
-0.7141888
-0.7168728
-0.7080879
-0.7163842
-0.7163842
-0.7224836
-0.7197996
-0.6995487
-0.7176041
-0.7075993
-0.7132116
-0.7305357
-0.7039396
-0.7039396
-0.7124803
-0.71614
-0.7259005
-0.7476155
-0.7424917
-0.74664
-0.74664
-0.7459086
-0.7588403
-0.7812881
-0.7751887
-0.7417604
-0.7429803
-0.7502996
-0.7502996
-0.7578647
-0.7717718
-0.7576204
-0.77592
-0.7908044
-0.7649396
-0.7998321
-0.7998321
-0.8274038
-0.8457035
-0.8425324
-0.8588794
-0.874008
-0.8793761
-0.9101204
-0.9101204
-0.8918207
-0.9047523
-0.8906008
-0.8996285
-0.8974315
-0.8781562
-0.8781562
-0.9132914
-0.9618484
-0.9489167
-0.9325683
-0.9269559
-0.9318354
-0.9591643
-0.9591643
-0.977464
-0.9637995
-0.9430601
-0.9686806
-0.9838077
-0.9777083
-0.9877115
-0.9799038
-0.9799038
-0.9579445
-0.9637995
-0.9581887
-0.9557474
-0.9518435
-0.9584315
-0.9584315
-0.9674607
-0.9674607
-0.9784396
-0.9625797
-0.9357393
-0.9769754
-0.9864917
-0.9752685
-0.9752685
