-0.7302914
-0.7322442
-0.7329755
-0.7239478
-0.7539607
-0.7539607
-0.7751887
-0.7849478
-0.7869005
-0.7869005
-0.8117881
-0.8178875
-0.7951953
-0.7951953
-0.7707963
-0.8095927
-0.8095927
-0.8686399
-0.8430194
-0.8549755
-0.8703484
-0.8923077
-0.8683956
-0.8669315
-0.8669315
-0.9132914
-0.9132914
-0.8613207
-0.8752279
-0.9179282
-0.9179282
-0.9108517
-0.9108517
-0.9076806
-0.9330568
-0.9120715
-0.9120715
-0.9308598
-0.9479396
-0.9667279
-0.9752685
-0.9684363
-0.9625797
-0.9784396
-0.970876
-0.970876
