-0.3364755
-0.3425765
-0.3294006
-0.3301319
-0.3320846
-0.3301319
-0.3301319
-0.326228
-0.3186644
-0.3128078
-0.31964
-0.3220797
-0.3269593
-0.3172003
-0.3172003
-0.3115879
-0.3074397
-0.3010961
-0.3013403
-0.2979234
-0.3008518
-0.3042687
-0.3096367
-0.3096367
-0.3201286
-0.3101237
-0.3093924
-0.3120765
-0.3057313
-0.3057313
-0.2954837
-0.2830406
-0.2886514
-0.2942638
-0.2991433
-0.2979234
-0.3071954
-0.3084153
-0.3084153
-0.2991433
-0.2923126
-0.2942638
-0.2945081
-0.3045114
-0.3040244
-0.3023159
-0.3023159
-0.2964593
-0.3025602
-0.3025602
-0.3010961
-0.3054885
-0.2967035
-0.2935325
-0.2952394
-0.2952394
-0.2910928
-0.2927997
-0.2884087
-0.2867003
-0.2879201
-0.2903599
-0.2810879
-0.2540033
-0.2540033
-0.244
-0.2649837
-0.291824
-0.2884087
-0.2962165
-0.2969478
-0.2969478
-0.3093924
-0.3067084
-0.3164674
-0.3181759
-0.3198843
-0.3472117
-0.3628273
-0.3628273
-0.3645358
-0.3772247
-0.4101644
-0.4282198
-0.4526204
-0.4679918
-0.4679918
-0.4955634
-0.4955634
-0.484096
-0.4757996
-0.4618924
-0.4894641
-0.5036156
-0.499956
-0.499956
-0.5089837
-0.5602247
-0.5970683
-0.6358647
-0.6422083
-0.6419641
-0.6441595
-0.6441595
-0.6468436
-0.6729527
-0.6690487
-0.6922279
-0.7032083
-0.7139445
-0.7110162
-0.7073565
-0.7073565
-0.7378565
-0.7544478
-0.7951953
-0.7988565
-0.8364315
-0.8364315
-0.8552197
-0.8552197
-0.8793761
-0.8910878
-0.8991399
-0.9006041
-0.8976758
-0.9037767
-0.9037767
-0.8971887
-0.8844998
-0.8752279
-0.8818158
-0.892552
-0.8949917
-0.8949917
-0.8942604
-0.91378
-0.9123158
-0.9167083
-0.9391562
-0.9413517
-0.9537963
-0.9777083
-0.9889315
-0.9889315
-1.000645
-0.9845405
-0.9789281
-0.9691676
-0.9703875
-0.9642881
-0.9642881
-0.9476953
-0.9625797
-0.9694119
-0.9872246
-0.9899086
-0.9989363
-0.98942
-0.9720959
-0.9720959
-1.001865
-1.001865
-0.9542832
-0.9818565
-0.9906399
-1.010648
-1.010648
-0.9940552
-0.9964966
-0.8981643
