-0.6387914
-0.6897882
-0.6897882
-0.7039396
-0.7273647
-0.7190683
-0.7207767
-0.7068679
-0.6973517
-0.6973517
-0.679052
-0.7058924
-0.6958875
-0.718824
-0.718824
-0.7395634
-0.7395634
-0.7668924
-0.7756758
-0.7803125
-0.7961725
-0.8044673
-0.8108125
-0.7866562
-0.7866562
-0.8183761
-0.8496073
-0.8496073
-0.8410683
-0.8464363
-0.8464363
-0.8561953
-0.8515601
-0.8488761
-0.8835242
-0.8852327
-0.8866953
-0.9047523
-0.9306155
-0.9306155
-0.9389119
-0.9650194
-0.9650194
-0.9594086
-0.9813679
-0.9764884
-0.9718516
-0.9650194
-0.9847832
-0.9847832
-0.9711204
-0.9767327
-0.9738044
-1.005524
-1.009428
-0.9857604
-1.0065
-1.010404
-0.9857604
-0.9857604
-0.9828321
-0.9818565
-0.9972278
-0.9972278
-1.009917
-1.007964
-1.00162
-0.9921041
