0.1066286
0.1078485
0.1105325
0.1176075
0.1263925
0.1263925
0.07100328
0.04318732
0.08320359
0.08320359
0.09662377
0.09662377
0.09174427
0.09174427
0.08393645
0.08393645
0.09589247
0.1332247
0.1254153
0.1266368
0.1266368
0.1346873
0.1149235
0.1363958
0.1363958
0.157868
0.1744593
0.1744593
0.1817801
0.1537199
0.1537199
0.1776319
0.1776319
0.1525
0.1525
0.1522557
0.1522557
0.1715325
0.1715325
0.1871482
0.1871482
0.1893436
0.1520114
0.145912
0.1527443
0.1588436
0.1600635
0.1422524
0.1429837
0.1444479
0.1415195
