-0.3630716
-0.340868
-0.340868
-0.3823484
-0.4221204
-0.3999153
-0.3999153
-0.3433078
-0.3369641
-0.3513599
-0.3952801
-0.3691725
-0.3203713
-0.2727915
-0.2669364
-0.2669364
-0.2932882
-0.2932882
-0.2608355
-0.1881238
-0.1259039
-0.1598208
-0.2098403
-0.19764
-0.19764
-0.1542084
-0.1151677
-0.08881595
-0.01439577
0.01781267
-0.06661235
-0.1215114
-0.03001142
0.05807167
0.08369216
0.08369216
0.0649039
0.04416447
-0.00561236
-0.04026055
-0.01000329
-0.01000329
0.04465148
0.0871075
0.05538763
0.05782738
0.06343974
0.05368074
0.0312313
0.0312313
0.02879155
0.03220844
0.05636477
