-0.01122472
-0.04831266
-0.0607557
-0.0607557
-0.07661564
-0.0912557
-0.06173129
-0.02952441
-0.001952734
-0.04221173
-0.1041873
-0.1041873
-0.1090684
-0.07002769
-0.05465633
-0.06954067
-0.06051142
-0.05001955
-0.03269546
-0.03269546
-0.03269546
-0.05563192
-0.04123614
-0.004392485
0.02122801
0.03635664
0.06026869
0.06026869
0.08173943
0.08173943
0.06124428
0.0558762
0.07002769
0.1017476
0.1402997
0.1402997
0.1566482
0.1881238
0.19764
0.19764
0.2010554
0.1866596
0.1825114
0.1795846
0.1795846
0.1812915
0.1668957
0.1710439
0.1385928
0.1290765
0.1097997
0.1251726
0.1410325
0.1410325
0.1542084
0.1727524
0.1642117
0.1559153
0.1354202
0.1354202
0.1295635
0.1283436
0.1510358
0.1720195
0.1873925
0.1344446
0.1217557
0.1217557
0.09784365
0.0829593
0.08344787
0.06734365
0.05978011
0.06221987
0.08320359
