0.06636807
0.1139479
0.1305407
0.06392831
0.02488763
0.02488763
0
-0.01683552
-0.004148198
0.02391205
0.06173129
0.08540061
0.08540061
0.04538434
0.04538434
0.02488763
0.03147558
0.08173943
0.1166319
0.08003253
0.02098372
0.02732738
0.05758465
0.05758465
0.07881266
0.1054087
0.1171205
0.1171205
0.09662377
0.08686477
0.08906023
0.08076384
0.07612862
0.1234641
0.1583566
0.1481075
0.1481075
0.1402997
0.1012605
0.09564818
0.09881923
0.1490846
0.1600635
0.1781205
0.1781205
0.1912964
0.1890993
0.1998355
0.1920277
0.1620162
0.1620162
0.1834885
0.1747036
0.1842199
0.1595765
0.1327361
0.1368843
0.1368843
0.1810472
0.1869039
0.1988599
0.1803159
0.1632361
0.1632361
0.1576238
0.1681156
0.1476205
0.1315162
0.1229756
0.1229756
0.1149235
0.1139479
0.124684
0.1402997
0.1298078
0.1298078
0.1139479
0.1139479
0.1310277
0.140544
0.1305407
0.1507915
0.1507915
0.1268795
0.08540061
0.05782738
0.07881266
0.07881266
0.1559153
