0.08247229
0.06221987
0.03513677
0.03830782
0.03830782
0.04757981
0.05001955
0.05026384
0.04855539
0.03074428
0.003172609
0.003172609
-0.03415962
-0.0641726
-0.01878826
0.03196416
0.06197558
0.05538763
0.06343974
0.06343974
0.04977527
0.04587136
0.0600244
0.08588763
0.1095554
0.1359087
0.1544527
0.1544527
0.2117915
0.2325325
0.1961759
0.1673843
0.1559153
0.1634804
0.2125244
0.2125244
0.2662036
0.2684006
0.2732801
0.2693762
0.2888957
0.3064641
0.3150032
0.3257394
0.3257394
0.3345244
0.3508713
0.328912
0.3291563
0.3172003
0.2986563
0.2793795
0.2625439
0.2522964
0.2522964
0.2291156
0.2122801
0.2081319
0.2195993
0.2078876
0.1820244
0.1615277
0.1615277
0.1185846
0.2100846
0.2910928
0.2769397
0.2361921
0.2208208
0.2520521
0.2520521
0.249368
0.2427801
0.2579087
0.2649837
0.3484316
0.4021123
0.4179722
0.3857638
0.3115879
0.3003647
0.2993876
0.3228126
0.3813713
