-0.2588843
-0.2698647
-0.2698647
-0.2803566
-0.2698647
-0.2757198
-0.2618126
-0.2764527
-0.2842605
-0.2842605
-0.2742557
-0.2569316
-0.2642524
-0.2520521
-0.2598599
-0.2735244
-0.2903599
-0.2903599
-0.3132963
-0.2710846
-0.2344837
-0.2047165
-0.2832834
-0.2832834
-0.3511156
-0.2791367
-0.1815358
-0.1268795
-0.08832738
-0.07246744
-0.05490061
-0.06831924
-0.09662377
-0.0912557
-0.04343161
-0.04343161
0.01927527
0.05856024
0.04001627
0.06465962
0.1171205
0.1873925
0.1873925
0.1332247
0.1327361
0.1019918
