-0.005856646
-0.00561236
-0.00561236
0.01342018
0.006099377
0.002439751
0.008052111
0.007563538
0.008296397
0.007319252
0.009760559
0.009760559
0.01098043
0.004636771
0.03464819
0.03464819
0.04904397
0.04904397
0.04904397
0.0395277
0.04733552
0.05782738
0.06441533
0.06441533
0.04635993
0.04635993
0.02415633
0.02415633
0.04294459
0.04294459
0.07222471
0.06270844
0.06270844
0.04123614
0.04123614
0.05123943
0.05123943
0.0395277
0.0395277
0.03855211
0.04587136
0.04733552
0.06221987
0.07856838
0.07856838
0.07466446
0.07466446
0.05636477
0.05636477
0.05978011
0.05978011
0.04221173
0.04318732
0.04318732
0.0395277
0.04026055
0.04196744
0.04270031
0.03904068
0.02269217
0.02269217
0.01464006
0.02928012
0.03977198
0.04367589
