0.1571368
0.1566482
0.1385928
0.1302964
0.1049202
0.082228
0.082228
0.09564818
0.1171205
0.1332247
0.1678713
0.1744593
0.1620162
0.1549397
0.1549397
0.161772
0.1388355
0.1163876
0.1383485
0.1839756
0.1878795
0.1878795
0.1417638
0.1122394
0.1600635
0.1076042
0.1276123
0.09223129
0.07661564
0.05245931
0.05245931
0.02562049
-0.04367589
-0.008783413
0.005856646
0.009271986
0.03001142
0.03001142
-0.01512863
-0.01512863
-0.02976869
0.004879501
0.01293161
-0.03025571
-0.1112638
-0.1112638
-0.1217557
-0.07368731
-0.04538434
-0.06270844
-0.04953254
-0.05782738
-0.07051627
-0.06563676
-0.06563676
-0.07173613
-0.07173613
-0.06612378
-0.05490061
-0.04270031
-0.07100328
-0.07954396
-0.07954396
-0.06661235
-0.06441533
-0.07881266
-0.1239527
-0.1720195
-0.1581123
-0.1422524
-0.1422524
-0.1385928
-0.1205358
-0.08003253
-0.1105325
-0.09613676
-0.1307834
-0.07905539
-0.02122801
-0.02122801
0.04514005
0.1261482
0.1734837
0.1952003
0.1676286
0.1656759
0.1656759
0.1564039
0.1461563
0.1515244
0.164456
0.2174039
0.2564445
0.2315554
0.2083762
0.2083762
0.2425358
0.2513208
0.2854804
0.2762084
0.2901156
0.3276921
0.2662036
0.2662036
0.2408274
0.2171596
0.2405846
0.2339967
0.2335081
0.1815358
0.1434723
0.1676286
0.1676286
0.2710846
0.173728
0.164456
0.1849527
0.1600635
0.1600635
0.1727524
0.1734837
0.1998355
0.1952003
