0.206912
0.2676677
0.2676677
0.1890993
0.1890993
0.1707997
0.1722638
0.1471319
0.1571368
0.157868
0.2086205
0.2498566
0.2322882
0.2322882
0.2139885
0.19764
0.1895879
0.1837313
0.1925162
0.1842199
0.164456
0.164456
0.1778762
0.2049593
0.1983713
0.1722638
0.1629918
0.1632361
0.1632361
0.1825114
0.1954446
0.1761677
0.1668957
0.1612834
0.1476205
0.1424967
0.1385928
0.1500602
0.1500602
0.1546954
0.1681156
0.1917834
0.1956873
0.1947117
0.1878795
0.1878795
0.1956873
0.2213078
0.2425358
0.2266759
0.2025195
0.2047165
0.2047165
0.1871482
0.1915407
0.183
0.1620162
0.1517687
0.1444479
0.1485961
0.1810472
0.1776319
0.1776319
0.1546954
0.1620162
0.173728
0.1871482
0.1710439
0.164456
0.1537199
0.1642117
0.1642117
0.1773876
0.2000798
0.1973957
0.1754364
0.1754364
0.1683599
0.1683599
0.1627475
0.1686042
0.1754364
0.1776319
0.1776319
0.1678713
0.1607964
0.1632361
0.1632361
0.1393241
0.1227313
0.1254153
0.157868
0.2052036
0.1893436
0.1661644
0.1461563
0.1461563
0.1520114
0.1647003
0.1483518
0.1466433
0.1629918
0.1629918
0.1751921
0.1861726
0.1810472
0.1732394
0.164456
0.1751921
0.1910521
0.183
0.183
0.1781205
0.1795846
0.1812915
0.1773876
0.1825114
0.1827557
0.1827557
0.1881238
0.1817801
0.1778762
0.1759235
0.1720195
0.1832443
0.1800717
0.1800717
0.1854397
0.188368
0.1783648
0.1793403
0.1820244
0.1888566
0.1886123
0.1886123
0.1944674
0.1812915
0.1839756
0.1822687
0.1800717
0.1825114
0.1893436
0.1893436
0.1778762
0.1793403
0.1851954
0.185684
0.1805602
0.1808045
0.1808045
0.1808045
0.1832443
0.1871482
0.1866596
0.16714
0.1598208
0.176412
0.176412
0.176412
0.1878795
0.183
0.1654316
0.1664087
0.1803159
0.2044723
0.1466433
0.1466433
