0.3791758
0.3330602
0.3330602
0.3274478
0.3274478
0.3206156
0.3023159
0.3225683
0.3308647
0.3345244
0.3345244
0.3345244
0.3272035
0.3206156
0.3337915
0.3357442
0.3340358
0.322324
0.3218355
0.3218355
0.328912
0.3420879
0.3306204
0.3206156
0.3350114
0.3386725
0.3386725
0.3433078
0.3430635
0.3469674
0.3325716
0.3298876
0.3447719
0.3396482
0.3467247
0.3596563
0.3596563
0.3860081
0.3728322
0.3147605
0.3440406
0.3440406
0.3647801
0.3616075
0.3616075
0.3764918
0.3943045
0.4126042
0.413824
0.413824
0.4240716
0.4572556
0.4572556
0.4638436
0.4928794
0.4745797
0.4411514
0.4521318
0.4770195
0.5067882
0.5067882
0.5055683
0.4789722
0.4728713
0.4753126
0.5045927
0.4753126
0.4606725
0.4606725
0.4596954
0.4875113
0.50264
0.5058126
0.4970276
0.4697002
0.4601839
0.4601839
0.4596954
0.4833647
0.4848273
0.4789722
0.4514005
0.4570113
0.4548159
0.4548159
0.4609153
0.4653077
0.4772638
0.4762882
0.4650635
0.4718957
0.4716514
0.4716514
0.4670162
0.4811677
0.4777524
0.4665276
0.4594527
0.4638436
0.47214
0.4718957
0.4718957
0.4643322
0.47214
0.4582328
0.4606725
0.4804364
0.4804364
0.4733599
