-0.07246744
-0.122
-0.122
-0.1149235
-0.04977527
-0.01512863
-0.01512863
0.03220844
0.03220844
-0.03440391
-0.1071156
-0.2803566
-0.2803566
-0.444324
-0.444324
-0.4938566
-0.4938566
-0.5760846
-0.5760846
-0.6326921
-0.6326921
-0.7327327
-0.7327327
-0.6534315
-0.6534315
-0.5814527
-0.5028843
-0.4191921
-0.4191921
-0.4489592
-0.4489592
-0.4199234
-0.4199234
-0.4130927
-0.4130927
-0.3589234
-0.3096367
-0.2198436
-0.1773876
-0.1412753
-0.1412753
-0.09345272
-0.08271657
0.006099377
0.006099377
0.06246415
0.1176075
0.0509967
0.01976385
0.1451807
0.1451807
0.2186238
0.2186238
0.4243159
0.3716123
0.3716123
0.3716123
0.3967442
0.3286677
0.2801123
0.2164283
0.2164283
0.1529886
0.1212687
0.07368731
0.05343645
0.03245273
0.03245273
0.05636477
