0.01268733
0.03781925
0.03781925
0.0353795
0.03781925
0.03220844
0.01756838
0.01756838
0.01707981
0.0214723
0.0214723
0.02732738
0.01927527
0.01659124
0.004636771
0.001708448
0.008540683
0.008540683
-0.003659626
-0.005368074
0.002684037
0.006587949
0.008296397
0.0090277
0.008540683
0.008540683
0.004636771
0.0004885725
-0.008783413
-0.004392485
-0.01220031
-0.01512863
-0.01927527
-0.01927527
-0.01146745
-0.006832235
-0.01634851
-0.01878826
-0.02195931
-0.003903912
-0.0124446
-0.02732738
-0.02732738
-0.03757652
-0.02659608
0.0002442863
0.01220031
0.01561565
0.01390876
-0.02830453
-0.02830453
-0.04074757
-0.04074757
-0.01829969
-0.01878826
-0.02806024
-0.02000813
-0.0124446
-0.0124446
-0.0131759
-0.01268733
-0.01439577
-0.01195602
-0.01195602
-0.01024758
-0.009271986
-0.008052111
-0.001952734
0.0090277
-0.0009755891
-0.004636771
-0.0004885725
-0.0004885725
0.002928323
-0.005368074
-0.007319252
-0.009516273
