0.01390876
0.0131759
0.02269217
0.02269217
0.02732738
0.02318074
0.02464335
0.02464335
0.04538434
0.04855539
0.04855539
0.05441204
0.05904726
0.03904068
0.04806838
0.03904068
0.04148043
0.04148043
0.03098857
0.01707981
0.02830453
0.03391533
0.02366776
0.009271986
0.009516273
0.01171174
0.01171174
0.01171174
0.02293646
0.03220844
0.0263518
0.0214723
0.0180554
0.02562049
0.02562049
0.02049671
0.02122801
0.0173241
0.01415149
0.02415633
0.02903583
0.02903583
0.02244788
0.02293646
0.02269217
0.02537621
0.02952441
0.03171987
0.03196416
0.03196416
0.0263518
0.02440062
0.02342347
0.02342347
0.01878826
0.01122472
0.009760559
0.009760559
0.01293161
0.01268733
0.01171174
0.01366447
0.01878826
0.0173241
0.007563538
0.007563538
0.003659626
0.001708448
0.04635993
0.02049671
0.02781596
0.02269217
0.02269217
0.02684037
0.02684037
0.04855539
0.04172472
0.04245602
0.04245602
0.03586807
0.03171987
0.03171987
0.006587949
0.006587949
-0.007076522
0.0009755891
0.01073615
0.01634851
0.01976385
0.01195602
0.01195602
0.004148198
0.002684037
-0.01024758
-0.01537136
-0.02586322
-0.04806838
-0.05148372
-0.05148372
-0.06270844
-0.06539247
-0.05416775
-0.05148372
-0.06246415
-0.07198042
-0.06270844
-0.04855539
-0.04855539
-0.03147558
-0.0222036
-0.009271986
-0.0004885725
0.01415149
0.01415149
0.03147558
0.03147558
0.04343161
0.05026384
0.06539247
0.08540061
0.1032117
0.1010163
0.1144364
0.1144364
0.1276123
0.1383485
0.1239527
0.1049202
0.09833222
0.08832738
0.08832738
0.08344787
0.06807651
0.08076384
0.05758465
0.05612049
0.06392831
0.05563192
0.05221658
0.05221658
0.08662049
0.1198045
0.1056515
0.09028011
0.08832738
0.07637135
0.07637135
0.08125241
0.08125241
0.09979638
0.1190717
0.1222443
0.1241954
0.1295635
0.1268795
0.1268795
0.1227313
0.1163876
0.1132166
0.1139479
0.1139479
0.1173648
0.1202915
0.1202915
0.1198045
0.1078485
0.09930781
0.1000407
0.0863762
0.08735178
0.09198856
0.09198856
0.0946726
0.09149998
0.08954725
0.08979154
0.0829593
0.082228
0.08540061
0.08540061
0.0863762
0.07881266
0.0690521
0.07051627
0.06807651
0.06685664
0.07564005
0.07564005
0.08198372
0.08198372
0.1044316
0.1473762
0.1544527
0.08588763
0.04611564
0.04611564
-0.0004885725
-0.0004885725
-0.0009755891
0.01707981
0.02952441
0.0509967
0.0509967
0.03757652
0.01512863
0.003903912
0.0002442863
-0.01659124
-0.007319252
-0.001464162
-0.00341534
-0.006099377
-0.006099377
0.001952734
0.01024758
0.007807824
0.0090277
-0.007563538
-0.01512863
0.002439751
0.002439751
-0.004636771
-0.001464162
0.003903912
-0.003903912
-0.005856646
-0.005856646
-0.007319252
-0.0090277
-0.008783413
-0.01146745
-0.01781267
-0.01464006
-0.02025242
-0.02025242
-0.0173241
-0.01512863
-0.02244788
-0.01634851
-0.01634851
-0.01561565
-0.01146745
-0.0124446
-0.01512863
-0.02415633
-0.02586322
-0.01854397
-0.01683552
-0.01756838
-0.01756838
-0.0173241
-0.0173241
-0.02000813
-0.02098372
-0.02684037
-0.03586807
-0.01951956
-0.0263518
-0.03391533
-0.02659608
-0.02415633
-0.02415633
-0.01707981
-0.01390876
-0.004636771
-0.01561565
-0.02244788
-0.02244788
-0.02708466
-0.02708466
-0.02928012
-0.03342832
-0.02976869
-0.03440391
-0.03391533
-0.03025571
-0.03025571
-0.03879639
-0.04050328
-0.04123614
-0.03855211
-0.03611235
-0.03733223
-0.03098857
-0.02708466
-0.01878826
-0.01878826
-0.01878826
-0.02562049
-0.03391533
-0.03196416
-0.03196416
-0.04001627
-0.05441204
-0.05441204
-0.05856024
-0.06587949
-0.07832409
-0.09247557
-0.1024804
-0.1066286
-0.1066286
-0.1054087
-0.1117524
-0.1190717
-0.1115081
-0.1076042
-0.1046759
-0.1046759
-0.100772
-0.09223129
-0.1046759
-0.1097997
-0.1097997
-0.1063843
-0.09735663
-0.09515961
-0.09345272
-0.09345272
-0.09247557
-0.09271986
-0.09955209
-0.1071156
-0.10614
-0.10614
-0.09711234
-0.09711234
-0.0946726
-0.1010163
-0.1051645
-0.103456
-0.1073599
-0.1198045
-0.1198045
-0.1122394
-0.08076384
-0.05636477
-0.0607557
-0.07759123
-0.07588433
-0.07588433
-0.06685664
-0.07368731
-0.07490875
-0.0697834
-0.0697834
-0.06051142
-0.05441204
-0.05294788
-0.04538434
-0.04538434
-0.04635993
-0.0509967
-0.051728
-0.05392347
-0.04538434
-0.03562378
-0.03562378
-0.03293975
-0.02928012
-0.02781596
-0.02781596
-0.01781267
-0.01927527
-0.01903255
-0.009760559
-0.009760559
0.003659626
0.01073615
0.01342018
0.01634851
0.02195931
0.02195931
0.01000329
0.0131759
0.01927527
0.01927527
0.006587949
0
0.0009755891
-0.007319252
-0.007319252
-0.01293161
-0.01829969
-0.02562049
0.003659626
0.02854726
0.02854726
0.04879968
0.05758465
0.06221987
0.05856024
0.05856024
0.05856024
0.0773485
0.0905244
0.08759607
0.08759607
0.08173943
0.08662049
0.07173613
0.0607557
0.04757981
0.04123614
0.03513677
0.0395277
0.0395277
0.05294788
0.05294788
0.06734365
0.08613191
0.1071156
0.1263925
0.131272
0.131272
0.1244397
0.1139479
0.1095554
0.1039446
0.09784365
0.08051955
0.05978011
0.03659937
0.03659937
0.02952441
0.01707981
0.008296397
0.002684037
-0.01220031
-0.03830782
-0.03830782
-0.06173129
-0.08735178
-0.1149235
-0.1695798
-0.1695798
-0.1795846
-0.1871482
-0.2044723
-0.2044723
-0.2257003
-0.2361921
-0.2296042
-0.2237475
-0.2166726
-0.2003241
-0.1939804
-0.1939804
-0.1869039
-0.1666515
-0.1666515
-0.155184
-0.1488404
-0.1532313
-0.1556726
-0.1556726
-0.1520114
-0.1498159
-0.1495717
-0.1476205
-0.1407882
-0.1290765
-0.1259039
-0.1376156
-0.1376156
-0.1471319
-0.1471319
-0.1451807
-0.1442036
-0.1471319
-0.1500602
-0.1500602
-0.1488404
-0.1607964
-0.1534756
-0.1327361
-0.103456
-0.09223129
-0.1019918
-0.1122394
-0.1122394
-0.1015033
-0.08784036
-0.0780798
-0.09442831
-0.1110195
-0.1132166
-0.1132166
-0.1137036
-0.10614
-0.09662377
-0.09906352
-0.1044316
-0.1044316
-0.1080912
-0.1041873
-0.09613676
-0.1078485
-0.1078485
-0.1080912
-0.1080912
-0.1032117
-0.1032117
-0.08881595
-0.08881595
-0.08100812
-0.0732003
-0.07100328
-0.0739316
-0.07612862
-0.06856353
-0.06246415
-0.06246415
-0.05880453
-0.06026869
-0.06441533
-0.05807167
-0.05197229
-0.051728
-0.051728
-0.05880453
-0.06368402
-0.06368402
-0.06954067
-0.06661235
-0.06758794
-0.06954067
-0.06929639
-0.06270844
-0.06270844
-0.07710421
-0.08149669
-0.0649039
-0.0468485
-0.04270031
-0.04416447
-0.04416447
-0.04709123
-0.04953254
-0.05758465
-0.0558762
-0.05441204
-0.05416775
-0.05416775
-0.0600244
-0.0600244
-0.06612378
-0.06636807
-0.05343645
-0.05343645
-0.04611564
-0.04611564
-0.04879968
-0.04928825
-0.05416775
-0.08051955
-0.0780798
-0.07539576
-0.07539576
-0.02854726
-0.005123788
-0.0090277
-0.02757167
-0.02537621
-0.03049999
-0.04099186
-0.04099186
-0.03855211
-0.04294459
-0.05026384
-0.05490061
-0.05538763
-0.04806838
-0.03855211
-0.03855211
-0.04440875
-0.04440875
-0.05148372
-0.05343645
-0.04928825
-0.05270359
-0.06197558
-0.05782738
-0.05392347
-0.0600244
-0.0600244
-0.0558762
-0.04635993
-0.04514005
-0.03855211
-0.03757652
-0.04977527
-0.05392347
-0.05392347
-0.05514335
-0.05075242
-0.04587136
-0.04221173
-0.03830782
-0.03659937
-0.03659937
-0.03513677
-0.03489248
-0.04294459
-0.04806838
-0.04660422
-0.04392018
-0.04099186
-0.03562378
-0.03562378
-0.04172472
-0.05050813
-0.04782409
-0.04074757
-0.05758465
-0.06099999
-0.06099999
-0.06343974
-0.06221987
-0.07027198
-0.0732003
-0.0732003
-0.0780798
-0.07515148
-0.07100328
-0.07100328
-0.0558762
-0.05831595
-0.05465633
-0.06099999
-0.05831595
-0.05123943
-0.05123943
-0.05368074
-0.05612049
-0.05709608
-0.06099999
-0.07222471
-0.09076868
-0.09955209
-0.1022361
-0.1022361
-0.07466446
-0.07466446
-0.05441204
-0.04343161
-0.03733223
-0.03733223
-0.02464335
-0.02195931
-0.02098372
-0.008052111
-0.002439751
-0.0009755891
-0.0007313028
0.005856646
0.006343663
0.006343663
0.002684037
0.002684037
0.0090277
0.002195464
-0.005368074
-0.008052111
-0.008052111
-0.0131759
-0.008052111
-0.0090277
-0.001708448
-0.001219875
0.006343663
0.0090277
0.009760559
0.009760559
0.02098372
0.02342347
0.03025571
0.03708794
0.04074757
0.03269546
0.0222036
0.0180554
0.02122801
0.02122801
0.01976385
0.01585994
0.0124446
0.01610422
0.01610422
0.006099377
0.006099377
0.007319252
0.004392485
0.004392485
-0.006832235
-0.008540683
-0.007076522
-0.0131759
-0.01415149
-0.01415149
-0.01683552
-0.0214723
-0.03025571
-0.02952441
-0.02732738
-0.02928012
-0.02928012
-0.03220844
-0.04074757
-0.04416447
-0.03855211
-0.0353795
-0.02732738
-0.02952441
-0.02952441
-0.02976869
-0.03513677
-0.03001142
-0.02025242
-0.01781267
-0.01537136
-0.01878826
-0.01878826
-0.01464006
-0.01098043
-0.0004885725
0.0002442863
-0.002684037
-0.006832235
-0.0222036
-0.0222036
-0.03757652
-0.03708794
-0.03489248
-0.04196744
-0.05294788
-0.05953583
-0.06124428
-0.06124428
-0.05929154
-0.05929154
-0.06441533
-0.05343645
-0.04148043
-0.03489248
-0.02854726
-0.02854726
-0.02366776
-0.01634851
-0.01146745
-0.01146745
-0.0090277
-0.0090277
-0.001464162
-0.002195464
0.003903912
0.0007313028
-0.003172609
-0.0090277
-0.01049186
-0.009516273
-0.003659626
-0.003659626
0.001708448
-0.001464162
-0.005856646
-0.01122472
-0.01561565
-0.01854397
-0.02244788
-0.02244788
-0.02244788
-0.02928012
-0.03171987
-0.03611235
-0.04611564
-0.04196744
-0.04050328
-0.0468485
-0.0468485
-0.06783222
-0.06783222
-0.06685664
-0.06197558
-0.0566075
-0.06465962
-0.06270844
-0.06612378
-0.06612378
-0.06807651
-0.06539247
-0.06587949
-0.06954067
-0.07368731
-0.07368731
-0.07515148
-0.07271173
-0.07271173
-0.07149185
-0.06880782
-0.06734365
-0.06563676
-0.06758794
-0.06295273
-0.06319545
-0.06319545
-0.06319545
-0.06270844
-0.06246415
-0.06441533
-0.07198042
-0.07051627
-0.07051627
-0.07295601
-0.07783552
-0.07783552
-0.07295601
-0.07124756
-0.07173613
-0.07198042
-0.07539576
-0.07539576
-0.07295601
-0.07149185
-0.06831924
-0.06173129
-0.04831266
-0.04196744
-0.04099186
-0.04099186
-0.04440875
-0.04026055
-0.04611564
-0.04270031
-0.03757652
-0.04538434
-0.04538434
-0.05245931
-0.05294788
-0.05075242
-0.05294788
-0.05343645
-0.05343645
-0.04782409
-0.04538434
-0.04879968
-0.05270359
-0.04416447
-0.04806838
-0.05148372
-0.05807167
-0.0558762
-0.05148372
-0.04733552
-0.04782409
-0.04782409
-0.04831266
-0.04416447
-0.04416447
-0.04733552
-0.04733552
-0.04245602
-0.03733223
-0.03245273
-0.02708466
-0.02757167
-0.03147558
-0.0336726
-0.0336726
-0.03611235
-0.03391533
-0.03025571
-0.02928012
-0.0336726
-0.0336726
-0.03562378
-0.03977198
-0.03977198
-0.03879639
-0.03269546
-0.0263518
-0.02903583
-0.02781596
-0.0353795
-0.0353795
-0.0312313
-0.01829969
-0.009516273
-0.0131759
-0.01268733
-0.01268733
-0.01829969
-0.01756838
-0.02976869
-0.03659937
-0.03098857
-0.03659937
-0.04318732
-0.04928825
-0.04928825
-0.05392347
-0.03708794
-0.03562378
-0.03562378
-0.02757167
-0.02757167
-0.0697834
-0.0697834
-0.07759123
-0.06587949
-0.06587949
-0.0946726
-0.1085798
-0.09857651
-0.09369545
-0.1005277
-0.1005277
-0.09955209
-0.09906352
-0.09906352
-0.09393974
-0.100772
-0.09442831
-0.09442831
-0.1110195
-0.1261482
-0.127368
-0.1224886
-0.1180961
-0.1085798
-0.09662377
-0.1012605
-0.1012605
-0.1073599
-0.1163876
-0.1071156
-0.112728
-0.1015033
-0.1144364
-0.08320359
-0.0780798
-0.0829593
-0.0829593
-0.07978825
-0.07344458
-0.06221987
-0.07954396
-0.05368074
-0.05368074
-0.08051955
