-0.0263518
-0.04953254
-0.07149185
-0.0773485
-0.05538763
-0.04782409
-0.04782409
-0.03904068
-0.05416775
-0.0395277
-0.03171987
-0.004879501
0.01439577
0.004392485
0.004392485
-0.003172609
0.01268733
0.03245273
0.04660422
0.02342347
-0.02952441
-0.04904397
-0.04904397
-0.04343161
-0.03928341
-0.02318074
-0.01634851
-0.04294459
-0.07612862
-0.07612862
-0.08954725
-0.0863762
-0.08808465
-0.1085798
-0.1422524
-0.1417638
-0.1559153
-0.1632361
-0.1632361
-0.1529886
-0.1317605
-0.1134593
-0.1276123
-0.1522557
-0.1537199
-0.1368843
-0.1266368
-0.1466433
-0.1466433
-0.1693355
-0.1761677
-0.1776319
-0.1695798
-0.1754364
-0.1754364
-0.16714
-0.1637247
-0.1637247
-0.1637247
-0.1515244
-0.1376156
-0.1251726
-0.1237084
-0.1237084
-0.1193159
-0.1161433
-0.1278566
-0.1305407
-0.1232199
-0.1200472
-0.1151677
-0.1207801
-0.1207801
-0.1180961
-0.1180961
-0.115412
-0.1132166
-0.1188274
-0.1124837
-0.1019918
-0.1019918
-0.1180961
-0.1493274
-0.1498159
-0.1300521
-0.1090684
-0.110044
-0.110044
-0.1344446
-0.1378599
-0.1083355
-0.08027527
-0.08686477
-0.08686477
-0.08686477
-0.09174427
-0.1124837
-0.1444479
-0.1656759
-0.1595765
-0.1651873
-0.1834885
-0.1966644
-0.2100846
-0.2100846
-0.2015439
-0.1947117
-0.1864153
-0.1786075
-0.1890993
-0.1890993
-0.1898322
-0.1898322
-0.1971515
-0.2113045
-0.2083762
-0.1837313
-0.1656759
-0.1539641
-0.1625033
-0.1625033
-0.1712882
-0.1571368
-0.1454235
-0.133956
-0.122
-0.112728
-0.112728
-0.09223129
-0.06197558
-0.04221173
-0.03269546
-0.02757167
-0.009760559
0.00341534
0.01098043
0.01098043
-0.002439751
-0.01756838
-0.01781267
0.009271986
0.02513192
0.01464006
0.01464006
0
0
0.003659626
0.002195464
0.004392485
-0.003172609
-0.01561565
-0.01024758
-0.01024758
-0.0007313028
-0.0007313028
0.008783413
-0.02928012
-0.02684037
-0.06221987
-0.04709123
