0.02244788
0.02318074
0.03513677
0.03464819
0.03464819
0.02903583
0.01098043
0.01098043
0.009516273
0.009271986
-0.004392485
-0.03269546
-0.03293975
-0.03293975
-0.03001142
-0.05294788
-0.07685993
-0.07710421
0.003659626
0.08662049
0.08662049
0.07027198
-0.007319252
0.01122472
-0.0131759
0.02781596
0.07222471
0.1012605
0.1012605
0.1932475
0.2093518
0.1302964
0.1310277
0.1529886
0.1446922
0.1632361
0.1632361
0.1908078
0.1908078
0.2030081
0.1876367
0.1815358
0.145912
0.1576238
0.1576238
0.1803159
0.164456
0.1725081
0.1473762
0.1471319
0.1290765
0.1503045
0.1610407
0.164456
0.164456
0.157868
0.1195602
0.1119967
0.1210244
0.1044316
0.1044316
0.0946726
0.08686477
0.09369545
0.1171205
0.1080912
0.1024804
0.08906023
0.08906023
0.08149669
0.051728
0.05123943
0.04904397
0.05001955
0.04367589
0.04026055
0.04026055
0.04343161
0.04855539
0.04660422
0.051728
0.03781925
0.03318403
0.03659937
0.03879639
0.03879639
0.03513677
0.03562378
0.1241954
0.2066677
