-0.09979638
-0.0946726
-0.1085798
-0.1085798
-0.1049202
-0.08418074
-0.07661564
-0.07490875
-0.09589247
-0.1071156
-0.1151677
-0.1188274
-0.1188274
-0.1266368
-0.1376156
-0.1202915
-0.09857651
-0.08735178
-0.08759607
-0.08759607
-0.08784036
-0.0690521
-0.06563676
-0.07076055
-0.1085798
-0.1156563
-0.1019918
-0.08125241
-0.08125241
-0.06929639
-0.08369216
-0.08369216
-0.06563676
-0.07271173
-0.07222471
-0.06221987
-0.06221987
-0.06807651
-0.06514819
-0.04977527
-0.04953254
-0.06026869
-0.06026869
-0.07076055
-0.07076055
-0.08442346
-0.0773485
-0.06148856
-0.03440391
-0.01390876
0.0090277
-0.001708448
-0.001708448
-0.02464335
-0.01512863
0.01561565
0.04294459
0.04489577
0.03171987
0.02659608
0.02659608
0.02537621
0.007076522
-0.0180554
-0.008783413
0.02415633
0.04245602
0.05075242
0.05563192
0.05563192
0.05197229
0.05221658
0.06099999
0.06783222
0.03464819
0.01878826
0.02854726
0.06392831
0.06392831
0.08832738
0.09515961
0.08418074
0.08271657
0.08369216
0.08369216
0.08369216
0.08784036
0.0697834
0.07539576
0.06514819
0.06319545
0.04440875
0.04440875
0.03440391
0.03513677
0.05929154
