0.1488404
0.2095961
0.2698647
0.3120765
0.3667313
0.3667313
0.3789316
0.3760048
0.3845439
0.3845439
0.3901563
0.3901563
0.3994282
0.3994282
0.4250487
0.4040635
0.413824
0.4038208
0.3840553
0.3503843
0.3269593
0.3030488
0.2893843
0.2893843
0.2713273
0.2200879
0.2200879
0.176412
0.1788518
0.1532313
0.1532313
0.07515148
-0.007076522
-0.03391533
-0.0697834
-0.09418402
-0.1093127
-0.131272
-0.1839756
-0.1839756
-0.1954446
-0.2191123
-0.2191123
-0.2786482
-0.2971921
-0.2971921
-0.3049999
-0.3325716
-0.3579478
-0.3579478
-0.3796644
-0.3796644
-0.3943045
-0.4087003
-0.4155325
-0.4211433
-0.4211433
-0.4087003
-0.4082117
-0.4035765
-0.4069918
-0.3911318
-0.3786873
-0.3891807
-0.4143126
-0.4169966
-0.4199234
