0.004879501
0.007319252
0.006832235
0.006832235
0.005368074
0.001464162
-0.0002442863
0.002195464
0.006587949
0.008296397
0.02464335
0.01903255
0.01903255
-0.001708448
0.0004885725
-0.002439751
0.002439751
-0.01049186
-0.02391205
-0.005856646
-0.005856646
0.006099377
0.01195602
0.01927527
0.01756838
0.0180554
0.0222036
0.0222036
-0.003903912
0.0009755891
0.006343663
0.01268733
0.02122801
0.02757167
0.0336726
0.0336726
0.04318732
0.04416447
0.03904068
0.04294459
0.0353795
0.02854726
0.01976385
0.01366447
0.01366447
0.01561565
0.01268733
0.009271986
0.01756838
0.0002442863
0.0002442863
-0.003903912
-0.008296397
-0.008296397
0.004148198
0.01220031
0.008540683
0.02269217
0.03269546
0.02879155
0.02879155
0.03513677
0.01756838
0.01756838
0.004879501
-0.005856646
-0.008540683
-0.008540683
-0.01585994
-0.02025242
-0.02025242
-0.03733223
-0.04709123
-0.04465148
-0.0395277
-0.0395277
-0.02928012
-0.02415633
-0.02195931
-0.01610422
-0.01390876
-0.01024758
-0.01707981
-0.01634851
-0.01293161
-0.01293161
-0.007807824
-0.003659626
0.0090277
0.01024758
0.01464006
0.01756838
0.01390876
0.01390876
0.01366447
0.01146745
0.01171174
0.01585994
0.02879155
0.02464335
0.01659124
0.01659124
0.02122801
0.02854726
0.03318403
0.02537621
0.02537621
0.03342832
0.03513677
0.03513677
0.04099186
0.0336726
0.0263518
0.02342347
0.02073944
0.02073944
0.01537136
-0.0007313028
-0.008296397
-0.001464162
-0.001464162
0.006343663
0.01537136
0.02562049
0.03220844
0.03220844
0.02806024
0.03196416
0.03464819
0.03904068
0.05538763
0.05807167
0.05807167
0.05831595
0.06026869
0.07198042
0.07978825
0.08125241
0.06783222
0.05904726
0.05441204
0.05441204
0.04733552
0.04099186
0.02513192
0.01903255
0.01415149
0.01146745
0.01366447
0.02171658
0.02171658
0.01829969
0.01390876
0.009516273
0.01537136
0.01829969
0.01829969
0.02610751
0.02610751
0.02928012
0.03171987
0.03220844
0.02830453
0.02854726
0.02708466
0.02708466
0.02757167
0.02976869
0.0222036
0.009271986
-0.008540683
-0.01854397
-0.02440062
-0.02440062
-0.03318403
-0.0336726
-0.02488763
-0.01585994
-0.009271986
-0.01390876
-0.01415149
-0.008052111
-0.008052111
0.003903912
0.007076522
0.002439751
-0.001952734
-0.002684037
-0.003659626
0.001708448
0.001708448
0.004392485
0.004392485
0.005856646
0.006343663
0.01439577
0.01903255
0.01634851
0.01781267
0.0124446
0.0124446
0.01146745
0.01878826
0.01268733
0.01195602
0.01195602
-0.008052111
-0.008052111
-0.006832235
-0.01390876
-0.02049671
-0.02440062
-0.02293646
-0.02293646
-0.02293646
-0.02781596
-0.02415633
-0.02415633
-0.01756838
-0.02318074
-0.02318074
-0.01464006
-0.02830453
-0.02610751
-0.00341534
-0.00341534
0.01585994
0.01927527
0.02342347
0.02342347
0.03171987
0.04465148
0.04611564
0.03415962
0.02244788
0.02244788
0.002195464
0.002195464
-0.01659124
-0.02122801
-0.0180554
-0.02244788
-0.02391205
-0.02025242
-0.02293646
-0.02293646
-0.03440391
-0.02928012
-0.02854726
-0.02415633
-0.02928012
-0.02781596
-0.02488763
-0.008296397
-0.008296397
-0.0002442863
0
-0.003903912
-0.01390876
-0.02366776
-0.02366776
-0.02659608
-0.02659608
-0.02928012
-0.03074428
-0.0180554
-0.01171174
-0.008783413
-0.007076522
0.0009755891
0.0009755891
0.005123788
0.01049186
0.01000329
0.003903912
0.001464162
0
0.006343663
0.007807824
0.007807824
0.008296397
0.009516273
0.01000329
0.008540683
0.01024758
0.01024758
0.0131759
0.02244788
0.02830453
0.04587136
0.04855539
0.05465633
0.05245931
0.05245931
0.05245931
0.04611564
0.03171987
0.02195931
0.01878826
0.02757167
0.01781267
0.01781267
0.03001142
0.03001142
0.03245273
0.02879155
0.03855211
0.03977198
0.04318732
0.03611235
0.03611235
0.01927527
0.009271986
0.008783413
0.0090277
0.01220031
0.01049186
0.01098043
0.01098043
0.001464162
0.0002442863
0.006587949
0.01561565
0.02440062
0.02928012
0.02928012
0.02903583
0.03074428
0.02830453
0.02903583
0.02903583
0.0263518
0.02415633
0.01659124
0.01659124
0.01537136
0.01634851
0.01171174
0.006832235
-0.0002442863
0.01024758
0.009760559
0.009760559
0.02025242
0.03440391
0.03879639
0.04026055
0.04416447
0.04635993
0.05319216
0.05392347
0.05392347
0.05123943
0.05929154
0.05758465
0.04465148
0.06636807
0.06831924
0.06734365
0.06734365
0.06734365
0.08003253
0.07344458
0.07368731
0.0649039
0.0649039
0.06612378
0.06099999
0.05392347
0.05319216
0.03977198
0.03562378
0.03513677
0.03562378
0.03342832
0.03342832
0.03708794
0.03708794
0.0336726
0.04465148
0.05368074
0.06099999
0.06099999
0.06319545
0.06319545
0.05368074
0.04489577
0.04270031
0.04562863
0.04270031
0.04270031
0.03708794
0.02342347
0.02342347
0.002439751
-0.01707981
-0.02684037
-0.03781925
-0.04318732
-0.051728
-0.051728
-0.05904726
-0.06587949
-0.07368731
-0.08076384
-0.08076384
-0.08881595
-0.08686477
-0.08954725
-0.09076868
-0.09223129
-0.09247557
-0.08759607
-0.0863762
-0.08125241
-0.07515148
-0.07515148
-0.06954067
-0.0690521
-0.07002769
-0.06319545
-0.05807167
-0.0558762
-0.0558762
-0.06295273
-0.0607557
-0.04635993
-0.03733223
-0.04001627
-0.04465148
-0.04465148
-0.05319216
-0.05319216
-0.05319216
-0.04879968
-0.04635993
-0.04904397
-0.05123943
-0.05221658
-0.05929154
-0.05929154
-0.0649039
-0.05831595
-0.05685179
-0.05563192
-0.04904397
-0.04757981
-0.04757981
-0.04392018
-0.04392018
-0.0468485
-0.05075242
-0.04928825
-0.04635993
-0.04733552
-0.04733552
-0.07295601
-0.06880782
-0.05123943
-0.04538434
-0.03806353
-0.02830453
-0.01927527
-0.008052111
-0.008052111
-0.004148198
-0.005856646
-0.0124446
-0.02049671
-0.02513192
-0.01854397
-0.02073944
-0.02073944
-0.02659608
-0.01951956
-0.003659626
-0.01342018
-0.005123788
0.002684037
0.002684037
0.01049186
0.01951956
0.02318074
0.02610751
0.02562049
0.01976385
0.01512863
0.01512863
0.01756838
0.01951956
0.01195602
0.008783413
0.008296397
0.01098043
0.01366447
0.01366447
0.0173241
0.01683552
0.009516273
0.0180554
0.006099377
0.01024758
0.005856646
0.007563538
0.008540683
0.008540683
0.01488435
0.01537136
0.01488435
0.01512863
0.02976869
0.02976869
0.03147558
0.03147558
0.02391205
0.02244788
0.04050328
0.06441533
0.06831924
0.06831924
0.05221658
0.02684037
0.00561236
0.00561236
0.00561236
0.009516273
0.004636771
-0.001952734
-0.01683552
-0.01683552
-0.01878826
-0.02293646
-0.02000813
-0.02464335
-0.02195931
-0.01464006
-0.01390876
-0.01390876
-0.01122472
-0.01561565
-0.0173241
-0.01512863
-0.01927527
-0.02318074
-0.02318074
-0.02415633
-0.02293646
-0.02562049
-0.03342832
-0.03904068
-0.03245273
-0.04026055
-0.03904068
-0.03904068
-0.03415962
-0.03757652
-0.04514005
-0.0509967
-0.05416775
-0.05026384
-0.05026384
-0.03708794
-0.03708794
-0.03977198
-0.05368074
-0.06221987
-0.06539247
-0.06539247
-0.06734365
-0.06587949
-0.06539247
-0.06612378
-0.06197558
-0.05490061
-0.05148372
-0.04733552
-0.04733552
-0.04001627
-0.04465148
-0.04465148
-0.04489577
-0.0336726
-0.02879155
-0.02537621
-0.02537621
-0.02073944
-0.01707981
-0.02025242
-0.03001142
-0.04221173
-0.04977527
-0.0558762
-0.05465633
-0.05465633
-0.04416447
-0.03586807
-0.03147558
-0.02684037
-0.02391205
-0.02830453
-0.03611235
-0.03611235
-0.03708794
-0.03879639
-0.03806353
-0.03415962
-0.02830453
-0.02488763
-0.02391205
-0.02391205
-0.03025571
-0.03928341
-0.04392018
-0.04270031
-0.03098857
-0.02440062
-0.0180554
-0.01439577
-0.01268733
-0.01756838
-0.01756838
-0.02488763
-0.02415633
-0.01561565
-0.008783413
-0.008783413
0.002439751
0.00561236
-0.002439751
-0.0124446
-0.02342347
-0.02610751
-0.02708466
-0.03928341
-0.03928341
-0.03855211
-0.03415962
-0.03684366
-0.03147558
-0.03342832
-0.03342832
-0.01903255
-0.01903255
-0.01854397
-0.02391205
-0.03074428
-0.02488763
-0.02342347
-0.02342347
-0.02537621
-0.02806024
-0.03196416
-0.03196416
-0.03025571
-0.03659937
-0.04001627
-0.04074757
-0.04123614
-0.0468485
-0.04855539
-0.04855539
-0.05514335
-0.05368074
-0.04855539
-0.04562863
-0.04562863
-0.05294788
-0.05294788
-0.05709608
-0.06173129
-0.06685664
-0.05953583
-0.05636477
-0.05392347
-0.05392347
-0.05343645
-0.05831595
-0.05782738
-0.05782738
-0.05734036
-0.05294788
-0.05197229
-0.05294788
-0.05685179
-0.05685179
-0.05978011
-0.06807651
-0.06685664
-0.06685664
-0.05490061
-0.05490061
-0.05319216
-0.05734036
-0.05270359
-0.05026384
-0.05026384
-0.06441533
-0.06441533
-0.05636477
-0.05636477
-0.05197229
-0.05758465
-0.05685179
-0.05245931
-0.0468485
-0.0468485
-0.04587136
-0.03440391
-0.02830453
-0.03562378
-0.05123943
-0.0509967
-0.05270359
-0.06026869
-0.06783222
-0.06783222
-0.06343974
-0.05148372
-0.04001627
-0.04757981
-0.05319216
-0.04392018
-0.04392018
-0.03440391
-0.03904068
-0.04514005
-0.04465148
-0.04440875
-0.04294459
-0.03830782
-0.03830782
-0.03684366
-0.03586807
-0.03733223
-0.04367589
-0.04465148
-0.04709123
-0.05050813
-0.04806838
-0.04806838
-0.04001627
-0.04245602
-0.04538434
-0.05050813
-0.05368074
-0.05368074
-0.05709608
-0.05709608
-0.05685179
-0.05685179
-0.0566075
-0.05148372
-0.0558762
-0.05490061
-0.05490061
-0.04416447
-0.04367589
-0.04953254
-0.05490061
-0.05270359
-0.05050813
-0.05245931
-0.05514335
-0.05392347
-0.05392347
-0.05123943
-0.05197229
-0.05319216
-0.06026869
-0.05221658
-0.05221658
-0.04782409
-0.0468485
-0.05148372
-0.05416775
-0.04879968
-0.04660422
-0.04538434
-0.04221173
-0.04221173
-0.04611564
-0.04440875
-0.04660422
-0.04587136
-0.05075242
-0.05758465
-0.05319216
-0.04270031
-0.04270031
-0.04050328
-0.04416447
-0.04392018
-0.03733223
-0.03879639
-0.03855211
-0.03855211
-0.04050328
-0.04318732
-0.03562378
-0.03757652
-0.03757652
-0.04709123
-0.0468485
-0.0468485
-0.04538434
-0.04148043
-0.04294459
-0.04026055
-0.03611235
-0.03489248
-0.03489248
-0.03342832
-0.03391533
-0.0353795
-0.0395277
-0.04245602
-0.04367589
-0.0395277
-0.04099186
-0.04099186
-0.03904068
-0.03904068
-0.04782409
-0.05148372
-0.05416775
-0.051728
-0.04611564
-0.04416447
-0.04416447
-0.04635993
-0.05001955
-0.04099186
-0.03513677
-0.02903583
-0.0263518
-0.0263518
-0.02488763
-0.02928012
-0.03171987
-0.03611235
-0.0336726
-0.03611235
-0.03489248
-0.03318403
-0.03489248
-0.03489248
-0.03440391
-0.03977198
-0.04001627
-0.04050328
-0.04050328
-0.02757167
-0.03147558
-0.03635664
-0.04050328
-0.04050328
-0.03879639
-0.03977198
-0.0395277
-0.04733552
-0.04733552
-0.04977527
-0.04709123
-0.04879968
-0.04904397
-0.04587136
-0.04806838
-0.05148372
-0.05148372
-0.05319216
-0.05221658
-0.04562863
-0.04611564
-0.04099186
-0.04489577
-0.04489577
-0.0468485
-0.04318732
-0.04392018
-0.04635993
-0.04904397
-0.05416775
-0.05392347
-0.05392347
-0.0558762
-0.05294788
-0.05319216
-0.05636477
-0.05612049
-0.05953583
-0.05953583
-0.06783222
-0.06514819
-0.06368402
-0.06465962
-0.06734365
-0.05807167
-0.05514335
-0.04635993
-0.04635993
-0.04831266
-0.04562863
-0.04270031
-0.04026055
-0.03855211
-0.04026055
-0.04635993
-0.04367589
-0.04489577
-0.04489577
-0.04465148
-0.04587136
-0.04562863
-0.04879968
-0.04660422
-0.04660422
-0.03879639
-0.04196744
-0.04270031
-0.04611564
-0.04611564
-0.04660422
-0.04587136
-0.04074757
-0.03342832
-0.03342832
-0.04245602
-0.04562863
-0.05001955
-0.05294788
-0.05343645
-0.05343645
-0.04757981
-0.04806838
-0.05782738
-0.05782738
-0.05953583
-0.06173129
-0.05026384
-0.05026384
-0.05026384
-0.05050813
-0.05050813
-0.05123943
-0.04733552
-0.04806838
-0.04538434
-0.04099186
-0.03440391
-0.03586807
-0.03855211
-0.03855211
-0.03586807
-0.03147558
-0.03659937
-0.04148043
-0.04148043
-0.0395277
-0.03757652
-0.03879639
-0.03611235
-0.02781596
-0.02708466
-0.02708466
-0.03757652
-0.03635664
-0.04416447
-0.04660422
-0.04148043
-0.04831266
-0.04245602
-0.04050328
-0.03074428
-0.03074428
-0.02293646
-0.02171658
-0.01610422
-0.01512863
-0.01000329
-0.01024758
-0.01098043
-0.01098043
-0.01000329
-0.009271986
-0.01024758
-0.01903255
-0.02000813
-0.01512863
-0.0180554
-0.0180554
-0.02269217
-0.01707981
-0.01171174
-0.009516273
-0.009516273
-0.008540683
-0.009760559
-0.009760559
-0.01195602
-0.0090277
-0.008296397
-0.007319252
-0.001708448
-0.001952734
-0.002928323
-0.002928323
-0.01049186
-0.007563538
-0.0009755891
0.002195464
0.002195464
0.001464162
0.002684037
0.002684037
0.01122472
0.02391205
0.02464335
0.01268733
0.01268733
0.01683552
0.01683552
0.01293161
0.008296397
0.00561236
0.01268733
0.01610422
0.008783413
0.008783413
0.01585994
0.01585994
0.01366447
0.006099377
0.003903912
0.006343663
0.002684037
0.002684037
0.005368074
0.003172609
-0.0007313028
0.003903912
0.003903912
0.005368074
-0.0002442863
-0.0004885725
-0.003172609
-0.003172609
-0.007807824
-0.008052111
-0.008052111
-0.004392485
-0.004879501
-0.01049186
-0.01488435
-0.01829969
-0.01659124
-0.01659124
-0.0090277
-0.0173241
-0.0180554
-0.02513192
-0.02586322
-0.02586322
-0.03586807
-0.03635664
-0.03586807
-0.02928012
-0.01878826
-0.01415149
-0.006832235
-0.006832235
-0.01146745
-0.01488435
-0.02049671
-0.03025571
-0.03220844
-0.03074428
-0.02781596
-0.02513192
-0.02513192
-0.02732738
-0.0353795
-0.0336726
-0.03904068
-0.04489577
-0.04489577
-0.04855539
-0.0607557
-0.06465962
-0.0600244
-0.0600244
-0.06270844
-0.06270844
-0.07442018
-0.08100812
-0.08100812
-0.09028011
-0.09564818
-0.09711234
-0.09540389
-0.09906352
-0.10614
-0.1015033
-0.1015033
-0.1027247
-0.09174427
-0.07978825
-0.07759123
-0.07368731
-0.08125241
-0.08125241
-0.082228
-0.08320359
-0.082228
-0.08686477
-0.08662049
-0.09003583
-0.0946726
-0.0946726
-0.09149998
-0.09881923
-0.1000407
-0.09955209
-0.09906352
-0.1027247
-0.1046759
-0.09955209
-0.09955209
-0.09808794
-0.09540389
-0.09564818
-0.08832738
-0.09418402
-0.09369545
-0.09369545
-0.1046759
-0.1080912
-0.1146807
-0.1144364
-0.1144364
-0.1132166
-0.1110195
-0.1088241
-0.1073599
-0.110044
-0.110044
-0.1012605
-0.1051645
-0.1083355
-0.1076042
-0.1076042
-0.1022361
-0.09491532
-0.09393974
-0.09686806
-0.0912557
-0.0912557
-0.08784036
-0.08784036
-0.09271986
-0.0912557
-0.08051955
-0.07246744
-0.07612862
-0.06539247
-0.05514335
-0.05514335
-0.06270844
