-0.005368074
-0.004148198
0.008296397
0.02391205
0.03269546
0.05514335
0.04806838
0.02537621
-0.001708448
-0.001708448
-0.006587949
0.002439751
0.01659124
0.02562049
0.04148043
0.04001627
0.02879155
0.02879155
0.02854726
0.03269546
0.03269546
0.03489248
0.03293975
0.03928341
0.03928341
0.02903583
0.0336726
0.01146745
0.01000329
0.02171658
0.02342347
0.02879155
0.01634851
0.01634851
0.01415149
0.02025242
0.02391205
0.01366447
0.01707981
0.02415633
0.007076522
0.007076522
0.01000329
0.007076522
0.002928323
