-0.2308241
-0.1944674
-0.1944674
-0.1542084
-0.1542084
-0.1505472
-0.1439593
-0.1439593
-0.1834885
-0.1834885
-0.1595765
-0.1307834
-0.1320033
-0.06807651
-0.01390876
-0.01390876
0.05416775
0.05416775
0.1210244
0.143228
0.1063843
0.1063843
0.07637135
0.05270359
0.05734036
0.0697834
0.08003253
0.08759607
0.1483518
0.2088647
0.2620554
0.2620554
0.2366807
0.2366807
0.2083762
0.2083762
0.1964201
0.155184
0.1368843
0.1368843
0.05270359
0.05270359
-0.006832235
-0.006832235
-0.0697834
-0.1542084
-0.173728
-0.173728
-0.2110602
-0.2110602
