0.04757981
0.06758794
0.06392831
0.05441204
0.05441204
0.04782409
0.04782409
0.06099999
0.04928825
0.02976869
0.01610422
0.02440062
0.04416447
0.04416447
0.05392347
0.06246415
0.06758794
0.05392347
0.03708794
0.03977198
0.04611564
0.04611564
0.04148043
0.03928341
0.03025571
0.03586807
0.04318732
0.03806353
0.03391533
0.04196744
0.04196744
0.03977198
0.04172472
0.04050328
0.04294459
0.04270031
0.04782409
0.04782409
0.04928825
0.04172472
0.04514005
0.05978011
0.07783552
0.07051627
0.05636477
0.05465633
0.05465633
0.01585994
0.007319252
0.02732738
0.04709123
0.05514335
0.04635993
0.04977527
0.04977527
0.04733552
0.04538434
0.04757981
0.051728
0.05831595
0.05831595
0.07929967
0.08393645
0.08393645
0.08247229
0.07759123
0.07905539
0.07027198
0.0697834
0.0697834
0.06661235
0.0697834
0.07637135
0.0780798
0.08076384
0.08662049
0.08271657
0.08271657
0.08076384
0.06099999
0.05538763
0.05075242
0.04318732
0.04611564
0.04270031
0.03415962
0.04635993
0.04635993
0.03513677
0.04026055
0.04050328
0.0312313
0.03733223
