-0.0336726
-0.06441533
-0.07929967
-0.07929967
-0.08808465
-0.1019918
-0.1532313
-0.1532313
-0.1886123
-0.2034967
-0.2010554
-0.1798274
-0.1717753
-0.1881238
-0.1881238
-0.1805602
-0.1749479
-0.1522557
-0.09418402
-0.06636807
-0.03806353
-0.03806353
0.01146745
0.01146745
0.05685179
0.07978825
0.07759123
0.08954725
0.08954725
0.07588433
0.08149669
0.08149669
0.07637135
0.08588763
0.08662049
0.02732738
0.09442831
0.09028011
0.09028011
0.09442831
0.09442831
0.1056515
0.09540389
0.082228
0.07832409
0.07832409
0.08613191
0.0829593
0.07466446
0.06685664
0.0732003
0.07271173
0.07124756
0.07173613
0.05538763
0.05538763
0.04587136
0.03904068
0.04294459
0.04465148
0.05001955
0.04928825
0.05343645
0.05343645
0.05782738
0.05782738
0.05368074
0.05245931
0.05343645
0.05734036
0.05734036
0.0566075
0.051728
0.04196744
0.04196744
0.04538434
0.0468485
0.04001627
0.04001627
0.04172472
0.03781925
0.03196416
0.03318403
0.03757652
0.04904397
0.0607557
0.07564005
0.07564005
0.1049202
0.1368843
0.1705554
0.22814
0.218868
0.2191123
0.1969087
