-0.1793403
-0.1864153
-0.1886123
-0.1849527
-0.1849527
-0.176412
-0.176412
-0.1890993
-0.1937361
-0.1954446
-0.2108159
-0.2335081
-0.2369234
-0.2459527
-0.2486367
-0.2486367
-0.2410716
-0.2408274
-0.2364364
-0.2198436
-0.1939804
-0.1620162
-0.145912
-0.145912
-0.1200472
-0.1073599
-0.08564334
-0.07124756
-0.05538763
-0.05538763
-0.03830782
-0.02952441
-0.03074428
-0.01171174
0.02952441
0.05758465
0.05758465
0.09247557
0.1019918
0.1019918
0.1122394
0.1581123
0.1954446
0.204228
0.2122801
0.2086205
0.2171596
0.2171596
0.2120358
0.2081319
0.216184
0.2022752
0.1895879
0.1707997
0.1707997
0.1725081
0.1381042
0.1205358
0.08857166
0.05612049
0.02976869
-0.004879501
-0.04782409
-0.04782409
-0.07027198
-0.1024804
-0.1381042
-0.1739723
-0.206912
-0.2620554
-0.3135406
-0.3135406
-0.3450162
-0.3803957
-0.4333436
-0.4633566
-0.4977605
-0.5431433
-0.5802327
-0.5802327
-0.6026806
-0.6068273
-0.5829168
-0.572912
-0.5460716
-0.5067882
-0.5067882
-0.4738484
-0.4672605
-0.4291954
-0.3486758
-0.2967035
-0.2632768
-0.2132557
-0.206912
-0.206912
-0.2217964
-0.1815358
-0.1771433
-0.1834885
-0.1493274
-0.1415195
-0.1415195
-0.1442036
-0.1237084
-0.1146807
