-0.2249674
-0.2088647
-0.2017882
-0.2017882
-0.2147198
-0.2242361
-0.2259446
-0.2200879
-0.206912
-0.1839756
-0.1839756
-0.1715325
-0.1656759
-0.1515244
-0.1456677
-0.1471319
-0.1556726
-0.1898322
-0.1898322
-0.2203322
-0.2059364
-0.1859283
-0.1439593
-0.05563192
-0.008296397
0.02513192
0.03342832
0.03342832
0.04099186
0.009760559
0.007076522
0.03904068
0.07710421
0.1039446
0.1039446
0.1361515
0.1254153
0.1346873
0.1559153
0.1561596
0.143228
0.143228
0.124684
0.124684
0.1168762
0.1388355
0.1466433
0.1539641
0.1449364
0.1805602
0.2215521
0.2215521
0.2505879
0.2632768
0.2869445
0.3181759
0.3181759
0.3181759
0.2232605
0.2232605
0.2283843
0.2732801
0.3306204
0.3152475
0.3040244
0.3191514
0.3115879
0.3115879
0.2915798
0.2544918
0.2510765
0.2581514
0.261324
0.240096
0.2520521
0.2708403
0.2708403
0.3001204
0.2430244
0.2098403
0.2076433
0.2296042
0.2759641
0.2759641
0.2488795
0.1866596
0.1722638
0.1507915
