-0.1568925
-0.1249283
-0.08662049
-0.08662049
-0.10614
-0.10614
-0.07515148
-0.07515148
-0.04099186
-0.09149998
-0.1029674
-0.1029674
-0.007807824
-0.007807824
0.2813322
0.2813322
0.3606319
0.316956
0.4440797
0.4440797
0.4555487
0.4555487
0.5170358
0.5170358
0.5753517
0.5060553
0.4675048
0.4675048
0.5153273
0.5153273
0.4316367
0.4316367
0.3484316
0.3484316
0.1966644
0.1966644
0.1705554
0.1705554
0.1598208
0.0863762
-0.1549397
-0.1549397
-0.2403403
-0.2071563
-0.1185846
-0.1185846
-0.07417589
-0.1141922
-0.2457084
-0.2457084
-0.2366807
-0.2366807
-0.2315554
-0.2156954
-0.2156954
-0.2156954
-0.1525
-0.1525
-0.03904068
-0.001219875
-0.001219875
0.06295273
0.06295273
0.2142313
0.3276921
