0.4401758
0.1427394
0.1427394
-0.04294459
-0.04294459
-0.04294459
-0.2705961
-0.2705961
-0.2705961
-0.4399315
-0.5311888
-0.8591236
-0.8591236
-0.8591236
-0.9840519
-0.9796594
-0.9796594
-0.8891366
-0.8166676
-0.6012165
-0.2125244
-0.1568925
-0.008296397
-0.008296397
0.1178518
0.1178518
0.2691319
0.1237084
0.1237084
0.04465148
0.05416775
0.06709937
0.06709937
0.1054087
0.1054087
0.1054087
0.1549397
0.1422524
0.1422524
0.2786482
0.2786482
0.3089039
0.3089039
0.3089039
0.2022752
0.1227313
0.1227313
0.0312313
-0.01903255
-0.1027247
-0.1027247
-0.100772
-0.1229756
-0.1229756
-0.1229756
-0.0690521
-0.006832235
0.140544
0.140544
0.5314316
0.5314316
0.92842
0.92842
0.9315926
0.9315926
0.7939755
0.6548957
0.6548957
0.1668957
0.1668957
-0.07685993
-0.07685993
-0.07685993
-0.2603485
-0.2603485
-0.2574202
-0.2869445
