0.09101141
0.06734365
0.06734365
0.08076384
0.08930452
0.0905244
0.07783552
0.0732003
0.07710421
0.07710421
0.08832738
0.08808465
0.08686477
0.07612862
0.06758794
0.05465633
0.05465633
0.05270359
0.04660422
0.04660422
0.03708794
0.02391205
0.01951956
0.01829969
0.01561565
0.003172609
-0.002928323
-0.002928323
-0.004392485
-0.007807824
-0.02488763
-0.03001142
-0.03513677
-0.02171658
-0.02171658
-0.02122801
-0.01585994
-0.008783413
-0.002195464
0.002684037
0.01293161
0.02757167
0.03440391
0.03440391
0.03708794
0.04343161
0.05538763
0.07442018
0.09515961
0.09515961
0.112728
0.112728
0.124684
0.1285879
0.1268795
0.1200472
0.1268795
0.1276123
0.1276123
0.1307834
0.1224886
0.1122394
0.1093127
0.09979638
0.0773485
0.05929154
0.05929154
0.05465633
0.04611564
0.03464819
0.02122801
0.006832235
-0.003903912
-0.005856646
0.003172609
0.003172609
0.007319252
-0.0009755891
0.0009755891
0.0004885725
0.0009755891
0.003172609
0.01073615
0.01073615
0.008540683
0.00561236
-0.003172609
0.009760559
-0.02464335
0.03391533
0.02293646
0.02293646
0.01951956
0.003659626
