-0.03611235
-0.02488763
0.005856646
0.05782738
0.1110195
0.1110195
0.1688485
0.2193566
0.2622997
0.3064641
0.3494087
0.3882035
0.432368
0.4699445
0.4699445
0.4980048
0.5126433
0.5077637
0.5050797
0.5023957
0.4901954
0.4901954
0.4772638
0.4657963
0.4533517
0.4396873
0.4260243
0.4069918
0.4069918
0.3884478
0.3694153
0.3374527
0.3054885
0.2708403
0.2513208
0.2203322
0.1707997
0.1707997
0.1137036
0.06295273
0.02757167
-0.007076522
-0.02708466
-0.05197229
-0.07368731
-0.09662377
-0.09662377
-0.1185846
-0.1298078
-0.1449364
-0.1805602
-0.2369234
-0.277184
-0.277184
-0.3040244
-0.3440406
-0.3689283
-0.3908876
-0.3801514
-0.3801514
-0.3786873
-0.3972313
-0.3972313
-0.3974755
-0.3821042
-0.3904006
-0.3818599
-0.3508713
-0.3613647
-0.3481873
-0.3481873
-0.3208599
-0.2913355
-0.3206156
-0.3437963
