-0.1873925
-0.1332247
-0.09296415
-0.09296415
-0.01146745
-0.01146745
0.0336726
0.08832738
0.1342003
0.1788518
0.2108159
0.2108159
0.2283843
0.2291156
0.222772
0.2359478
0.2888957
0.3494087
0.3752719
0.3752719
0.3791758
0.3506286
0.3059755
0.2427801
0.1778762
0.1168762
0.06465962
0.0336726
0.0336726
0.001219875
-0.03659937
-0.06563676
-0.09515961
-0.1285879
-0.1686042
-0.2178925
-0.2674234
-0.2674234
-0.2967035
-0.3067084
-0.3013403
-0.326228
-0.3235439
-0.3291563
-0.3306204
-0.3140276
-0.2962165
-0.2962165
-0.2849918
-0.2801123
-0.2608355
-0.2330195
-0.2330195
-0.216184
-0.1952003
-0.1837313
-0.1756807
-0.1605521
-0.1449364
-0.1349316
-0.1349316
-0.1395684
-0.1346873
-0.1222443
-0.1139479
-0.1076042
-0.103456
-0.09857651
-0.09198856
-0.08808465
-0.08808465
-0.08491204
-0.08540061
-0.08906023
-0.09589247
-0.09320843
-0.09320843
-0.07442018
-0.06465962
-0.04831266
-0.04392018
-0.04587136
-0.0312313
-0.03830782
-0.05294788
-0.05294788
-0.06734365
-0.07442018
-0.0607557
-0.05490061
-0.08564334
-0.07954396
-0.06758794
-0.06758794
-0.08173943
-0.08954725
