-0.1556726
-0.1556726
-0.1556726
-0.1534756
-0.09198856
-0.09198856
-0.09198856
-0.03830782
-0.03830782
-0.03830782
0.0222036
0.0222036
0.07539576
0.2152084
0.2152084
0.2152084
0.5614445
0.5614445
0.5614445
0.6583126
0.6583126
0.5431433
0.5431433
0.4901954
0.401868
0.322324
0.322324
0.1498159
0.03977198
0.03977198
-0.1161433
-0.1161433
-0.1161433
-0.3945487
-0.4706758
-0.4706758
-0.5494885
-0.5494885
-0.5494885
-0.7559119
-0.7559119
-0.7559119
-0.6226888
-0.6334234
-0.6334234
-0.6749038
-0.6817361
-0.6817361
-0.4860487
-0.4860487
-0.4860487
-0.2879201
-0.1817801
-0.1015033
-0.1015033
-0.1015033
-0.03684366
-0.03684366
0.1166319
0.1707997
0.1707997
0.2662036
0.2662036
0.2662036
0.4238273
0.493368
0.493368
0.6226888
0.6226888
0.6226888
0.6190276
0.6190276
0.6112198
0.6112198
0.5541237
0.4501807
0.4184592
0.4184592
0.2508322
0.2020325
0.1600635
0.112728
-0.04660422
-0.04660422
-0.1534756
-0.2352165
-0.2352165
-0.3028045
-0.3208599
-0.4179722
-0.4179722
-0.4553045
-0.4553045
-0.5321644
-0.5668126
-0.5668126
-0.4950764
-0.4950764
-0.4950764
-0.5841367
-0.5841367
-0.4514005
