-0.05734036
-0.07783552
-0.09174427
-0.09028011
-0.08491204
-0.08491204
-0.06246415
-0.04635993
-0.0509967
-0.07344458
-0.09857651
-0.09857651
-0.1039446
-0.1088241
-0.1088241
-0.08832738
-0.05758465
-0.05904726
-0.07832409
-0.09491532
-0.09247557
-0.09491532
-0.09491532
-0.1000407
-0.1102882
-0.1229756
-0.1229756
-0.1261482
-0.13664
-0.1402997
-0.1239527
-0.1239527
-0.07515148
-0.03001142
-0.07076055
-0.1171205
-0.09491532
-0.03318403
0.02098372
0.0353795
0.02318074
-0.02098372
-0.0090277
-0.005368074
-0.005368074
-0.006343663
0.007807824
0.02318074
0.0214723
0.04660422
0.04660422
0.01927527
-0.07685993
-0.1032117
-0.06880782
-0.03049999
-0.005368074
-0.04172472
-0.08857166
-0.09442831
-0.09442831
-0.07173613
-0.04148043
-0.0131759
0.006099377
0.006832235
-0.0124446
-0.01366447
-0.01366447
0.0222036
0.08466775
0.1300521
0.143228
0.1183404
0.1058958
0.09979638
0.09979638
0.112728
0.1022361
0.09808794
0.1237084
0.131272
0.131272
0.09028011
0.05563192
0.06954067
0.1334674
0.143228
0.09686806
0.06319545
0.06319545
0.09735663
0.09515961
0.04318732
0.0395277
0.06954067
0.1122394
0.1129723
0.1129723
0.03879639
0.02830453
0.05270359
0.07222471
0.07466446
0.03220844
0.00341534
0.006832235
-0.001464162
0.01220031
-0.01171174
-0.01171174
-0.03806353
-0.0773485
-0.07051627
-0.02781596
-0.02781596
-0.03635664
-0.05270359
-0.0690521
-0.07661564
-0.07954396
-0.08027527
-0.08930452
-0.09247557
-0.1090684
-0.1090684
-0.1259039
-0.1210244
-0.1300521
-0.122
-0.1134593
-0.1134593
-0.1276123
-0.1207801
-0.1161433
-0.1159006
-0.1078485
-0.09808794
-0.09808794
-0.0697834
-0.1029674
-0.1029674
-0.1217557
-0.1090684
-0.07222471
-0.05026384
