-0.6424527
-0.7337083
-0.7337083
-0.7617686
-0.7283403
-0.7249234
-0.7429803
-0.7549363
-0.7593273
-0.7810438
-0.7810438
-0.8303321
-0.8884038
-0.9437914
-0.9447685
-0.9550161
-0.9823435
-1.003572
-0.9921041
-0.9921041
-1.005524
-1.024799
-1.024799
-1.006256
-0.9935682
-0.9935682
-0.9979607
-0.9979607
-0.9879559
-0.9677035
-0.9530634
-0.9433044
-0.9408646
-0.9167083
-0.9167083
-0.9186594
-0.9262246
-0.9272001
-0.9313484
-0.9276887
-0.9154884
-0.9081676
-0.9081676
-0.9157327
-0.9179282
-0.9147556
-0.9237848
-0.9303728
-0.9535519
-0.9657522
-0.9657522
-0.9552604
-0.946964
-0.9394005
-0.9457442
-0.949648
