-0.7305357
-0.7283403
-0.7405406
-0.7632327
-0.8025162
-0.8518044
-0.9596514
-0.9596514
-1.059448
-1.059448
-1.168028
-1.225856
-1.297348
-1.319308
-1.294909
-1.249768
-1.169005
-1.169005
-1.002596
-0.9384233
-0.8479005
-0.8479005
-0.7954396
-0.7954396
-0.7954396
-0.7166285
-0.7166285
-0.7088207
-0.7224836
-0.7695764
-0.7903158
-0.7903158
-0.85278
-0.85278
-0.85278
-1.032607
-1.133137
-1.234151
-1.253428
-1.275876
-1.194137
-1.194137
-1.194137
-1.052373
-0.9977164
-0.9977164
-1.06384
-1.075308
-1.075308
-0.9572116
-0.8559526
-0.7195553
-0.7195553
-0.7146758
-0.7412719
-0.7412719
-0.8752279
-0.8752279
-0.9752685
-0.9752685
-1.096291
-1.174128
-1.247816
-1.247816
-1.19194
-1.19194
-1.132892
-1.070672
-1.070672
-0.9323239
-0.8910878
-0.8403354
-0.8403354
-0.8281366
-0.8215487
-0.8174005
-0.8174005
-0.8266725
-0.8442393
-0.8442393
-0.8437523
-0.8437523
-0.8991399
-0.8991399
-0.9669721
-0.9669721
