-0.1371286
-0.1010163
0.2666921
0.9232963
0.8298435
0.8298435
0.3989397
0.3989397
0.4992246
0.3303761
0.3303761
-0.0180554
-0.0180554
-0.2759641
0.1583566
0.2376563
0.2376563
0.9511122
0.6719755
0.8784005
0.8330162
0.5243565
0.5946285
0.2654723
-0.02806024
-0.02806024
-0.09515961
0.2479039
0.5258207
0.1017476
-0.02318074
-0.2413159
-0.1073599
0.09491532
0.2000798
0.2747442
0.5019087
0.5019087
0.6666074
0.6436725
0.6436725
0.7173598
0.7173598
0.7173598
0.7110162
0.6148794
0.4901954
0.3030488
0.3030488
1.093365
