-0.3943045
-0.3943045
-0.6649005
-0.5250879
-0.5250879
-0.4543273
-0.8803517
-0.8049559
-0.8049559
-1.182425
-1.182425
-1.003085
-1.003085
-1.244156
-1.244156
-1.047492
-1.047492
-0.9755128
-0.9755128
-0.9755128
-0.9023125
-0.9023125
-0.9777083
-0.8710797
-0.8710797
-0.9833207
-0.9210992
-0.9210992
-0.9406204
-0.9052393
-0.8801073
-0.8066643
-0.8066643
-0.7300487
-0.7300487
-0.7017442
-0.7315113
-0.7315113
-0.7908044
-0.7908044
-0.6656318
-0.6656318
-0.6295195
-0.5468044
-0.4931237
-0.5980439
-0.6795406
-0.6051204
-0.5860879
-0.5860879
-0.6451367
-0.6451367
-0.6444038
-0.5938957
-0.551684
-0.551684
-0.9147556
-0.9147556
-0.9301285
-0.9325683
-0.9325683
-0.7527393
-1.16998
-1.16998
-0.9564803
-1.239764
-1.460829
-1.528417
-1.376159
-1.26758
-1.080676
-0.9645324
-0.9337881
