-0.98942
-0.9940552
-0.9835634
-0.9574559
-0.9596514
-0.9596514
-0.9596514
-0.946964
-0.9167083
-0.9167083
-0.9128044
-0.9506236
-0.9506236
-0.9689233
-0.9398875
-0.9398875
-0.9850276
-0.9850276
-0.9752685
-1.000156
-1.000156
-0.9586757
-0.9450113
-0.9450113
-0.8461921
-0.7839721
-0.7839721
-0.6522116
-0.5765716
-0.5765716
-0.6668517
-0.6419641
-0.5760846
-0.5760846
-1.033584
-1.238057
-1.238057
-1.210239
-1.210239
-1.294909
-1.338584
-1.388604
-1.368596
-1.368596
-1.201212
-1.201212
-0.7620113
-0.7620113
-0.83814
-0.8386285
-0.7878761
-0.7878761
-0.6819803
-0.7429803
-0.4943436
-0.2747442
-0.2300928
-0.1539641
-0.1539641
-0.6492833
-0.6492833
-0.7256562
-0.7256562
-0.6988158
-0.6988158
-0.4016237
-0.4216318
-0.4216318
-0.5402165
-0.6129282
-0.6129282
-0.9803923
-1.092876
-1.007475
-0.8461921
-0.8779119
-0.8657116
-0.8659559
-0.8593679
-0.7644526
-0.7644526
-0.6846644
-0.6968647
-0.6968647
-0.5987768
-0.5987768
-0.8969445
-0.8969445
