-0.9454998
-0.9725845
-0.9767327
-0.9767327
-0.9767327
-1.004549
-1.010404
-1.043588
-1.0553
-1.025044
-1.008695
-1.008695
-0.9906399
-0.9767327
-1.0004
-1.025532
-1.024799
-1.024799
-0.9889315
-0.9518435
-0.9452556
-0.9718516
-0.977464
-1.001865
-1.025532
-1.05286
-0.9989363
-0.9989363
-0.9637995
-0.9667279
-1.003572
-1.009428
-0.9833207
-0.9620926
-0.9662408
-0.9664836
-0.9664836
-0.9696562
-0.9847832
-0.9884444
-0.9872246
-0.986736
-1.003816
-1.003816
-1.021384
-1.025044
-1.034316
-1.021384
-1.005769
-1.005769
-1.00528
-1.022115
-0.9659966
-0.9659966
-0.9764884
-1.001376
-0.9781953
-0.9528207
-0.9457442
-0.9457442
-0.9616041
-0.9918598
-1.00284
-0.9967393
-0.9913728
-1.006988
-1.006988
-1.001376
-1.016992
-0.9677035
-0.9384233
-1.123865
-1.055057
-1.023093
