-0.8969445
-0.8220357
-0.8220357
-0.7729917
-0.7324885
-0.7278517
-0.77714
-0.7510324
-0.7510324
-0.7380993
-0.7017442
-0.7788484
-0.8515601
-0.9228077
-0.9430601
-0.9823435
-0.9823435
-1.107028
-1.107028
-1.135332
-1.059692
-1.027972
-1.04798
-1.03822
-1.03822
-0.9494038
-0.8325276
-0.6778321
-0.554368
-0.5399722
-0.5565634
-0.6836888
-0.8927963
-0.8927963
-1.236835
-1.653588
-1.653588
-1.407881
-1.086044
-0.6607523
-0.1988599
0.06514819
0.06514819
0.05782738
0.1827557
0.1686042
-0.1595765
-0.79178
-1.410321
-1.410321
-1.856596
-1.845373
-1.681404
-1.530856
-1.337852
-1.207068
-0.9742914
-0.9742914
-0.7041839
-0.5794999
-0.5372882
-0.5321644
-0.7573761
-1.212192
-1.715565
-1.715565
-1.667496
-1.368109
-1.075308
-0.7637197
-0.493368
-0.3006075
-0.2989006
-0.2989006
-0.5426562
-0.8820601
-1.139724
-1.364448
-1.448384
-1.459607
-1.376159
-1.191208
-1.191208
-1.03212
-0.7766514
-0.7490797
-0.6758794
-0.6346433
-0.6522116
-0.7302914
-0.7302914
-0.8427767
-0.8840113
-1.062376
-1.251233
-1.287344
-1.25172
-1.25172
-1.1712
-1.086044
-0.9886887
-0.9152442
-0.8754721
-0.8635162
-0.8664445
-0.8664445
-0.885964
-0.8727881
-0.8605878
-0.8615634
-0.8847442
-0.9389119
-1.078725
-1.078725
-1.176813
-1.103124
-0.9728288
-0.9335438
-0.8996285
-0.9162197
-0.9613598
-0.9613598
-0.9918598
-0.9935682
-0.9720959
-0.9130487
-0.8588794
-0.8073956
-0.7910487
-0.7910487
-0.7681122
-0.7615243
-0.8308207
-0.9930797
-1.093365
-1.091168
-1.154852
-1.154852
-1.23342
-1.3237
-1.267335
-1.267335
-1.19194
-1.158756
-1.11508
-1.11508
-1.028461
-1.028461
-0.9035324
-0.7634755
-0.6536758
-0.5655927
-0.5738875
-0.5841367
-0.5895048
-0.5895048
-0.6363517
-0.7239478
-0.8457035
-0.9411073
-1.023093
-1.181448
-1.181448
-1.308084
-1.360057
-1.377624
-1.347368
-1.320527
-1.254159
-1.209019
-1.209019
-1.07848
-1.07848
-1.008695
-0.8796204
-0.8269168
-0.7703077
-0.6622165
-0.6622165
-0.5819396
-0.5414364
-0.5062996
-0.4745797
-0.4948322
-0.5321644
-0.5580276
0.3081726
0.3081726
-0.9730715
-0.6119527
-0.7578647
-0.8437523
-0.9667279
-0.9218321
-0.9218321
-0.9303728
-0.7795797
-0.7595716
-0.7617686
-0.7822637
-0.82228
-0.8454607
-0.8454607
-0.8681514
-0.8491204
-0.8234999
-0.7886074
-0.7683565
-0.7888517
-0.8242327
-0.8242327
-0.8213044
-0.7990993
-0.8025162
-0.8254526
-0.8320405
-0.8537556
-0.8432637
-0.8432637
-0.8337474
-0.8210601
-0.8217914
-0.80764
-0.7881204
-0.7693321
-0.7898273
-0.8017833
-0.8017833
-0.8366758
-0.8769363
-0.92842
-0.9930797
-1.063596
-1.132892
-1.192184
-1.214632
-1.222928
-1.196576
-1.196576
-1.17486
-1.142896
-1.094584
-1.053104
-1.02358
-0.9896643
-0.9896643
-0.9764884
-0.9598956
-0.9447685
-0.9516008
-0.9684363
-0.9684363
-1.003816
-1.056764
-1.133624
-1.138992
-1.098
-1.0492
-1.031876
-1.004549
-0.9816122
-0.9816122
-0.9494038
-0.9237848
-0.9013354
-0.8915763
-0.9047523
-0.8874282
-0.8642474
-0.8642474
-0.8213044
-0.7742116
-0.7041839
-0.6002393
-0.5389966
-0.5511954
-0.5511954
-0.5065439
-0.5231367
-0.5577833
-0.6024364
-0.6297637
-0.7205324
-0.7751887
-0.8032475
-0.8032475
-0.8579038
-0.9113402
-0.9579445
-1.012112
-1.015527
-1.041392
-1.058228
-1.058228
-1.073112
-1.060423
-1.04676
-1.032607
-1.032607
-1.032607
-1.000888
-1.000888
-0.9840519
-0.9718516
-0.9742914
