-0.803736
-0.8183761
-0.5987768
-0.5987768
-0.6919836
-0.6919836
-0.9796594
-1.18706
-0.6522116
-0.6522116
-0.4038208
-0.4038208
-0.7859234
-0.7859234
-0.6683158
-0.6683158
-0.5653484
-0.5653484
-0.7581074
-0.7581074
-0.5502198
-0.5502198
-0.5526595
-0.5526595
-0.7581074
-0.7581074
-0.5643713
-0.5643713
-0.770552
-0.770552
-1.045052
-1.045052
-1.005524
-0.9803923
-0.9725845
-0.9725845
-1.011868
-1.011868
-0.7578647
-0.7578647
-0.7568875
-0.7568875
-0.9501366
-0.9364721
-0.8696155
-0.8696155
-0.9411073
-0.9869803
-0.9242718
-0.8400927
-0.6746595
-0.6746595
-0.9352522
-0.9167083
-0.8042246
-0.7295601
-0.7310243
-0.8552197
-0.8188646
-0.7202882
-0.6541644
-0.6373273
-0.5614445
-0.5614445
-0.6663647
-0.7642083
-0.8476562
-1.1285
-1.211703
-1.21634
-1.187549
-1.187549
-0.9991806
-0.9991806
-0.9991806
-0.8364315
-0.8615634
-0.9189038
-1.044321
-0.9159755
-0.7088207
-0.5797442
-0.6322035
-0.7581074
-0.7581074
-0.4816563
-0.4816563
-0.8664445
-0.8664445
-0.7490797
-0.6917393
-0.7810438
