-0.9186594
-0.9193923
-0.9232963
-0.9232963
-0.9352522
-0.9396448
-0.9406204
-0.9464754
-0.9869803
-0.9969836
-0.9633125
-0.9125601
-0.8798646
-0.8405797
-0.8405797
-0.8317963
-0.827648
-0.8725438
-0.8923077
-0.9103646
-0.9049966
-0.9386676
-0.9386676
-0.9301285
-0.9452556
-0.9176839
-0.9311041
-0.9594086
-0.970876
-0.970876
-0.9579445
-0.970876
-0.9806366
-0.9596514
-0.9301285
-0.9474526
-0.9716073
-0.9745357
-0.9208565
-0.9208565
-0.9140242
-0.923052
-0.9145113
-0.9286643
-0.9303728
-0.9657522
-0.8713239
-0.8713239
-0.8971887
-0.8583924
-0.7939755
-0.8083728
-0.8127637
-0.8371643
-0.8337474
-0.8337474
-0.8359445
-0.8669315
-0.8635162
-0.8325276
-0.8188646
-0.8054445
-0.7842165
-0.7842165
-0.7786041
-0.7812881
-0.7842165
-0.7539607
-0.7256562
-0.7144315
-0.7151644
-0.7151644
-0.7066237
-0.6868598
-0.679052
-0.6802719
-0.6841758
-0.6990601
-0.6990601
-0.7073565
-0.6978403
-0.6853957
-0.6690487
-0.6473321
-0.6473321
-0.6114641
-0.6114641
-0.6119527
-0.6224445
-0.6317165
-0.6322035
-0.6053647
-0.5870634
-0.5816954
-0.5816954
-0.5687637
-0.5590048
-0.5568078
-0.5416806
-0.5231367
-0.5165488
-0.5189885
-0.5143517
-0.5114234
-0.5114234
-0.5016644
-0.5092279
-0.5048354
-0.4950764
-0.4892198
-0.4862915
-0.4862915
-0.4994674
-0.5062996
-0.5058126
-0.5072768
-0.5170358
-0.5184999
-0.5248436
-0.5189885
-0.5189885
-0.5170358
-0.5062996
-0.50264
-0.5082523
-0.514596
-0.514596
-0.5519282
-0.5519282
-0.5746204
-0.5909674
-0.6048761
-0.6095113
-0.6070716
-0.6121954
-0.6121954
-0.6212246
-0.6207361
-0.6207361
-0.6212246
-0.6231758
-0.6263484
-0.6290324
-0.6278126
-0.6278126
-0.6344005
-0.6324478
-0.6292768
-0.6307393
-0.6412327
-0.6546514
-0.6546514
-0.6505048
-0.6309837
-0.6182963
-0.618052
-0.6278126
-0.6414755
-0.6385487
-0.6385487
-0.6453794
-0.6453794
-0.6502604
-0.6422083
-0.636596
-0.6465993
-0.6524559
-0.6524559
-0.6585553
-0.6624607
-0.660508
-0.6478207
-0.6470879
-0.6495276
-0.648552
-0.648552
-0.6522116
-0.664412
-0.6775879
-0.6866155
-0.7176041
-0.7373679
-0.7295601
-0.7212637
-0.7212637
-0.7044282
-0.6861285
-0.6761237
-0.6861285
-0.7029641
-0.6958875
-0.6997914
-0.6997914
-0.7022327
-0.7075993
-0.7163842
-0.71614
-0.7171155
-0.7202882
-0.7202882
-0.721508
-0.7244363
-0.7239478
-0.7219966
-0.7222393
-0.7305357
-0.7339526
-0.7354168
-0.7354168
-0.7266318
-0.7163842
-0.6997914
-0.6900324
-0.6744168
-0.6541644
-0.6541644
-0.6368403
-0.6236644
-0.6285439
-0.6453794
-0.6666074
-0.6722198
-0.6646562
-0.6592882
-0.6592882
-0.6573354
-0.6505048
-0.6641676
-0.6717327
-0.6629478
-0.6780764
-0.7007686
-0.7007686
-0.7014999
-0.7014999
-0.6973517
-0.6900324
-0.6971074
-0.71614
-0.721508
-0.721508
-0.7134559
-0.7178484
-0.7229722
-0.7376122
-0.7505438
-0.7576204
-0.7463956
-0.7317556
-0.7317556
-0.7222393
-0.7339526
-0.7293158
-0.7251676
-0.7300487
-0.7300487
-0.7319999
-0.7266318
-0.7239478
-0.7310243
