-1.00894
-1.011624
-0.9984477
-0.9508679
-0.9464754
-0.9464754
-0.9286643
-0.9201236
-0.9215878
-0.9215878
-0.9296399
-0.9296399
-0.904508
-0.904508
-0.8935276
-0.8967001
-0.8884038
-0.8547327
-0.7910487
-0.7786041
-0.8198403
-0.8571725
-0.8281366
-0.8281366
-0.7927556
-0.7251676
-0.7251676
-0.6985716
-0.7354168
-0.8417996
-0.8417996
-0.9454998
-0.8927963
-0.86742
-0.8574167
-0.8391155
-0.8313077
-0.8364315
-0.8705927
-0.8705927
-0.8864526
-0.9049966
-0.9049966
-0.9315926
-0.9550161
-0.9550161
-0.9628239
-0.9650194
-0.9484282
-0.9484282
-0.9530634
-0.9530634
-0.9930797
-1.018212
-1.043588
-1.052373
-1.052373
-0.9872246
-0.965508
-0.94428
-0.9184167
-0.8366758
-0.7922686
-0.7588403
-0.7747002
-0.8161806
-0.9864917
