-0.9298842
-0.9298842
-0.9406204
-0.9542832
-0.9657522
-0.9684363
-0.9625797
-0.9311041
-0.9210992
-0.909876
-0.8869396
-0.8869396
-0.9293956
-0.9293956
-0.9335438
-0.9254917
-0.9254917
-0.9042637
-0.91378
-0.9767327
-0.9808794
-0.9218321
-0.9218321
-0.9882001
-0.9501366
-0.9501366
-0.9425715
-0.9425715
-0.9425715
-0.9794167
-0.9794167
-0.9794167
-0.9425715
-0.9101204
-0.9101204
-0.9223207
-0.9223207
-0.9145113
-0.9574559
-0.9574559
-0.9218321
-0.9969836
-0.9969836
-0.9306155
-0.9306155
-0.9306155
-0.9691676
-0.9862474
-0.9862474
-0.9537963
-0.9518435
-0.9518435
-0.965508
-0.965508
-0.965508
-0.9035324
-0.9035324
-0.9035324
-0.9433044
-0.9433044
-0.94428
-0.94428
-0.9267116
-0.9262246
-0.9364721
-0.9450113
-0.9420845
-0.9084119
-0.9084119
-0.9484282
-0.9506236
-0.9908842
-0.9908842
-0.9908842
-1.013332
-0.9964966
-0.9637995
-0.9452556
-0.9452556
-0.9413517
-0.9457442
-0.9564803
-0.9691676
-0.9401318
-0.9401318
-0.9467197
-0.9484282
-0.9484282
-0.9484282
-0.9484282
-0.9418402
-0.9503794
-0.9503794
-0.9628239
-0.9628239
-0.9628239
-0.9411073
-0.9411073
-0.9391562
-0.9706318
-0.9850276
-0.9218321
-0.9218321
-0.9218321
-0.9862474
-0.9369607
-0.9369607
-0.9662408
-0.9662408
-0.9479396
-0.9479396
-0.9479396
-0.9594086
-0.9662408
-0.9401318
-0.9401318
-0.92842
-0.9130487
-0.9130487
-0.9725845
-0.9725845
-0.9725845
-0.9535519
-0.9535519
