-1.059692
-1.059692
-1.059692
-0.9232963
-0.9232963
-0.8703484
-0.8703484
-0.8703484
-0.9132914
-1.010648
-1.010648
-0.9633125
-0.9633125
-1.033096
-1.033096
-1.09434
-1.102637
-1.093365
-1.093365
-1.093365
-1.032852
-1.085068
-1.082384
-1.082384
-1.109712
-1.109712
-1.013332
-1.0492
-1.003816
-0.9591643
-0.9591643
-0.9506236
-0.97478
-0.97478
-0.9001155
-0.9059721
-0.9276887
-0.9276887
-0.94428
-0.95892
-0.95892
-0.8962116
-0.8962116
-0.8518044
-0.864736
-0.9450113
-0.9689233
-1.147777
-1.152168
-1.152168
-1.026019
-0.9777083
-0.9777083
-0.9777083
-0.8693728
-0.8693728
-0.9511122
-0.9511122
-0.9501366
-0.9823435
-1.048225
-1.040417
-0.9669721
-1.028461
-1.0614
