-1.131428
-1.131428
-0.9779526
-0.9779526
-0.9367164
-0.9454998
-0.9608728
-0.9608728
-0.8903565
-0.8903565
-0.8591236
-0.8322833
-0.8322833
-0.8417996
-0.8005634
-0.8005634
-0.8464363
-0.9067035
-0.9067035
-0.9435487
-0.9435487
-0.9223207
-0.9032881
-0.8896236
-0.9079233
-0.9440357
-0.9440357
-0.9696562
-1.016992
-1.016992
-1.059936
-1.059936
-1.100684
-1.145093
-1.169247
-1.169247
-1.184376
-1.184376
-1.161684
-1.09922
-1.037
-0.9821008
-0.9821008
-0.9611155
-0.9640438
-0.9640438
-0.9767327
-0.9969836
-0.9857604
-1.006013
-1.006013
-1.009184
-1.009184
-0.9886887
-0.9886887
-0.9952767
-0.9742914
-0.9742914
-0.8927963
-0.8927963
-0.8927963
-0.8132523
-0.8420438
-0.8954803
-0.8954803
-0.8954803
-0.9184167
-0.9472083
-0.9472083
-0.9789281
-0.9142686
-0.8583924
-0.8349673
