-0.9662408
-0.998692
-0.998692
-1.049931
-1.018456
-0.9903956
-0.9735601
-0.9872246
-0.9872246
-1.005524
-0.9933239
-0.9750242
-0.9828321
-0.9464754
-0.9174396
-0.9174396
-0.9325683
-0.946964
-0.9567246
-0.9750242
-1.011868
-1.057252
-1.118741
-1.118741
-1.12484
-1.108736
-1.074576
-0.9918598
-0.9601399
-0.9645324
-0.9342767
-0.8984086
-0.8945047
-0.8945047
-0.9372035
-0.9418402
-0.9418402
-0.970876
-0.9823435
-0.9823435
-1.014063
-1.043832
-1.073843
-1.02236
-0.9720959
-0.9989363
-1.031145
-1.017725
-1.017725
-1.0004
-0.9781953
-0.9933239
-0.9942995
-0.9772197
-0.9838077
-0.9818565
-0.9818565
-0.9938125
-1.026996
-1.029923
-0.9911284
-0.9450113
-0.9511122
-0.9947881
-1.031145
-1.031145
-1.003085
-0.9684363
-0.9454998
-0.9796594
-0.9796594
-0.9857604
-0.977464
-0.9220763
-0.9916155
-1.053835
-1.066524
