-0.9159755
-0.9223207
-0.949648
-0.949648
-0.9947881
-1.005036
-0.9962522
-0.9701447
-0.9806366
-0.9957637
-1.009917
-0.9877115
-0.9723402
-0.9723402
-0.9528207
-0.968192
-0.9984477
-1.03578
-0.977464
-0.977464
-0.9969836
-0.9994233
-1.040172
-1.03944
-1.0309
-1.023093
-1.028216
-1.035291
-1.047247
-1.047247
-1.040904
-1.004791
-0.9769754
-0.9528207
-0.9464754
-0.9718516
-0.9718516
-0.9845405
-0.9540405
-0.9672164
-0.9672164
-0.9899086
-1.019189
-1.019189
-1.00528
-0.9999119
-1.002352
-0.9994233
-1.005524
-1.029681
-1.023824
-1.013332
-1.013332
-1.003329
-0.9991806
-0.9969836
-0.9879559
-0.9674607
-0.9713646
-0.9889315
-0.9889315
-0.9835634
-0.9835634
-0.9330568
-0.9159755
-1.013576
-1.080676
-1.061645
