-0.7241921
-0.7485927
-0.7734803
-0.7734803
-0.8205715
-0.8352116
-0.8176448
-0.8149607
-0.8047116
-0.8061758
-0.8061758
-0.7966595
-0.7820194
-0.7715276
-0.770552
-0.77714
-0.7717718
-0.7805552
-0.7751887
-0.7751887
-0.77714
-0.7729917
-0.7751887
-0.7607914
-0.7937327
-0.7712833
-0.7712833
-0.7717718
-0.8032475
-0.8069086
-0.8086155
-0.8042246
-0.7900715
-0.7734803
-0.7620113
-0.7620113
-0.7934884
-0.8237442
-0.8532686
-0.8757164
-0.8967001
-0.9149998
-0.9445242
-0.9581887
-0.9718516
-0.9718516
-0.9872246
-0.9974721
-0.9977164
-0.9984477
-0.9955194
-0.9882001
-0.9882001
-0.9877115
-0.9813679
-0.9738044
-0.9728288
-0.9735601
-0.9735601
-0.9713646
-0.9701447
-0.9677035
-0.9699005
-0.9674607
-0.9620926
-0.9520878
-0.9452556
-0.9359836
-0.9359836
-0.9332995
-0.9447685
-0.9476953
-0.9486725
-0.9503794
-0.9594086
-0.9594086
-0.9733158
-0.9818565
-0.9925926
-0.9935682
-0.9942995
-0.9930797
-1.002107
-1.002107
-0.998692
-0.9955194
-0.9901513
-0.9974721
-1.007475
-0.9857604
-0.9772197
-0.9772197
-0.9606284
