-0.8971887
-0.8871839
-0.8823044
-0.8823044
-0.8735194
-0.8691285
-0.8622963
-0.8681514
-0.8698598
-0.8801073
-0.8801073
-0.8932848
-0.8996285
-0.8920634
-0.8906008
-0.8871839
-0.8940161
-0.9142686
-0.9142686
-0.9220763
-0.9003598
-0.8835242
-0.8593679
-0.8525357
-0.8337474
-0.8361887
-0.8374086
-0.8374086
-0.8247197
-0.8154477
-0.8220357
-0.8137393
-0.8093484
-0.7842165
-0.7842165
-0.7978794
-0.8083728
-0.8039803
-0.7956839
-0.7854363
-0.7651839
-0.7651839
-0.7249234
-0.7249234
-0.7246806
-0.73078
-0.7651839
-0.8005634
-0.8217914
-0.8210601
-0.8176448
-0.8176448
-0.8232556
-0.8466806
-0.8310634
-0.8042246
-0.7786041
-0.7786041
-0.6907637
-0.6907637
-0.7107719
-0.7639641
-0.8442393
-0.8871839
-0.8984086
-0.8764477
-0.8515601
-0.8515601
-0.8481448
-0.8300878
-0.8093484
-0.8159363
-0.8332604
-0.8500959
-0.8254526
-0.8405797
-0.8405797
-0.8193517
-0.8391155
-0.8337474
-0.8413125
-0.8591236
-0.8598565
-0.8598565
-0.8457035
-0.8300878
-0.8227686
-0.8142279
