-0.9486725
-0.9908842
-1.024557
-1.024557
-0.9821008
-0.9384233
-0.9903956
-1.033584
-1.095316
-1.10044
-1.064816
-1.022848
-1.022848
-1.029436
-1.090923
-1.06506
-1.037
-1.037
-0.9428158
-0.9245161
-0.8569282
-0.8476562
-0.779824
-0.7890959
-0.8164234
-0.8759607
-0.8759607
-0.9167083
-0.9167083
-0.8923077
-0.9411073
-0.9396448
-0.986736
-1.021384
-1.072137
-1.089703
-1.089703
-1.101172
-1.088728
-1.104101
-1.082384
-1.076285
-1.028703
-1.002596
-1.002596
-1.012601
-1.003329
-0.9803923
-0.9701447
-0.9425715
-0.8927963
-0.8654673
-0.8654673
-0.8300878
-0.8015406
-0.8156921
-0.8542442
-0.8586366
-0.8349673
-0.7847035
-0.7847035
-0.7356595
-0.7278517
-0.7742116
-0.7744559
-0.7908044
-0.7678679
-0.8134966
-0.8134966
-0.8115438
-0.7639641
-0.7856806
-0.8027604
-0.8056887
-0.8164234
-0.8081285
-0.8625405
-0.8854755
-0.8854755
-0.9335438
-0.9603842
-0.8908435
-1.198772
-1.111664
-1.172176
-1.172176
-1.189988
-1.076772
-1.011137
-0.8632718
-0.7893403
-1.117519
-0.8784005
-0.8047116
-0.8047116
-0.6636806
-0.6719755
-0.6966204
-0.6714885
-0.6021921
-0.5882833
-0.5882833
-0.5985324
-0.6417198
-0.691008
-0.7380993
-0.7246806
-0.7195553
-0.7195553
-0.8913321
-0.8913321
-0.9245161
-1.02236
-1.149241
-1.182425
-1.220488
-1.270996
-1.248549
-1.248549
-1.156072
-1.079456
-1.020164
-0.9752685
-0.892552
-0.8298435
-0.7695764
-0.8054445
-0.8054445
-0.8178875
-0.7690879
-0.7512767
-0.7561562
-0.7615243
-0.7671366
-0.7671366
-0.8174005
-0.8320405
-0.8591236
-0.9142686
-0.9623353
-0.9999119
-1.017725
-1.017725
-1.06262
-1.101659
-1.122156
-1.137527
-1.119472
-1.085557
-1.030656
-1.030656
-0.9642881
-0.9791725
-0.9272001
-0.8349673
-0.7681122
-0.7707963
-0.7707963
-0.7058924
-0.7058924
-0.4826318
-0.6295195
-0.7571318
-0.8557083
-0.8557083
-1.009184
-1.009184
-1.027239
-1.080189
-1.076285
-1.227563
-1.2505
-1.165588
-1.107516
-1.107516
-1.139724
-1.056277
-1.22244
-1.159733
-1.107516
-1.047247
-1.00772
-1.00772
-0.9706318
-0.9113402
-0.8901122
-0.9106073
-0.9062164
-0.9140242
-0.9001155
-1.026996
-1.026996
-0.9979607
-1.000645
-0.9928353
-0.986736
-1.054324
-1.101659
-1.101659
-1.159244
-1.158268
-1.159733
-1.149241
-1.137772
-1.126549
-1.126549
-1.108247
-0.9147556
-0.8232556
-0.8232556
-0.7476155
-0.7085764
-0.6873484
-0.6873484
-0.6475764
-0.6553842
-0.6829559
-0.6829559
-0.6966204
-0.7605487
-0.7881204
-0.8169119
-0.8569282
-0.8569282
-0.9040194
-0.9525763
-1.010404
-1.033096
-0.9494038
-0.9494038
-0.9689233
-1.108736
-1.018944
-0.9567246
-0.9921041
-0.9411073
-0.9030438
-0.8844998
-0.9018239
-0.8073956
-0.7288273
-0.7288273
-0.7512767
-0.7995878
-0.7346839
-0.7398077
-0.7112604
-0.63928
-0.63928
-0.62464
-0.6880797
-0.6439168
-0.6058517
-0.6051204
-0.5787686
-0.5787686
-0.5206954
-0.4711644
-0.4596954
-0.4955634
-0.5333843
-0.5250879
-0.5250879
-0.4899527
-0.4614038
-0.4553045
-0.4123599
-0.4521318
-0.5465602
-0.6265927
-0.5672996
-0.3213485
-0.3213485
-0.1910521
-0.1927605
-0.2332638
-0.2859674
-0.2371677
-0.1747036
-0.1639674
-0.1639674
-0.1503045
-0.1476205
-0.1466433
-0.1305407
-0.1800717
-0.2098403
-0.2098403
-0.2120358
-0.2742557
-0.3140276
-0.3176873
-0.2962165
-0.4060162
-0.5555879
-0.6595324
-0.6595324
-0.6375716
-0.60878
-0.6356204
-0.6519673
-0.74542
-0.8776676
-0.8776676
-0.8464363
-0.8535113
-1.008695
-1.145335
-1.145335
-1.043832
-1.168516
-1.168516
-1.144604
-1.144604
-1.106783
-1.105808
-1.177544
-1.211461
-1.160708
-1.136552
-1.158268
-1.158268
-1.05286
-0.9745357
-0.9472083
-0.9586757
-0.9842963
-0.9879559
-0.9598956
-0.9598956
-0.9125601
-0.8879167
-0.8579038
-0.9340324
-0.9886887
-0.9662408
-0.9662408
-0.9579445
-1.025288
-1.128988
-1.057984
-0.9447685
-0.9335438
-1.02358
-1.006256
-0.9267116
-0.9267116
-0.9408646
-0.9647767
-0.9228077
-0.8984086
-0.9325683
-0.9325683
-0.9808794
-0.9462327
-0.8454607
-0.8125194
-0.8725438
-1.016505
-1.016505
-1.111909
-1.057497
-0.9018239
