-0.9850276
-0.9899086
-0.9899086
-1.007475
-1.018944
-1.025532
-1.014552
-1.011137
-0.996008
-0.996008
-0.9991806
-0.9964966
-1.009428
-1.023093
-1.02358
-1.015527
-1.015527
-1.018212
-1.018212
-1.017725
-1.035536
-1.036756
-1.018944
-1.012357
-0.9996676
-0.9996676
-0.9972278
-1.001132
-1.005036
-0.9967393
-0.9889315
-0.996008
-0.996008
-0.9874673
-0.9860047
-0.9860047
-0.9759998
-0.9637995
-0.9637995
-0.9818565
-0.9752685
-0.9752685
-0.9767327
-0.968192
-0.9750242
-0.977464
-0.9784396
-0.9808794
-0.9838077
-0.9838077
-0.9808794
-0.9703875
-0.9716073
-0.9842963
-0.9964966
-1.008208
-1.013332
-1.017236
-1.017236
-1.022115
-1.028948
-1.039684
-1.05286
-1.05164
-1.038708
-1.038708
-1.032852
-1.023824
-1.024799
-1.024799
-1.014063
-0.9967393
-0.9750242
-0.9540405
-0.9408646
-0.9408646
-0.9330568
-0.9357393
-0.9486725
-0.9445242
-0.9574559
-0.9711204
-0.9711204
-0.9759998
-0.9618484
-0.9306155
-0.8818158
-0.8586366
-0.8579038
-0.8579038
-0.8449721
-0.8374086
-0.8513158
-0.9015797
-0.9767327
-1.032365
-1.032607
-1.032607
-1.015041
-1.013821
-1.012843
-1.016505
-0.9925926
-0.9903956
-1.009917
-1.065549
-1.065549
-1.114104
-1.146312
-1.181203
-1.210484
-1.20292
-1.169492
-1.169492
-1.13826
-1.112884
-1.09312
-1.089216
-1.074332
-1.053835
-1.022604
-1.00406
-0.9886887
-0.9694119
-0.9516008
-0.9516008
-0.9301285
-0.9301285
-0.8910878
-0.8910878
-0.8918207
-0.8847442
-0.8688842
-0.8283794
-0.8139836
-0.8164234
-0.8164234
-0.8278924
-0.8156921
-0.8078842
-0.8015406
-0.7859234
-0.7717718
-0.7549363
-0.7398077
-0.7522523
-0.7522523
-0.7969038
-0.843508
-0.8698598
-0.8657116
-0.9113402
-0.9379363
-0.9696562
-0.9974721
-0.9974721
-1.057008
-1.132404
-1.154365
-1.174128
-1.161684
-1.161684
-1.161684
-1.147777
-1.169736
-1.181448
-1.214145
-1.212923
-1.210728
-1.162172
-1.162172
-1.113373
-1.094829
-1.094829
-1.060423
-1.017725
-0.9950324
-0.9657522
-0.9542832
-0.9542832
-0.9220763
-0.9128044
-0.8788875
-0.8547327
-0.8442393
-0.8354559
-0.8354559
-0.8254526
-0.8159363
-0.8066643
-0.8208158
-0.8322833
-0.8515601
-0.8705927
-0.8705927
-0.8805959
-0.8906008
-0.895236
-0.9032881
-0.9132914
-0.9118288
-0.9089005
-0.9027995
-0.9027995
-0.9020683
-0.9096318
-0.8996285
-0.9013354
-0.9237848
-0.94428
-0.9720959
-0.9389119
-0.9389119
-0.9391562
