-0.9250047
-0.9362279
-0.9362279
-0.9367164
-0.9474526
-0.9459884
-0.9459884
-0.9042637
-0.9293956
-0.9918598
-1.016016
-0.9767327
-0.9015797
-0.86742
-0.86742
-0.8776676
-0.8764477
-0.904508
-0.9379363
-0.9752685
-1.026264
-1.027728
-1.027728
-0.9967393
-0.9830763
-0.9723402
-0.9659966
-0.9640438
-0.9906399
-0.9891757
-0.9679477
-0.9679477
-0.9516008
-0.9198794
-0.9125601
-0.9335438
-0.9140242
-0.9476953
-0.9467197
-0.9467197
-0.9462327
-0.9325683
-0.9157327
-0.89792
-0.9008484
-0.8996285
-0.9108517
-0.9027995
-0.9027995
-0.9071921
-0.8962116
-0.8810845
-0.8425324
-0.80764
-0.80764
-0.7446887
-0.7337083
-0.7027197
-0.7485927
-0.7786041
-0.7688435
-0.8047116
-0.8047116
-0.8725438
-0.8649803
-0.8542442
-0.8781562
-0.8849884
-0.9132914
-0.9132914
-0.9391562
-0.9667279
-0.9525763
-0.9938125
-1.076285
-1.107516
-1.085799
-1.051151
-1.010404
-1.010404
-0.9569673
-0.9206122
-0.8288679
-0.7578647
-0.7061366
-0.718824
-0.718824
-0.8015406
-0.8015406
-0.8293565
-0.8615634
-0.9218321
-0.9025568
-0.8508288
-0.797148
-0.7712833
-0.7712833
-0.7417604
-0.7197996
-0.6636806
-0.6248842
-0.5787686
-0.5216725
-0.5216725
-0.5160602
-0.5321644
-0.5292361
-0.5402165
-0.5602247
-0.5870634
-0.6143924
-0.6326921
-0.6731954
-0.7603044
-0.7603044
-0.8322833
-0.8715683
-0.9057279
-0.9781953
-0.9781953
-1.055788
-1.074576
-1.107272
-1.165588
-1.21634
-1.24928
-1.284904
-1.346148
-1.346148
-1.354931
-1.316137
-1.258308
-1.237813
-1.204384
-1.204384
-1.138016
-1.138016
-1.104101
-1.069453
-1.044076
-1.02114
-0.9720959
-0.9247604
-0.8891366
-0.8891366
-0.8417996
-0.8239884
-0.7978794
-0.7417604
-0.6756366
-0.6168321
-0.5943843
-0.5943843
-0.5836481
-0.5394837
-0.51728
-0.4965406
-0.4794608
-0.5048354
-0.5048354
-0.4958077
-0.4901954
-0.5180113
-0.5751074
-0.5980439
-0.618052
-0.618052
-0.59414
-0.5670553
-0.5970683
-0.5787686
-0.5738875
-0.582184
-0.5882833
-0.5882833
-0.6236644
-0.6668517
-0.6722198
-0.6919836
-0.7080879
-0.7290716
-0.7654282
-0.8059315
-0.85278
-0.8964559
-0.9845405
-0.9845405
-1.011868
-1.006256
-0.9933239
-0.9750242
-0.9750242
-0.9586757
-0.9430601
-0.9240276
-0.9106073
-0.9006041
-0.9113402
-0.9023125
-0.9023125
-0.8898679
-0.9025568
-0.9106073
-0.937692
-0.9618484
