-0.7617686
-0.7544478
-0.7568875
-0.7432246
-0.7488354
-0.7459086
-0.7459086
-0.7564005
-0.7532279
-0.7559119
-0.7551806
-0.7605487
-0.7754315
-0.7871448
-0.7871448
-0.810324
-0.8110552
-0.7515194
-0.8088598
-0.8000764
-0.7634755
-0.6993044
-0.7334641
-0.7334641
-0.8405797
-0.7505438
-0.7629884
-0.9472083
-0.8613207
-0.8613207
-0.7934884
-0.7568875
-0.7568875
-0.8330162
-0.7895845
-0.7895845
-0.7244363
-0.7244363
-0.7717718
-0.8220357
-0.8298435
-0.8664445
-0.8664445
-0.8742523
-0.8332604
-0.8459477
-0.9154884
-0.9240276
-0.8020276
-0.8020276
-0.6436725
-0.5670553
-0.6036562
-0.7356595
-0.6800276
-0.5192327
-0.4755553
-0.6080487
-0.6080487
-0.6741725
-0.5948713
-0.5563207
-0.4670162
-0.3913761
-0.4550602
-0.5419234
-0.5712035
-0.5712035
-0.5580276
-0.5270406
-0.5643713
-0.5853565
-0.6268354
-0.6268354
-0.636596
-0.636596
-0.6585553
-0.6556285
-0.6036562
-0.5977996
-0.618052
-0.6775879
-0.6775879
-0.6746595
-0.7014999
-0.7337083
-0.7344396
-0.7227279
-0.6888126
-0.6763679
-0.7007686
-0.7007686
-0.7351725
-0.752008
-0.7341954
-0.6951562
-0.6810048
-0.8108125
-0.8108125
-0.7598158
-0.6195162
-0.6195162
-0.6690487
-0.6749038
-0.6758794
-0.7293158
-0.7144315
-0.7144315
-0.7578647
-0.7610357
-0.7083321
-0.6546514
-0.6900324
-0.7305357
-0.7747002
-0.7747002
-0.8069086
-0.7544478
-0.7058924
-0.6966204
-0.7163842
-0.7490797
-0.7542035
-0.7542035
-0.7510324
-0.74664
-0.7005243
-0.7395634
-0.77592
-0.7456644
-0.7583517
-0.7012556
-0.6407442
-0.6407442
-0.6890553
-0.7649396
-0.7851921
-0.8259396
-0.8313077
-0.7244363
-0.7244363
-0.7054038
-0.7054038
-0.7747002
-0.7856806
-0.7812881
-0.7966595
-0.7727475
-0.7727475
-0.7837279
-0.7988565
-0.801052
-0.7827523
-0.8967001
-1.081896
-0.8703484
-0.7925113
-0.7925113
