-0.8149607
-0.8234999
-0.8234999
-0.8283794
-0.8339917
-0.8396041
-0.8466806
-0.8461921
-0.8461921
-0.8486318
-0.8415568
-0.8259396
-0.8117881
-0.8069086
-0.8003207
-0.8027604
-0.8027604
-0.8071514
-0.8156921
-0.8200845
-0.8296008
-0.8322833
-0.8405797
-0.8408239
-0.8393598
-0.8393598
-0.8203273
-0.8044673
-0.803736
-0.8098354
-0.8244755
-0.8244755
-0.8288679
-0.8266725
-0.8213044
-0.8105683
-0.8069086
-0.8142279
-0.827648
-0.83692
-0.8361887
-0.8296008
-0.82228
-0.8091041
-0.803736
-0.8052002
-0.8088598
-0.8159363
-0.8159363
-0.8234999
-0.8274038
-0.8349673
-0.8374086
-0.8413125
-0.8464363
-0.8464363
-0.8454607
-0.8374086
-0.827648
-0.8178875
-0.8120324
-0.8120324
-0.8110552
-0.8161806
-0.8154477
-0.8181318
-0.8320405
-0.8415568
-0.8403354
-0.8410683
-0.8400927
-0.8400927
-0.8186204
-0.8186204
-0.8112996
-0.8078842
-0.8142279
-0.8225242
