-0.9816122
-0.9781953
-0.9659966
-0.9733158
-0.9777083
-0.9777083
-0.9874673
-0.9889315
-0.9933239
-0.9879559
-0.9799038
-0.9799038
-0.9701447
-0.9657522
-0.9657522
-0.9699005
-0.97478
-0.9855161
-0.98942
-0.9718516
-0.97478
-0.9830763
-0.9830763
-0.9896643
-0.9947881
-0.9930797
-0.9930797
-0.9757556
-0.9598956
-0.9645324
-0.9738044
-0.9738044
-0.9796594
-0.9957637
-0.9591643
-0.9494038
-0.9825878
-1.024312
-1.040172
-1.037975
-1.037244
-1.027239
-1.013821
-1.028216
-1.028216
-1.056277
-1.064571
-1.065791
-1.062865
-1.0614
-1.0614
-1.030168
-1.024799
-1.005036
-1.029192
-1.011137
-1.005524
-0.9964966
-0.986736
-0.9664836
-0.9664836
-0.9745357
-0.9699005
-0.9550161
-0.9184167
-0.895236
-0.8852327
-0.8786448
-0.8786448
-0.8552197
-0.8286237
-0.8088598
-0.7834836
-0.7683565
-0.7651839
-0.7807996
-0.7807996
-0.8234999
-0.8522914
-0.8474119
-0.8317963
-0.8359445
-0.8359445
-0.9079233
-0.9608728
-1.001376
-0.9874673
-0.980148
-1.052616
-1.080676
-1.080676
-1.126549
-1.183156
-1.218291
-1.178519
-1.147532
-1.090923
-1.095316
-1.095316
-1.1163
-1.111176
-1.072137
-1.035536
-1.051396
-1.067988
-1.077016
-1.066524
-1.039928
-0.9977164
-1.004791
-1.004791
-1.010159
-0.9874673
-0.9696562
-0.9516008
-0.9516008
-0.9435487
-0.9362279
-0.9237848
-0.9027995
-0.8957246
-0.895236
-0.8998728
-0.9006041
-0.8984086
-0.8984086
-0.8884038
-0.8986514
-0.8906008
-0.8915763
-0.9032881
-0.9032881
-0.9084119
-0.9140242
-0.9210992
-0.9210992
-0.9189038
-0.9252474
-0.9252474
-0.9428158
-0.9584315
-0.9584315
-0.9552604
-0.9396448
-0.9440357
-0.9367164
