-0.9633125
-0.9745357
-0.9745357
-0.9684363
-0.9823435
-0.9489167
-0.9489167
-0.9484282
-0.9711204
-0.9781953
-0.970876
-0.970876
-0.9486725
-0.9559917
-0.9786839
-0.9838077
-0.9952767
-1.012112
-1.001376
-0.9933239
-0.9769754
-0.9933239
-0.9764884
-0.9764884
-0.9591643
-0.9503794
-0.9540405
-0.9428158
-0.9276887
-0.9276887
-0.9457442
-0.9745357
-0.9879559
-0.9879559
-0.9716073
-0.9630682
-0.9559917
-0.977464
-0.9886887
-0.9911284
-0.9947881
-0.9942995
-0.9911284
-1.00772
-1.017236
-1.017236
-1.026508
-1.018456
-1.017967
-1.000888
-1.0004
-0.9908842
-0.9811236
-0.9713646
-0.9764884
-0.9845405
-0.9845405
-0.9933239
-0.9889315
-0.9740487
-0.9545276
-0.9550161
-0.9555047
-0.9637995
-0.9720959
-0.9720959
-1.004304
-1.004304
-0.9994233
-0.9818565
-0.9901513
-0.9720959
-0.9720959
-0.98942
-0.9930797
-0.9840519
-0.9855161
-0.9777083
-0.9777083
-0.9752685
-0.9706318
-0.9701447
-0.9852718
-0.9896643
-0.9825878
-0.9679477
-0.9662408
-0.9689233
-0.9689233
-0.9838077
-0.9942995
-1.008453
-0.9991806
-0.9938125
-0.9833207
-0.9930797
-0.9974721
-0.9957637
-0.9864917
-1.023335
-1.034804
-1.022604
-1.022604
-0.9886887
-0.965508
-0.9664836
-0.9969836
-1.00284
-0.9940552
-0.9862474
-0.9913728
-0.9913728
-0.9825878
-0.9884444
-0.9825878
-0.9889315
-1.003329
-1.002352
-1.005036
-0.9933239
-0.9679477
-0.9530634
-0.9535519
-0.9535519
-0.9579445
-0.9530634
-0.9618484
-0.9679477
-0.9686806
-0.9713646
-0.9667279
-0.9640438
-0.9640438
-0.9662408
-0.9728288
-0.9816122
-0.9808794
-0.9686806
-0.9652637
-0.9672164
-0.9806366
