-0.8676643
-0.8771806
-0.8781562
-0.8781562
-0.8754721
-0.8769363
-0.8722996
-0.8725438
-0.8698598
-0.8698598
-0.8725438
-0.8722996
-0.8798646
-0.8891366
-0.8849884
-0.8781562
-0.8781562
-0.8703484
-0.8652246
-0.8654673
-0.8652246
-0.8705927
-0.8749836
-0.8735194
-0.8713239
-0.8703484
-0.8703484
-0.8693728
-0.8681514
-0.8705927
-0.8696155
-0.8713239
-0.8713239
-0.8715683
-0.8715683
-0.8715683
-0.8715683
-0.8754721
-0.8835242
-0.8937718
-0.8840113
-0.8688842
-0.8659559
-0.8659559
-0.8705927
-0.8715683
-0.8715683
-0.8725438
-0.874008
-0.8710797
-0.8710797
-0.8715683
-0.8747393
-0.8725438
-0.8659559
-0.8686399
-0.8686399
-0.8715683
-0.8727881
-0.8737637
-0.8735194
-0.8686399
-0.8642474
-0.8642474
-0.8635162
-0.8701041
-0.8701041
-0.8803517
-0.8801073
-0.8774233
-0.8730324
-0.864736
-0.8637604
-0.8637604
-0.8701041
-0.8686399
-0.8679086
-0.8659559
-0.8703484
-0.8710797
-0.8744966
-0.8766921
-0.8764477
-0.8764477
-0.8766921
-0.8679086
-0.8454607
-0.8500959
-0.8579038
-0.8654673
-0.8654673
-0.8725438
-0.8618077
-0.8547327
-0.9381806
-0.864736
-0.862052
-0.862052
-0.8642474
-0.8615634
-0.8503402
-0.82228
-0.8564396
-0.8898679
-0.9120715
-0.9206122
-0.9206122
-0.8930405
-0.8869396
-0.8940161
-0.9306155
-0.9374477
-0.8766921
-0.9537963
-0.8908435
-0.9149998
-0.9123158
-0.9123158
-0.8732767
-0.8637604
-0.8862083
-0.8898679
-0.8898679
-0.8627848
-0.874008
-0.8864526
-0.9047523
-0.916464
-0.925736
-0.9274445
-0.9293956
-0.9293956
-0.9179282
-0.909876
-0.9079233
-0.9145113
-0.9037767
-0.9037767
-0.8959673
-0.8959673
-0.9010926
-0.9091448
-0.9113402
-0.9154884
-0.9313484
-0.9286643
-0.9262246
-0.9262246
-0.9140242
-0.9147556
-0.9047523
-0.9047523
-0.9081676
-0.904508
-0.9015797
-0.9015797
-0.9020683
-0.9025568
-0.9062164
-0.8998728
-0.8993842
-0.9076806
-0.9076806
-0.8945047
-0.8930405
-0.8981643
-0.9096318
-0.9181725
-0.919148
-0.9135357
