-0.9059721
-0.8971887
-0.8591236
-0.8654673
-0.8608321
-0.8608321
-0.8742523
-0.8766921
-0.8920634
-0.9015797
-0.9267116
-0.9491594
-0.9699005
-0.9699005
-0.9845405
-0.9977164
-0.9952767
-0.9974721
-1.021873
-1.039197
-1.056764
-1.056764
-1.070184
-1.090681
-1.0919
-1.064085
-1.033096
-1.023824
-0.9952767
-0.9952767
-0.9716073
-0.9601399
-0.9491594
-0.9557474
-0.9616041
-0.9625797
-0.9628239
-0.9628239
-0.9486725
-0.9347637
-0.9440357
-0.9311041
-0.9157327
-0.9157327
-0.9106073
-0.9054836
-0.9054836
-0.8769363
-0.8452165
-0.8217914
-0.7832393
-0.7603044
-0.7610357
-0.7603044
-0.7603044
-0.7644526
-0.7646953
-0.7693321
-0.7556676
-0.7463956
-0.7207767
-0.7283403
-0.7524966
-0.8093484
-0.8093484
-0.8649803
-0.9125601
-0.9384233
-0.9320797
-0.9179282
-0.9179282
-0.9318354
-0.9484282
-0.9454998
-0.9457442
-0.9650194
-0.9716073
-0.9677035
-0.9677035
-0.9616041
-0.9518435
-0.9479396
-0.9828321
-1.019676
-1.067744
-1.067744
-1.109225
-1.117519
-1.119472
-1.117764
-1.100684
