0.2503436
0.2398518
0.2398518
0.2569316
0.225456
0.2076433
0.2076433
0.2083762
0.194956
0.2235032
0.2117915
0.2117915
0.2030081
0.1978843
0.2047165
0.2252117
0.2361921
0.1947117
0.206912
0.2259446
0.2225277
0.2993876
0.3032915
0.3032915
0.2788924
0.2325325
0.1598208
0.1871482
0.2149641
0.2195993
0.2015439
0.1905635
0.2117915
0.2117915
0.2757198
0.249368
0.218868
0.1485961
0.1359087
0.1385928
0.1571368
0.2083762
0.2186238
0.1822687
0.1373713
0.1373713
0.1193159
0.1442036
0.1581123
0.1605521
0.1490846
0.1324918
0.1317605
0.1717753
0.2098403
0.1881238
0.1881238
0.1603078
0.1490846
0.1402997
0.1971515
0.2174039
0.2091075
0.1815358
0.1659202
0.1659202
0.1717753
0.1717753
0.1659202
0.1917834
0.1603078
0.1991042
0.1991042
0.1973957
0.1654316
0.1583566
0.1690928
0.1847084
0.1847084
0.2091075
0.2113045
0.1881238
0.1568925
0.1498159
0.1471319
0.1583566
0.1844641
0.1934918
0.1934918
0.1595765
0.1207801
0.08979154
0.09564818
0.1176075
0.155184
0.1058958
0.09149998
0.1176075
0.161772
0.1481075
0.1161433
0.09906352
0.09906352
0.09637949
0.1102882
0.1300521
0.1415195
0.1305407
0.1083355
0.1056515
0.1437166
0.1437166
0.1849527
0.1778762
0.1712882
0.1564039
0.1629918
0.1610407
0.1473762
0.1156563
0.1402997
0.183
0.2337524
0.2337524
0.2522964
0.22814
0.1942247
0.173728
0.1817801
0.2083762
0.216184
0.192272
0.192272
0.1620162
0.1729967
0.2671807
0.2515635
0.246684
0.2127687
0.1637247
0.1522557
