0.1649446
0.1507915
0.1210244
0.1210244
0.05197229
0.1751921
0.1964201
0.1132166
0.04318732
0.05831595
0.1759235
0.19764
0.19764
0.2193566
0.1686042
0.1234641
0.1995928
0.1995928
0.2366807
0.1393241
0.09442831
0.08515632
0.1263925
0.1200472
0.110044
0.2644967
0.2644967
0.6068273
0.6068273
0.3935716
0.3328159
0.2583957
0.1937361
0.2452198
0.206912
0.2156954
0.2156954
0.194956
0.2247247
0.1041873
0.06954067
0.1066286
0.07173613
0.07271173
0.07271173
0.1207801
0.1376156
0.1803159
0.2142313
0.246684
0.2801123
0.3167117
0.3167117
0.3059755
0.3084153
0.316956
0.3101237
0.3181759
0.2801123
0.3386725
0.3386725
0.3467247
0.3242768
0.3132963
0.2908485
0.2708403
0.2315554
0.2091075
0.2091075
0.1793403
0.1546954
0.1332247
0.08954725
0.09028011
0.09028011
0.04806838
-0.03757652
-0.1251726
-0.1251726
-0.110044
-0.1573795
-0.1715325
-0.3886921
-0.3577035
-0.2737687
-0.2737687
-0.2447313
-0.1163876
-0.1097997
-0.1427394
-0.09589247
-0.2962165
-0.08686477
0.06465962
0.06465962
-0.09271986
0.01927527
0.02952441
0.02244788
0.03342832
0.07515148
0.07515148
0.05758465
-0.03879639
-0.01561565
-0.01829969
-0.03928341
-0.1124837
-0.1124837
-0.2705961
-0.2705961
-0.3079283
-0.4074804
-0.5250879
-0.5472915
-0.5392393
-0.5065439
-0.4611596
-0.4611596
-0.4172394
-0.16714
-0.4167524
-0.4560358
-0.3842996
-0.1971515
-0.1398126
-0.2098403
-0.2098403
-0.322324
-0.4104087
-0.4313924
-0.3913761
-0.2847475
-0.2291156
-0.2291156
-0.2149641
-0.1854397
-0.1700684
-0.1681156
-0.2713273
-0.3023159
-0.3154918
-0.3154918
-0.3396482
-0.3877165
-0.4782394
-0.5248436
-0.5899917
-0.6160993
-0.5982882
-0.5982882
-0.6080487
-0.6524559
-0.6202475
-0.4482279
-0.2791367
-0.4187035
-0.4187035
-0.1520114
-0.1520114
-0.09198856
0.2701075
0.3659999
0.2325325
0.2325325
-0.07929967
-0.07929967
-0.234728
-0.2993876
-0.4062605
-0.2837719
-0.2644967
-0.2332638
-0.1725081
-0.1725081
-0.1717753
-0.1715325
-0.2205765
-0.1361515
-0.1305407
-0.1002834
-0.09906352
-0.09906352
-0.1359087
-0.1790961
-0.1549397
-0.1210244
-0.2105716
-0.1729967
-0.2054479
-0.2823078
-0.2823078
-0.2713273
-0.194956
-0.1503045
-0.1851954
-0.2186238
-0.2383876
-0.2383876
-0.2791367
-0.3630716
-0.2703518
-0.155184
-0.1188274
-0.1451807
-0.1451807
-0.1234641
0.01781267
0.09930781
0.09930781
0.1156563
0.1378599
0.1529886
0.1529886
0.2071563
0.2408274
0.2930439
0.2930439
0.3296433
0.3640487
0.347456
0.4033322
0.4916596
0.4916596
0.5287475
0.5724234
0.5765716
0.6919836
0.5724234
0.5724234
0.5746204
0.5885276
0.5414364
0.6070716
0.6117083
0.6749038
0.444324
0.3359885
0.4689674
0.5058126
0.4784836
0.4784836
0.4467638
0.4543273
0.6275683
0.6463565
0.5565634
0.6039006
0.6039006
0.6675845
0.54778
0.4162638
0.4326123
0.4606725
0.4047963
0.4047963
0.3908876
0.3586807
0.2874316
0.2727915
0.2908485
0.2005683
0.2005683
0.1532313
0.05490061
0.1119967
0.2052036
0.05685179
0.0124446
0.01049186
0.04489577
0.1168762
0.1168762
0.1381042
0.1786075
0.2657166
0.2703518
0.3189087
0.3498957
0.3579478
0.3579478
0.4567686
0.4872686
0.4823876
0.5436319
0.5931644
0.6073158
0.6073158
0.6085358
0.5973126
0.6409885
0.6231758
0.5699837
0.5641285
0.5607116
0.5951155
0.5951155
0.5726677
0.5077637
0.4338322
0.4179722
0.4767767
0.3796644
0.3796644
0.2845033
0.3101237
0.3059755
0.3345244
0.3345244
0.2554674
0.1256596
0.1256596
0.03098857
0.03098857
-0.003172609
-0.04611564
-0.06636807
-0.09003583
-0.09589247
-0.0739316
-0.1097997
-0.1097997
-0.1371286
-0.08247229
-0.08344787
-0.1388355
-0.05441204
-0.02976869
-0.06319545
-0.06319545
-0.08076384
-0.06173129
-0.1054087
-0.1930033
-0.1905635
-0.1429837
-0.1429837
-0.1861726
-0.2659593
-0.3367198
-0.255956
-0.1378599
-0.1259039
-0.1993485
-0.2403403
-0.1478648
-0.1478648
0.01146745
0.06587949
0.06831924
0.05538763
0.03489248
0.03489248
-0.08076384
-0.08491204
-0.01854397
0.3667313
0.1793403
-0.1659202
-0.1659202
-0.237412
-0.1310277
0.07515148
