-0.0124446
0.02659608
0.0214723
0.04733552
0.04733552
0.08540061
0.01927527
-0.0263518
0.03293975
0.0173241
-0.02684037
-0.02684037
-0.02391205
-0.02440062
-0.02928012
-0.03684366
-0.07076055
-0.07076055
-0.09759936
-0.1068713
-0.07368731
-0.03074428
0.001708448
-0.01024758
0.01000329
0.0558762
0.08027527
0.08027527
0.07222471
0.03733223
0.01585994
0.06661235
0.09906352
0.07905539
0.05978011
0.01659124
0.01659124
-0.007807824
0.02684037
0.05368074
0.0214723
-0.005856646
-0.03757652
-0.03757652
-0.04831266
-0.02098372
0.004879501
0.01634851
-0.001464162
-0.001464162
-0.01854397
0.004879501
-0.003903912
-0.003903912
0.004636771
0.02537621
0.02684037
0.01073615
0.01659124
0.01659124
0.0009755891
-0.0173241
-0.01220031
0.001219875
0.003903912
-0.02464335
-0.02464335
-0.07783552
-0.07954396
0.1651873
0.09491532
-0.1124837
-0.1705554
-0.09028011
