-0.2649837
-0.2649837
-0.25864
-0.1805602
-0.1805602
-0.1276123
-0.1198045
-0.1198045
-0.1898322
-0.2037394
-0.2037394
-0.2471726
-0.2244804
-0.2244804
-0.2344837
-0.2327752
-0.2327752
-0.2420488
-0.2420488
-0.2195993
-0.2115488
-0.2766954
-0.2766954
-0.2813322
-0.2813322
-0.1988599
-0.1988599
-0.1585993
-0.04928825
-0.04928825
-0.04538434
-0.08051955
-0.08051955
-0.02244788
0.05880453
0.05880453
0.1102882
0.1398126
0.1398126
0.1920277
0.1920277
0.1920277
0.2193566
0.2481482
0.2481482
0.2937768
0.2937768
0.237412
0.237412
0.237412
0.1712882
0.1029674
0.1029674
-0.03025571
-0.1290765
-0.1290765
-0.2910928
-0.2910928
-0.3152475
-0.2313126
-0.2313126
-0.1712882
-0.1590879
-0.1590879
-0.2588843
-0.2588843
-0.2476596
-0.2476596
-0.2762084
-0.2705961
-0.2705961
-0.1707997
-0.1707997
-0.1707997
-0.1920277
