0.4340765
0.4216318
0.4147996
0.4147996
0.4040635
0.3940602
0.4047963
0.4362719
0.4196807
0.4252915
0.4338322
0.3957686
0.3445276
0.310368
0.310368
0.3601433
0.4340765
0.3989397
0.3650244
0.3518485
0.3650244
0.3703924
0.3703924
0.3950358
0.3984527
0.4013794
0.4047963
0.4550602
0.4650635
0.4650635
0.4516433
0.4387117
0.4682361
0.4489592
0.4209006
0.4196807
0.4406644
0.4587198
0.44164
0.44164
0.4216318
0.399184
0.4052834
0.4040635
0.4079674
0.4079674
0.4318794
0.4318794
0.4145553
0.4187035
0.4169966
0.4140683
0.4623794
0.4950764
0.4980048
0.4980048
0.5065439
0.5326514
0.5560764
0.5414364
0.5382637
0.5612002
0.5785243
0.5785243
0.6165879
0.6463565
0.6483077
0.6256155
0.6124396
0.6070716
0.6219559
0.6219559
0.6597767
0.6673403
0.6897882
0.6980845
0.7075993
0.7158957
0.7158957
0.7290716
0.7424917
0.7549363
0.76128
0.7539607
0.7539607
0.7598158
0.7598158
0.7981237
0.8195959
0.8274038
0.8147165
0.8117881
0.8181318
0.8239884
0.8239884
0.831552
0.8293565
0.8410683
0.8669315
0.8796204
0.8735194
0.8708354
0.864736
0.8625405
0.8625405
0.8522914
0.8447279
0.8474119
0.8530242
0.8601008
0.8596122
0.8596122
0.8635162
0.8627848
0.8681514
0.8730324
0.8764477
0.8744966
0.8737637
0.8744966
0.8744966
0.855464
0.8242327
0.7959282
0.7795797
0.7710406
0.7710406
0.7803125
0.7803125
0.7895845
0.8027604
0.8083728
0.8117881
0.8225242
0.8371643
0.8371643
0.8483875
0.8520487
0.8420438
0.8266725
0.8159363
0.8015406
0.8086155
0.80764
0.80764
0.8020276
0.7947083
0.7827523
0.7776285
0.77714
0.7795797
0.7795797
0.7703077
0.7564005
0.7429803
0.7349282
0.7522523
0.7673794
0.7617686
0.7617686
0.7583517
0.7546921
0.7573761
0.7527393
0.7459086
0.7500553
0.749324
0.749324
0.7588403
0.7712833
0.7795797
0.7744559
0.7695764
0.7649396
0.7656725
0.7656725
0.7659168
0.7671366
0.7654282
0.7576204
0.7605487
0.7422475
0.7197996
0.709552
0.709552
0.7046725
0.7027197
0.6946676
0.6939363
0.6880797
0.6678273
0.6627035
0.6627035
0.6480634
0.6395243
0.6404999
0.6480634
0.6575797
0.6607523
0.6607523
0.6641676
0.6680716
0.6629478
0.6517246
0.6575797
0.6731954
0.6783207
0.6846644
0.6846644
0.6846644
0.6875927
0.6958875
0.6951562
0.6936921
0.6934478
0.6934478
0.6861285
0.6749038
0.6741725
0.6914966
0.7107719
0.7190683
0.7068679
0.7137002
0.7137002
0.7263875
0.7246806
0.7173598
0.7132116
0.7061366
0.7041839
0.7620113
0.7620113
0.7354168
0.7354168
0.7205324
0.6954005
0.6978403
0.7151644
0.7158957
0.7158957
0.7083321
0.6946676
0.7112604
0.7014999
0.6817361
0.6622165
0.6544086
0.6512361
0.6512361
0.6575797
0.6702686
0.6724641
0.6651433
0.6680716
0.6680716
0.6690487
0.6724641
0.6429396
0.6348875
