-0.3535554
-0.3535554
-0.3794201
-0.4330993
-0.4291954
-0.4260243
-0.3657556
-0.3657556
-0.3657556
-0.2779153
-0.2779153
-0.2410716
-0.2086205
-0.1961759
-0.1817801
-0.06807651
-0.06807651
-0.03049999
-0.0124446
-0.0124446
-0.07759123
-0.09711234
-0.1659202
-0.1659202
-0.2522964
-0.2522964
-0.1732394
-0.09906352
-0.09906352
0.08784036
0.1964201
0.2418045
0.2852361
0.3174445
0.3799087
0.3799087
0.4479837
0.4479837
0.4633566
0.3376954
0.3376954
0.3145162
0.4233403
0.4462768
0.4372475
0.4406644
0.4621367
0.4621367
0.4006481
0.4006481
0.4775081
0.5031285
0.4992246
0.5236237
0.5641285
0.599508
0.599508
0.667096
0.667096
0.7090634
0.8059315
0.8330162
0.8583924
0.8942604
0.8735194
0.8642474
0.8840113
0.8840113
0.8676643
0.9018239
0.9149998
0.8857197
0.8757164
