0.3406237
0.3406237
0.5753517
0.5753517
0.4587198
0.4587198
0.4223647
0.4555487
0.5463158
0.6570927
0.6570927
0.7837279
0.7388321
0.7388321
0.7561562
0.7261432
0.7007686
0.7483484
0.7461514
0.7124803
0.6958875
0.7127246
0.7127246
0.7351725
0.6329364
0.6329364
0.6329364
0.5594918
0.5102035
0.4604282
0.3986954
0.3830797
0.3952801
0.3203713
0.2293599
0.2293599
0.2137443
0.1890993
0.1588436
0.1588436
0.2105716
0.2105716
0.1471319
0.1471319
0.1466433
0.09808794
-0.07222471
-0.07222471
-0.05343645
-0.02269217
-0.03733223
-0.03733223
0.005368074
0.01268733
0.01146745
0.02928012
0.05197229
0.08051955
0.1407882
0.1407882
0.2854804
0.2854804
0.3540439
0.4189478
0.4716514
0.5189885
0.5189885
0.6148794
0.6414755
0.6656318
0.7146758
0.7395634
0.7395634
0.8083728
0.8083728
0.7722604
0.7429803
0.7412719
0.7446887
0.7527393
0.7449315
0.7315113
0.7085764
