0.2444885
0.2444885
0.3284234
0.3430635
0.3520927
0.3228126
0.3228126
0.3911318
0.3911318
0.3911318
0.4248045
0.3599006
0.3599006
0.1739723
0.1676286
0.1676286
0.2032524
0.2788924
0.2788924
0.2337524
0.112728
0.112728
0.1866596
0.1866596
0.1761677
-0.07929967
-0.07929967
-0.1634804
-0.1634804
-0.1634804
-0.249368
-0.249368
-0.2781596
-0.3896677
-0.4260243
-0.4260243
-0.3003647
-0.3003647
-0.3003647
-0.3235439
-0.338184
-0.338184
-0.08491204
-0.04587136
-0.1903208
-0.2264316
-0.2264316
-0.1895879
-0.1895879
-0.1895879
-0.04587136
-0.04587136
-0.05319216
-0.05319216
0.0780798
0.2242361
0.2242361
0.3537996
0.3537996
0.3537996
0.1710439
0.1449364
0.2893843
0.2893843
0.5614445
0.3664885
