0.3579478
0.3642915
0.4052834
0.3918647
0.3918647
0.192272
0.192272
0.08564334
-0.00341534
-0.1183404
-0.2135
-0.3084153
-0.3869837
-0.4360276
-0.4772638
-0.4772638
-0.4989803
-0.5136204
-0.5228924
-0.5253322
-0.5128875
-0.4884885
-0.4797035
-0.4797035
-0.4540846
-0.4477394
-0.4499364
-0.4328566
-0.4189478
-0.3896677
-0.3896677
-0.3511156
-0.3096367
-0.2698647
-0.2386319
-0.1998355
-0.1690928
-0.1393241
-0.1076042
-0.1076042
-0.0905244
-0.06929639
-0.02879155
0.007807824
0.04733552
0.07637135
0.143228
0.143228
0.2476596
0.3067084
0.3150032
0.2630325
0.2286286
0.2408274
0.2554674
0.2640081
0.2640081
0.2862117
0.326228
0.3596563
0.3799087
0.3796644
0.3796644
0.4043078
0.4043078
0.4079674
0.4052834
0.3950358
0.3818599
0.3774674
0.3945487
0.3889364
0.3889364
0.3823484
0.3725879
0.368684
0.3657556
0.3640487
0.3696596
0.3696596
0.3711237
0.3720993
0.3667313
0.3520927
0.3684397
0.3618518
0.3618518
0.3167117
0.2791367
0.2296042
0.2562003
