0.8808402
0.8061758
0.7302914
0.7066237
0.6639234
0.618052
0.5785243
0.5785243
0.5045927
0.5233794
0.5241123
0.4784836
0.4492035
0.4492035
0.4099201
0.3723436
0.3496514
0.35014
0.3540439
0.3540439
0.3535554
0.3535554
0.2820635
0.2740114
0.2237475
0.2237475
0.1659202
0.1571368
0.1642117
0.1642117
0.1725081
0.1176075
0.0312313
-0.03049999
-0.02513192
-0.002195464
0.0558762
0.0558762
0.1473762
0.1473762
0.1683599
0.1254153
0.07149185
0.07149185
0.1598208
0.1598208
0.3984527
0.3984527
0.4648207
0.4470081
0.4140683
0.4091873
0.4382246
0.47214
0.47214
0.4804364
0.4701872
0.4977605
0.5397279
0.5746204
0.5746204
0.6053647
0.6053647
0.73078
0.73078
0.7229722
0.6983273
0.6566041
0.6736839
0.6834445
0.7180927
0.7690879
0.8242327
0.8596122
0.8493646
0.8256953
0.8256953
0.7424917
0.7893403
0.801052
0.801052
0.7683565
0.7405406
