0.2115488
0.2823078
0.2823078
0.2803566
0.2225277
0.1505472
0.1146807
0.05001955
0.02269217
0.02269217
0.05343645
0.08442346
0.0905244
0.06612378
0.07173613
0.06954067
0.01878826
0.01878826
-0.08149669
-0.1117524
-0.1112638
-0.06148856
-0.05758465
-0.1190717
-0.2127687
-0.2127687
-0.2413159
-0.2135
-0.1834885
-0.1927605
-0.246684
-0.3084153
-0.3376954
-0.2825521
-0.2825521
-0.2430244
-0.2691319
-0.2723045
-0.2884087
-0.2849918
-0.2696204
-0.2522964
-0.2435114
-0.2705961
-0.2705961
-0.3215927
-0.3272035
-0.3623403
-0.3506286
-0.3237882
-0.3237882
-0.2967035
-0.2967035
-0.3037801
-0.2927997
-0.2813322
-0.2991433
-0.3128078
-0.2881644
-0.2881644
-0.2393647
-0.1710439
-0.1788518
-0.2100846
-0.2191123
-0.1698241
-0.1698241
-0.05831595
-0.05831595
-0.05563192
-0.06929639
-0.0641726
-0.06685664
-0.03757652
0.004392485
0.004392485
0.07198042
0.07490875
0.0739316
0.08149669
0.09393974
0.1373713
0.1595765
0.1595765
0.1790961
0.1983713
0.1983713
0.2237475
0.2671807
0.2618126
0.2618126
0.2430244
0.2430244
0.2622997
0.2805993
0.2796237
0.2898713
0.2923126
0.2947524
0.2947524
0.3042687
0.3074397
0.2913355
0.3003647
0.3303761
0.3303761
0.3457475
0.3613647
0.3486758
0.3086596
0.2932882
0.2920683
0.3062198
0.3198843
0.2857247
0.374052
0.374052
0.3542882
0.2971921
0.2693762
0.2681563
0.2530276
0.3098795
