0.004148198
0.02781596
0.02781596
0.03904068
0.06392831
0.0558762
0.05197229
0.03025571
0.01098043
0.01098043
0.0004885725
0.004636771
0.009760559
0.01756838
0.03513677
0.03001142
0.02757167
0.02732738
0.02098372
0.02098372
0.03293975
0.03586807
0.03611235
0.009271986
-0.009271986
-0.009760559
-0.003659626
-0.003659626
-0.0009755891
-0.002684037
0.001219875
0.02903583
0.02903583
-0.0214723
-0.0214723
-0.05490061
0.001219875
0.02806024
0.02049671
-0.01781267
-0.0009755891
0.02708466
0.01488435
0.01488435
0.00561236
-0.05978011
-0.09686806
-0.1324918
-0.13664
-0.13664
-0.1090684
-0.1090684
-0.05929154
-0.02928012
-0.01976385
-0.009760559
0.01195602
0.01659124
0.01659124
0.02928012
0.06368402
0.08051955
0.04831266
0.008052111
0.04148043
0.07002769
0.07002769
0.05978011
0.04928825
0.05807167
0.04733552
0.06295273
0.08686477
0.09491532
0.09564818
0.09564818
0.06954067
0.06295273
0.08393645
0.1041873
0.08247229
0.07076055
0.07564005
0.07564005
0.05685179
0.0641726
0.06954067
0.07515148
0.1539641
0.06831924
0.01098043
0.01098043
0.001219875
0.02879155
