0.4819005
0.4806807
0.4833647
0.4833647
0.4828761
0.4823876
0.4784836
0.4789722
0.4838517
0.4838517
0.4865358
0.4821433
0.4836074
0.4914168
0.4904397
0.4794608
0.4794608
0.4770195
0.4850716
0.48678
0.4809234
0.484096
0.4892198
0.4926367
0.493368
0.4875113
0.4875113
0.4858045
0.4855602
0.4848273
0.4865358
0.4875113
0.4875113
0.484096
0.484096
0.4823876
0.4799478
0.4831204
0.4860487
0.4853159
0.4887312
0.4826318
0.4782394
0.4782394
0.4801921
0.4875113
0.4850716
0.4904397
0.4911725
0.4892198
0.4892198
0.48678
0.4855602
0.4853159
0.4845846
0.4862915
0.4862915
0.4919038
0.4884885
0.4865358
0.4894641
0.4897084
0.4860487
0.4819005
0.4789722
0.4879999
0.4879999
0.4926367
0.5016644
0.5041041
0.5041041
0.4931237
0.4862915
0.4862915
0.4850716
0.4887312
0.4879999
0.4892198
0.4914168
0.4865358
0.4833647
0.4838517
0.4831204
0.4831204
0.4833647
0.4709201
0.4709201
0.4728713
0.4826318
0.4980048
0.4980048
0.5060553
0.5062996
0.4982475
0.4672605
0.4965406
0.5050797
0.5050797
0.4997117
0.4931237
0.4797035
0.4594527
0.4716514
0.4972719
0.5116677
0.5328957
0.5328957
0.5577833
0.5419234
0.5365553
0.4572556
0.4611596
0.5287475
0.4221204
0.432368
0.4518876
0.4218761
0.4218761
0.4611596
0.4362719
0.4428599
0.4162638
0.4162638
0.4321237
0.4016237
0.4033322
0.399184
0.4087003
0.4123599
0.4133355
0.4216318
0.4216318
0.4167524
0.4082117
0.4069918
0.4052834
0.4035765
0.4035765
0.4008924
0.4008924
0.3999153
0.3938159
0.3979641
0.4008924
0.4126042
0.4194364
0.4184592
0.4184592
0.4196807
0.4213876
0.4089445
0.4089445
0.41114
0.4162638
0.4126042
0.4126042
0.4123599
0.4140683
0.4174837
0.4218761
0.4240716
0.4311481
0.4311481
0.4157768
0.4294397
0.4179722
0.4223647
0.4184592
0.41114
0.4126042
