0.2605928
0.2949966
0.3232996
0.2991433
0.2632768
0.2632768
0.1878795
0.1537199
0.1537199
0.1337117
0.1342003
0.1637247
0.192272
0.1952003
0.1952003
0.2064234
0.2132557
0.2252117
0.2315554
0.2454641
0.249368
0.2413159
0.2413159
0.2479039
0.2666921
0.2684006
0.2330195
0.2003241
0.1700684
0.1700684
0.1071156
0.0222036
-0.05831595
-0.1032117
-0.110044
-0.1383485
-0.185684
-0.225456
-0.225456
-0.2454641
-0.2942638
-0.3533126
-0.3869837
-0.3947915
-0.3891807
-0.3835683
-0.3835683
-0.3786873
-0.3469674
-0.3164674
-0.3093924
-0.2832834
-0.2469283
-0.2469283
-0.2171596
-0.1969087
-0.1786075
-0.1500602
-0.1227313
-0.09491532
-0.07100328
-0.04538434
-0.01829969
-0.01829969
-0.008052111
-0.01610422
-0.004392485
0.01268733
0.05294788
0.07124756
0.07124756
0.06929639
0.08271657
0.1037003
0.1037003
0.1544527
0.1564039
0.1564039
0.1237084
0.0690521
0.06124428
0.09979638
0.1412753
0.1688485
0.2103274
0.2825521
0.3718566
0.3718566
0.4235846
0.4514005
0.4567686
0.4457882
0.4313924
0.41114
0.3945487
0.3945487
0.3886921
0.3784445
0.3957686
0.3884478
0.3674641
0.3394039
0.3394039
0.3203713
0.3152475
0.2840162
0.2805993
0.2686433
0.2530276
0.2530276
0.2435114
0.2576644
0.2532719
0.2664478
0.3938159
0.3201286
0.2200879
0.2274087
0.2274087
0.2525406
0.2935325
0.3254966
