0.6248842
0.6204917
0.6104885
0.6107327
0.6107327
0.6078044
0.6265927
0.6231758
0.6148794
0.6104885
0.6041448
0.6175634
0.6397686
0.6397686
0.6358647
0.6219559
0.6117083
0.6117083
0.6178077
0.6178077
0.5921888
0.5797442
0.5797442
0.5777915
0.5572963
0.5441204
0.5258207
0.5258207
0.5258207
0.542412
0.5560764
0.5670553
0.5670553
0.5533924
0.5616872
0.5616872
0.5638843
0.5760846
0.5760846
0.5860879
0.5816954
0.5804755
0.5604674
0.5604674
0.5275276
0.514596
0.5258207
0.5258207
0.5221595
0.5292361
0.5280162
0.5280162
0.5241123
0.5233794
0.5277719
0.5141074
0.53314
0.5385081
0.5194755
0.5194755
0.4997117
0.5089837
0.5192327
0.5187442
0.5182557
0.5182557
0.5221595
0.5353354
0.5585162
0.5687637
0.5641285
0.557052
0.557052
0.5531481
0.5504641
0.5504641
0.5653484
0.5748647
0.5777915
0.5777915
0.6002393
0.6209803
0.6209803
0.6358647
0.6319607
0.6329364
0.6107327
0.603412
0.6121954
0.6302523
0.6292768
0.6400113
0.6400113
0.6490406
0.6468436
0.6468436
0.6400113
0.6236644
0.6017035
0.6251285
0.6683158
0.6827116
0.6827116
0.6885683
0.6878354
0.6600195
0.6490406
0.6590438
0.648552
0.6195162
0.6195162
0.6143924
0.6156123
0.6119527
0.62464
0.6390358
0.6461123
0.6519673
0.6492833
0.6512361
0.6512361
0.6500162
0.6409885
0.6402556
0.6292768
0.6358647
0.6390358
0.6390358
0.6314722
0.6170764
0.6275683
0.6709999
0.7012556
0.6988158
0.6629478
0.6629478
0.6358647
0.6400113
0.6619722
0.6649005
0.6617279
0.6563599
0.6492833
0.6492833
0.6483077
0.6426954
0.636596
0.6517246
0.6607523
0.6734396
0.6734396
0.636596
0.636596
0.6099999
0.6099999
0.6204917
0.6231758
0.6141481
0.6078044
0.6085358
0.6263484
0.6336676
0.6336676
0.6370845
0.6370845
0.6295195
0.6412327
0.6483077
0.6553842
0.6553842
0.6563599
0.6597767
0.6597767
0.688324
0.7090634
0.7090634
0.7005243
0.6946676
0.6946676
0.6927165
0.6934478
0.6934478
0.7088207
0.7163842
0.7158957
0.7173598
0.7173598
0.7168728
0.7100406
0.7068679
0.7066237
0.7207767
0.7222393
0.7222393
0.721508
0.7119917
0.7241921
0.7366366
0.7327327
0.7317556
0.7276074
0.7276074
0.7271204
0.7349282
0.7124803
0.7388321
0.7266318
0.7380993
0.7312686
0.7346839
0.7346839
0.7346839
0.7132116
0.7132116
0.7195553
0.6961318
0.6958875
0.6853957
0.6983273
0.7085764
0.7085764
0.7036954
