0.4250487
0.4133355
0.4133355
0.4304153
0.401868
0.3789316
0.3789316
0.3391596
0.3213485
0.2666921
0.2471726
0.3840553
0.4784836
0.4948322
0.4948322
0.4638436
0.4745797
0.4667719
0.3862524
0.3030488
0.2532719
0.222772
0.222772
0.1593322
0.0912557
0.1063843
0.1544527
0.2266759
0.3211042
0.3611204
0.3884478
0.3884478
0.3908876
0.3947915
0.4199234
0.4267556
0.4035765
0.438956
0.4172394
0.4172394
0.3977198
0.3994282
0.3852768
0.2888957
0.2095961
0.194956
0.2442442
0.3286677
0.3286677
0.4248045
0.5177686
0.5960927
0.7044282
0.7627442
0.7627442
0.6024364
0.5641285
0.5899917
0.5909674
0.5224038
0.4904397
0.4706758
0.4706758
0.4133355
0.3784445
0.3789316
0.3684397
0.3518485
0.3357442
0.3357442
0.3152475
0.3035358
0.3147605
0.3240325
0.3616075
0.4823876
0.5080081
0.4838517
0.4465195
0.4465195
0.4284641
0.3699039
0.3957686
0.5136204
0.5626644
0.5712035
0.5712035
0.5697393
0.5697393
0.5694966
0.5743761
0.6124396
0.6290324
0.6341562
0.6053647
0.5546123
0.5546123
0.5114234
0.5751074
0.6634364
0.7166285
0.7842165
0.8813273
0.8813273
0.9254917
0.864736
0.8274038
0.8061758
0.7478598
0.6805162
0.6385487
0.5919445
0.5241123
0.432368
0.432368
0.3428208
0.322324
0.3123208
0.3064641
0.3064641
0.2932882
0.2642524
0.1873925
0.1163876
0.03464819
-0.05880453
-0.08027527
-0.1322476
-0.1322476
-0.2083762
-0.2083762
-0.1688485
-0.1654316
-0.1215114
-0.1215114
-0.05880453
-0.05880453
-0.03220844
-0.01049186
-0.008783413
0.04782409
0.09247557
0.1080912
0.1503045
0.1503045
0.2259446
0.2496123
0.2825521
0.3423322
0.4367605
0.5492442
0.6773435
0.6773435
0.7673794
0.7954396
0.8120324
0.8622963
0.8927963
0.9418402
0.9418402
0.9274445
0.9042637
0.8791318
0.8208158
0.7620113
0.7895845
0.7895845
0.8088598
0.8413125
0.8142279
0.8208158
0.8720552
0.8813273
0.9115845
0.9115845
0.8844998
0.8303321
0.8073956
0.7839721
0.7124803
0.6383044
0.5904803
0.5509527
0.4945879
0.4211433
0.3733208
0.3733208
0.3681954
0.3838126
0.3979641
0.3984527
0.3984527
0.4252915
0.4492035
0.469456
0.4828761
0.4526204
0.3518485
0.2837719
0.2837719
0.2825521
0.267912
0.2530276
0.2505879
0.3064641
