0.3423322
0.3618518
0.3823484
0.3667313
0.3071954
0.3071954
0.2879201
0.2854804
0.2666921
0.2540033
0.2242361
0.2071563
0.2022752
0.2022752
0.1917834
0.2137443
0.2210635
0.2220407
0.2147198
0.2398518
0.2398518
0.2662036
0.2862117
0.2603485
0.2579087
0.2427801
0.2552247
0.2310683
0.2352165
0.2867003
0.2867003
0.3347687
0.3630716
0.3574592
0.3782003
0.3469674
0.2320439
0.2320439
0.082228
0.04465148
0.1510358
0.2684006
0.2749885
0.3037801
0.4162638
0.4699445
0.4699445
0.4287084
0.3552638
0.3559966
0.3791758
0.3323273
0.316956
0.3886921
0.4335879
0.4884885
0.4884885
0.5482686
0.5231367
0.4757996
0.4260243
0.4260243
0.3181759
0.2449756
0.206912
0.1395684
0.01366447
-0.1334674
-0.155184
-0.009516273
-0.009516273
0.06099999
0.100772
0.4140683
0.4140683
0.6017035
0.657824
0.6068273
0.5094722
0.5094722
0.4069918
0.3557524
0.3818599
0.4665276
0.4826318
0.5121562
0.5121562
0.6207361
0.627324
0.5704722
0.5324087
0.5050797
0.4901954
0.5267963
0.6197605
0.6946676
0.6946676
0.6902767
0.6873484
0.718824
0.6490406
0.6490406
0.5067882
0.4518876
0.4272442
0.4272442
0.4399315
0.4765325
0.511912
0.5326514
0.5326514
0.5341156
0.5180113
0.5221595
0.5407035
0.545096
0.5538794
0.5538794
0.4584755
0.4082117
0.4082117
0.399184
0.4318794
0.4245602
0.4096758
0.4248045
0.4118713
0.4504234
0.4504234
0.4838517
0.4370048
0.3874722
0.3916204
0.3906433
0.3989397
0.3989397
0.4123599
0.4584755
