-0.01342018
0.1041873
0.3867394
0.4811677
0.6497719
0.7166285
0.7822637
0.7546921
0.8217914
0.8217914
0.8969445
1.016747
1.016747
0.7388321
0.7388321
0.6251285
0.5819396
0.5021514
0.3279364
0.3279364
-0.05001955
-0.05001955
-0.3193957
-0.3193957
-0.6139038
-0.6153679
-0.6153679
-0.4025993
-0.4025993
-0.01659124
-0.01659124
0.05807167
0.2527834
0.2527834
0.3559966
0.4235846
0.5726677
0.6378158
0.6378158
1.012601
1.012601
1.078236
1.187791
1.165588
1.0492
0.8203273
0.7027197
0.3130521
0.3130521
0.2164283
0.04977527
-0.1944674
-0.1944674
-0.4682361
-0.8139836
-0.8139836
-0.8332604
-0.7378565
-0.5633957
-0.5633957
-0.3049999
-0.3049999
-0.1893436
0.04489577
0.1239527
0.2303355
0.3581921
0.3581921
0.4511563
