-0.1037003
-0.07295601
-0.03342832
0.00341534
0.02830453
0.02830453
0.05343645
0.08613191
0.1239527
0.1490846
0.1878795
0.2339967
0.2339967
0.2842605
0.3320846
0.3662442
0.3994282
0.435052
0.5050797
0.5633957
0.5633957
0.6175634
0.6448924
0.6561155
0.6649005
0.6851514
0.6846644
0.6895438
0.7107719
0.7107719
0.7256562
0.7241921
0.7578647
0.7842165
0.8766921
0.9418402
0.9325683
0.9325683
0.8425324
0.7664038
0.7554234
0.7827523
0.7986122
0.7861676
0.7956839
0.7956839
0.7817767
0.7698207
0.7864119
0.7715276
0.7542035
0.7356595
0.7068679
0.7232165
0.7232165
0.7219966
0.697596
0.660508
0.6102442
0.554368
0.554368
0.5028843
0.4565243
0.4274885
0.4006481
0.3708794
0.3242768
0.3128078
0.3128078
0.3176873
0.2969478
0.2827964
0.2598599
0.2113045
0.1693355
0.1417638
0.1207801
0.09881923
0.09881923
0.05831595
0.01439577
-0.03025571
-0.05734036
-0.06807651
-0.08735178
-0.08735178
-0.09345272
-0.1019918
-0.1085798
-0.1095554
-0.1122394
-0.1241954
-0.1344446
-0.1344446
-0.1344446
-0.1415195
-0.1512801
-0.1481075
-0.1427394
-0.1383485
-0.1383485
-0.1151677
-0.1151677
-0.1424967
-0.1712882
-0.1639674
-0.1437166
-0.155184
-0.155184
