-0.1183404
-0.1037003
-0.08686477
-0.09101141
-0.07881266
-0.07149185
-0.07149185
-0.04514005
-0.02854726
-0.02366776
-0.001464162
0.01756838
0.04074757
0.06197558
0.09149998
0.09149998
0.1254153
0.1532313
0.1710439
0.2117915
0.2420488
0.2420488
0.2945081
0.3484316
0.3830797
0.4143126
0.4484722
0.4560358
0.4631123
0.5055683
0.5414364
0.5414364
0.5707165
0.5804755
0.5977996
0.6041448
0.6329364
0.6531872
0.6729527
0.7036954
0.7483484
0.7239478
0.7239478
0.7041839
0.6885683
0.6971074
0.71614
0.7249234
0.7249234
0.7283403
0.7288273
0.7405406
0.7417604
0.7285845
0.7173598
0.7173598
0.6629478
0.6629478
0.6495276
0.6397686
0.6322035
0.606096
0.5831595
0.5831595
0.5568078
0.5333843
0.5109364
0.4877556
0.4435927
0.4211433
0.3979641
0.3979641
0.3491644
0.3211042
0.2854804
0.2676677
0.2388762
0.1952003
0.1632361
0.1422524
0.1422524
0.09198856
0.04782409
0.02073944
0.01146745
-0.01561565
-0.05001955
-0.0690521
-0.0690521
-0.05538763
0.001952734
-0.04977527
-0.0773485
-0.0773485
-0.04757981
-0.07222471
-0.07222471
-0.09320843
