0.04489577
0.03415962
0.03415962
0.02684037
0.02366776
0.02562049
0.03074428
0.03147558
0.03147558
0.02610751
0.02122801
0.0180554
0.0173241
0.01927527
0.01927527
0.03928341
0.03928341
0.05001955
0.06343974
0.07832409
0.09028011
0.1054087
0.1183404
0.1300521
0.1300521
0.1466433
0.1566482
0.1625033
0.1754364
0.1839756
0.2052036
0.2052036
0.2379006
0.2745
0.2998762
0.3228126
0.3555081
0.3823484
0.3960114
0.4269999
0.4269999
0.4574999
0.4794608
0.4767767
0.5177686
0.5526595
0.5721806
0.5721806
0.5802327
0.5802327
0.6043875
0.5953599
0.5953599
0.5880406
0.5826725
0.5826725
0.6121954
0.6470879
0.6685601
0.6849086
0.7056481
0.7178484
0.7168728
0.712236
0.712236
0.7000358
0.7017442
0.6958875
0.6834445
0.6761237
0.6741725
0.6707556
0.6712442
0.6646562
0.6641676
0.6641676
0.6536758
0.6407442
0.6397686
0.6280553
0.6280553
0.6336676
0.6336676
0.6317165
0.6278126
0.6263484
0.6336676
0.6351318
0.6290324
0.6290324
0.6265927
0.6278126
0.6490406
0.6446481
0.6378158
0.6302523
