0.08540061
0.09540389
0.09540389
0.09223129
0.09662377
0.09003583
0.08930452
0.09345272
0.08930452
0.08930452
0.0946726
0.09662377
0.09759936
0.09271986
0.09515961
0.09515961
0.09540389
0.1095554
0.1268795
0.1383485
0.1466433
0.1512801
0.1546954
0.1546954
0.1754364
0.2020325
0.2337524
0.2427801
0.2593713
0.2937768
0.3330602
0.3608761
0.3608761
0.3723436
0.4016237
0.4265113
0.4572556
0.481412
0.5041041
0.5041041
0.5399722
0.5631514
0.5931644
0.6219559
0.6426954
0.6646562
0.6722198
0.6722198
0.6758794
0.6814917
0.7056481
0.7200438
0.7202882
0.7266318
0.7349282
0.7390764
0.7390764
0.7446887
0.7483484
0.74542
0.7407833
0.7434673
0.7373679
0.7373679
0.7380993
0.7319999
0.7280959
0.7173598
0.7058924
0.6956448
0.7022327
0.7022327
0.7041839
0.7049168
0.7000358
0.7019885
0.6946676
0.6836888
0.6861285
0.6973517
0.6973517
0.6932035
0.6951562
0.7022327
0.7019885
