-0.09930781
-0.1093127
-0.1093127
-0.1088241
-0.10614
-0.1085798
-0.1115081
-0.1156563
-0.1185846
-0.1185846
-0.1088241
-0.09711234
-0.08515632
-0.07295601
-0.05319216
-0.04099186
-0.02366776
0.004392485
0.004392485
0.03684366
0.05782738
0.06807651
0.08173943
0.09662377
0.1251726
0.143228
0.143228
0.1544527
0.1632361
0.1793403
0.1912964
0.2100846
0.2100846
0.2774283
0.2774283
0.3030488
0.3301319
0.3562394
0.3904006
0.4248045
0.4504234
0.4728713
0.4728713
0.4970276
0.5226481
0.5226481
0.545096
0.5719364
0.5904803
0.6024364
0.6024364
0.6124396
0.6363517
0.6897882
0.7061366
0.7195553
0.7390764
0.7490797
0.7451758
0.7451758
0.7263875
0.7078435
0.6929607
0.6800276
0.6624607
0.6624607
0.6492833
0.6429396
0.6348875
0.6148794
0.5919445
0.5885276
0.5892605
0.6007279
0.6007279
0.5982882
0.6024364
0.5946285
0.5973126
