0.00341534
-0.0009755891
-0.0009755891
-0.0009755891
-0.001708448
0
-0.002928323
-0.001952734
-0.008540683
-0.008540683
-0.01073615
-0.002439751
0.01561565
0.03977198
0.06343974
0.06343974
0.09686806
0.1398126
0.1930033
0.2437557
0.2825521
0.3335488
0.3904006
0.3904006
0.4140683
0.4140683
0.4511563
0.4970276
0.5231367
0.5355797
0.5558321
0.5558321
0.5936514
0.5936514
0.6099999
0.6168321
0.6448924
0.6448924
0.6387914
0.6387914
0.6539201
0.6746595
0.7054038
0.7139445
0.7141888
0.7217523
0.7332197
0.7376122
0.7234607
0.7234607
0.7039396
0.7071123
0.7097963
0.7083321
0.7012556
0.7032083
0.6993044
0.6853957
0.6853957
0.6768565
0.6758794
0.6827116
0.6822246
0.6849086
0.6792963
0.6792963
0.679052
0.6817361
0.6695358
0.66978
0.6773435
0.6810048
0.6810048
0.6868598
0.6814917
0.6812475
0.6714885
0.6756366
0.6814917
0.6849086
0.6849086
0.6829559
0.6846644
