-0.01512863
-0.03733223
-0.04270031
-0.03806353
-0.04318732
-0.04611564
-0.04611564
-0.03562378
-0.04074757
-0.04440875
-0.03928341
-0.03879639
-0.00341534
0.04148043
0.03611235
0.03611235
0.01756838
0.01683552
0.04465148
0.1344446
0.1961759
0.1890993
0.2303355
0.2303355
0.2576644
0.2420488
0.2500993
0.3225683
0.4448126
0.6231758
0.80764
0.9923484
0.9923484
1.090681
1.11264
1.104101
0.9906399
0.9864917
1.087996
1.097268
1.097268
1.0492
1.03334
1.035049
1.035291
0.9977164
0.9977164
0.9935682
0.9935682
0.9323239
0.9362279
0.9474526
0.9647767
