0.03708794
0.03074428
0.03049999
0.03049999
0.03269546
0.03269546
0.02928012
0.02464335
0.01000329
0.01146745
0.01146745
0.01707981
0.007319252
-0.0007313028
-0.01122472
-0.0214723
-0.00561236
0.004879501
0.02269217
0.02269217
0.0395277
0.06051142
0.08271657
0.09979638
0.112728
0.1166319
0.1115081
0.1115081
0.1244397
0.1373713
0.1385928
0.1295635
0.1424967
0.1424967
0.1571368
0.1686042
0.192272
0.192272
0.2156954
0.2388762
0.2649837
0.2796237
0.2898713
0.2898713
0.3225683
0.3420879
0.3533126
0.377956
0.4152882
0.4321237
0.4592084
0.4592084
0.4704315
0.4745797
0.5021514
0.5248436
0.5421677
0.5563207
0.5826725
0.5826725
0.6131725
0.6465993
0.6709999
0.6829559
0.6712442
0.6712442
0.6746595
0.6658761
0.6607523
0.6539201
0.6495276
0.6422083
0.6353761
0.6168321
0.6092686
0.6092686
0.603412
0.5965797
0.5931644
0.5909674
0.5938957
0.5980439
0.6041448
0.6041448
0.6136595
0.618052
0.6075602
0.6043875
0.6097556
0.6214674
0.6231758
0.612684
0.612684
0.6151237
0.6109755
0.5987768
0.5838924
0.5838924
0.5951155
0.5951155
0.5736433
0.5736433
0.5687637
0.5873078
0.5921888
0.596824
0.5956041
