-0.05343645
-0.07295601
-0.06514819
-0.06514819
-0.05343645
-0.04855539
-0.04465148
-0.04831266
-0.04318732
-0.03293975
-0.0336726
-0.03269546
-0.03269546
-0.0336726
-0.04611564
-0.04514005
-0.05465633
-0.06368402
-0.06441533
-0.07442018
-0.07442018
-0.08759607
-0.1054087
-0.1102882
-0.1076042
-0.103456
-0.1049202
-0.100772
-0.100772
-0.09271986
-0.05978011
-0.0353795
-0.002195464
0.02854726
0.05538763
0.08003253
0.1137036
0.1137036
0.1478648
0.1890993
0.2171596
0.2249674
0.2178925
0.2178925
0.2291156
0.2764527
0.3140276
0.3640487
0.3904006
0.3896677
0.4121156
0.4121156
0.4428599
0.4740927
0.5097165
0.5314316
0.5472915
0.5624201
0.5768158
0.5982882
0.5982882
0.6182963
0.6214674
0.6224445
0.627324
0.6261041
0.6226888
0.6156123
0.6156123
0.6058517
0.5997523
0.599508
0.5924315
0.5836481
0.5748647
0.5624201
0.5624201
0.5780358
0.5807198
0.5660797
0.5509527
0.5365553
0.5341156
0.5392393
0.5392393
0.5375324
0.5411921
0.4923924
0.5404608
0.5597361
0.554368
0.5314316
