-0.0131759
-0.01878826
-0.01878826
-0.02708466
-0.03049999
-0.01585994
-0.01683552
-0.01683552
-0.0214723
-0.01195602
-0.01146745
-0.02025242
-0.02781596
-0.02830453
-0.02073944
-0.01122472
-0.01122472
-0.01561565
-0.02122801
-0.02171658
-0.02098372
-0.0180554
-0.0214723
-0.02732738
-0.02732738
-0.03440391
-0.04245602
-0.04977527
-0.05612049
-0.05075242
-0.06246415
-0.06246415
-0.08759607
-0.09442831
-0.06319545
-0.04074757
-0.051728
-0.06343974
-0.03830782
0.01098043
0.07149185
0.07149185
0.1159006
0.1256596
0.1564039
0.2127687
0.2459527
0.2459527
0.2996319
0.2996319
0.3113436
0.3298876
0.3691725
0.3989397
0.4431041
0.4431041
0.4740927
0.4892198
0.5131319
0.5224038
0.5311888
0.5272833
0.5336285
0.5438761
0.5438761
0.5541237
0.5519282
0.5370439
0.5258207
0.5194755
0.5131319
0.5102035
0.5014201
0.5014201
0.4945879
0.4919038
0.4916596
0.4931237
0.5041041
0.5077637
0.5077637
0.496052
0.4872686
0.4828761
0.4882442
0.4897084
0.4872686
0.4738484
0.4738484
0.4633566
0.4645765
0.4692117
0.4782394
0.4750683
0.4692117
0.4728713
0.4728713
0.4762882
0.4843403
0.4801921
0.4772638
0.4772638
0.4797035
0.4740927
0.4718957
0.4718957
0.4697002
0.4736041
0.4684803
0.462868
0.4609153
0.4596954
0.4596954
0.4477394
0.4531074
