-0.04099186
-0.02025242
-0.02025242
-0.01293161
-0.0090277
0.001952734
-0.007807824
-0.007807824
-0.01146745
-0.01610422
-0.01829969
-0.02854726
-0.0214723
-0.01951956
-0.01951956
-0.02073944
-0.03220844
-0.04001627
-0.03074428
-0.03074428
-0.03318403
-0.03171987
-0.03171987
-0.04099186
-0.03684366
-0.03562378
-0.04123614
-0.04904397
-0.04806838
-0.03904068
-0.04489577
-0.05221658
-0.05221658
-0.05636477
-0.05831595
-0.08149669
-0.08759607
-0.07198042
-0.07198042
-0.05953583
-0.05734036
-0.04782409
-0.03977198
-0.04709123
-0.04635993
-0.04245602
-0.04245602
-0.04196744
-0.04196744
-0.03220844
-0.01903255
-0.01293161
-0.01293161
-0.01366447
-0.0004885725
-0.0004885725
0.007807824
0.01415149
0.01561565
0.02415633
0.03098857
0.04196744
0.0649039
0.0649039
0.08247229
0.1107753
0.1200472
0.1244397
0.1263925
0.1581123
0.2005683
0.2205765
0.22814
0.22814
0.2515635
0.2674234
0.2764527
0.2842605
0.3059755
0.3367198
0.3869837
0.4213876
0.4213876
0.44164
0.4472524
0.4667719
0.4923924
0.4965406
0.4965406
0.4975162
0.5019087
0.5006872
0.4889755
0.521184
0.5429006
0.5429006
0.5814527
0.5814527
0.6483077
0.6956448
0.7222393
0.76128
0.7876318
0.7876318
0.7895845
0.7895845
0.7800683
0.7573761
0.749324
0.7527393
0.7537165
0.7359038
0.7359038
0.7124803
0.7154086
0.7202882
0.7261432
0.7324885
0.7324885
0.7239478
0.7259005
0.7259005
0.7224836
0.7090634
0.7014999
0.6924722
0.6753924
0.6692914
0.6692914
0.6873484
0.6958875
0.6961318
0.7097963
0.7139445
0.7176041
0.7066237
0.7066237
