0.5526595
0.5328957
0.5328957
0.5638843
0.5917002
0.5921888
0.5921888
0.584868
0.5863321
0.5948713
0.596824
0.6043875
0.6017035
0.6017035
0.5926758
0.6109755
0.5980439
0.5809641
0.5699837
0.5343599
0.5116677
0.521184
0.521184
0.4775081
0.4082117
0.3718566
0.3440406
0.2979234
0.2349723
0.2349723
0.1534756
0.1141922
0.07612862
0.07612862
0.04928825
0.004148198
-0.02879155
-0.04782409
-0.09271986
-0.09442831
-0.09442831
-0.1000407
-0.1224886
-0.140544
-0.140544
-0.1381042
-0.1381042
-0.1361515
-0.1376156
-0.1464006
-0.1464006
-0.1476205
-0.1437166
-0.1539641
-0.1539641
-0.1439593
-0.1290765
-0.1163876
-0.1102882
-0.1137036
-0.1173648
-0.1134593
-0.1005277
-0.1005277
-0.09223129
-0.08418074
-0.07856838
-0.06856353
-0.06246415
-0.06246415
-0.06295273
-0.04709123
-0.03904068
-0.03293975
-0.02098372
-0.02464335
-0.02708466
-0.02708466
-0.02488763
-0.02025242
-0.02073944
-0.01927527
-0.0222036
-0.02708466
-0.02854726
-0.02854726
-0.0263518
-0.02488763
-0.02537621
-0.02879155
-0.03245273
-0.03464819
-0.0353795
-0.0336726
-0.0336726
-0.04026055
-0.04026055
-0.04514005
-0.05123943
-0.05245931
-0.05221658
-0.05368074
-0.05343645
-0.05343645
-0.0558762
-0.05538763
-0.05758465
-0.0566075
-0.05270359
-0.05123943
-0.05392347
-0.05392347
-0.05709608
-0.05368074
-0.04611564
-0.04099186
-0.04270031
-0.04635993
-0.05734036
-0.05734036
-0.04001627
-0.03049999
-0.04367589
-0.04172472
-0.04001627
-0.04001627
-0.03659937
-0.03659937
-0.0336726
-0.03318403
-0.04099186
-0.04001627
-0.04172472
-0.03098857
-0.03171987
-0.03489248
-0.03489248
-0.02928012
-0.02708466
-0.01878826
-0.02244788
-0.0263518
-0.0263518
-0.02244788
-0.02049671
-0.01659124
-0.02049671
-0.02122801
-0.02513192
-0.02318074
-0.01781267
-0.01781267
-0.01537136
-0.0173241
-0.02269217
-0.02366776
-0.02073944
-0.02122801
-0.01683552
-0.02488763
-0.02488763
-0.02684037
-0.02952441
-0.04196744
-0.0558762
-0.1085798
-0.05904726
-0.05904726
-0.03635664
