-0.0180554
-0.02684037
-0.02537621
-0.02537621
-0.04026055
-0.04245602
-0.04245602
-0.03659937
-0.01415149
-0.02244788
-0.03904068
-0.04367589
-0.03025571
-0.03025571
-0.02025242
-0.0336726
-0.03611235
-0.04001627
-0.03025571
-0.03513677
-0.04050328
-0.04001627
-0.04001627
-0.03147558
-0.02659608
-0.04001627
-0.06221987
-0.06465962
-0.04904397
-0.03171987
-0.03171987
-0.04343161
-0.0649039
-0.06587949
-0.03464819
0.001708448
0.001708448
0.02610751
0.03001142
0.03001142
0.03171987
0.06563676
0.08613191
0.09979638
0.1027247
0.1263925
0.1263925
0.1729967
0.206912
0.2257003
0.2413159
0.2784039
0.2784039
0.3186644
0.3711237
0.3711237
0.3908876
0.4184592
0.4462768
0.4704315
0.4821433
0.4821433
0.4787279
0.4826318
0.4889755
0.4975162
0.5141074
0.5204527
0.5111806
0.5111806
0.5033713
0.4870243
0.4909282
0.5036156
0.5089837
0.50264
0.4870243
0.4711644
0.4711644
0.4640879
0.4572556
0.4577442
0.4618924
0.462868
0.4577442
0.4472524
0.4472524
0.4418843
0.4411514
0.4426156
0.453596
0.453596
0.4494478
0.4401758
0.4401758
0.4333436
0.4274885
0.4301725
0.4460325
0.4455439
0.4340765
0.4238273
0.4238273
0.4213876
0.4306596
0.4384674
0.4279755
0.4299282
0.4299282
0.4499364
