-0.03489248
-0.02903583
-0.03830782
-0.04635993
-0.02195931
-0.008296397
-0.01024758
-0.02366776
-0.02366776
-0.02025242
-0.02025242
-0.01268733
-0.004148198
-0.01220031
-0.03513677
-0.03513677
-0.03562378
-0.01878826
-0.01268733
-0.007319252
-0.006587949
-0.008783413
-0.0173241
-0.02000813
-0.02000813
-0.01366447
-0.01366447
-0.01976385
-0.02562049
-0.03171987
-0.02903583
-0.02000813
-0.009760559
-0.0131759
-0.02293646
-0.03489248
-0.03611235
-0.03611235
-0.03464819
-0.03415962
-0.04855539
-0.04855539
-0.06319545
-0.06612378
-0.06270844
-0.06270844
-0.05978011
-0.06124428
-0.03049999
-0.01390876
-0.01390876
-0.002684037
-0.001464162
0.005368074
0.03220844
0.03220844
0.09589247
0.09759936
0.09759936
0.1134593
0.1449364
0.1844641
0.2220407
0.2486367
0.3047557
0.3577035
0.3577035
0.4221204
0.4221204
0.4606725
0.4909282
0.5033713
0.5167915
0.5350927
0.5411921
0.5460716
0.5480243
0.5480243
0.5448517
0.5419234
0.5346041
0.5353354
0.5553436
0.5553436
0.5680324
0.5614445
0.5511954
0.5299674
0.5184999
0.5248436
0.5248436
0.5270406
0.5231367
0.5219153
0.5182557
0.5226481
0.5226481
0.5277719
0.5277719
0.5287475
0.5282605
0.5326514
0.5219153
0.5136204
0.5136204
0.5250879
0.5319201
0.5280162
0.5221595
0.5194755
0.5182557
0.5131319
0.4989803
0.4989803
0.4923924
0.4899527
0.4982475
0.4945879
0.4858045
0.4816563
0.4816563
0.4865358
0.4919038
0.4997117
