0.009760559
0.06929639
0.06929639
0.09491532
0.122
0.1698241
0.2247247
0.2635195
0.3193957
0.3667313
0.3667313
0.3803957
0.4082117
0.4035765
0.4108957
0.4108957
0.4169966
0.4455439
0.4819005
0.5328957
0.5951155
0.6082914
0.6078044
0.6182963
0.6473321
0.6473321
0.660508
0.6739282
0.6853957
0.6805162
0.6814917
0.6839315
0.6839315
0.7193125
0.7193125
0.7322442
0.7576204
0.7793354
0.7834836
0.7927556
0.7920243
0.7920243
0.7854363
0.7773842
0.7634755
0.7607914
0.7507882
0.752008
0.7559119
0.7559119
0.7651839
0.7756758
0.7978794
0.8366758
0.8698598
0.8052002
0.7495683
0.6846644
0.6846644
0.5526595
0.5526595
0.4931237
0.4313924
0.3864966
0.3540439
0.3152475
0.3152475
0.2871873
0.2605928
0.2335081
0.2005683
0.1632361
0.1232199
0.1068713
0.1068713
0.09028011
0.07612862
0.05490061
0.02562049
-0.02073944
-0.06026869
-0.09686806
-0.09686806
-0.1249283
-0.1525
-0.1871482
-0.2125244
-0.2344837
-0.1842199
-0.1842199
-0.2322882
-0.2339967
-0.2313126
-0.2410716
-0.2381433
