-0.05392347
-0.0214723
-0.04270031
-0.07100328
-0.09833222
-0.0946726
-0.06831924
-0.06831924
-0.04611564
-0.05782738
-0.07490875
-0.06880782
-0.09174427
-0.1261482
-0.1627475
-0.1627475
-0.1368843
-0.08784036
-0.08393645
-0.08686477
-0.05001955
-0.01854397
0.03440391
0.03440391
0.1024804
0.1864153
0.3010961
0.4206563
0.511912
0.5873078
0.63928
0.6705113
0.7119917
0.7119917
0.7156514
0.7683565
0.9508679
1.209996
1.258308
1.179497
1.179497
1.090681
0.9823435
0.8357002
0.7573761
0.7751887
0.7664038
0.7551806
0.7876318
