-0.09857651
-0.1032117
-0.1032117
-0.1063843
-0.1083355
-0.1105325
-0.1066286
-0.09662377
-0.09662377
-0.09540389
-0.09076868
-0.09271986
-0.09686806
-0.1102882
-0.1163876
-0.1110195
-0.1110195
-0.1022361
-0.100772
-0.1049202
-0.103456
-0.09515961
-0.08491204
-0.08954725
-0.09735663
-0.09735663
-0.08564334
-0.0773485
-0.07271173
-0.07612862
-0.08271657
-0.09076868
-0.09076868
-0.08344787
-0.07295601
-0.06856353
-0.06148856
-0.06124428
-0.06441533
-0.06587949
-0.06441533
-0.07637135
-0.08173943
-0.08173943
-0.07344458
-0.07124756
-0.06758794
-0.06148856
-0.05416775
-0.05416775
-0.06173129
-0.07905539
-0.082228
-0.06563676
-0.07368731
-0.07759123
-0.09418402
-0.1063843
-0.1063843
-0.1058958
-0.100772
-0.09955209
-0.09955209
-0.09369545
-0.08784036
-0.08784036
-0.0871075
-0.07832409
-0.08466775
-0.09223129
-0.09735663
-0.09564818
-0.08540061
-0.08540061
-0.07588433
-0.08247229
-0.08784036
-0.08003253
-0.06636807
-0.04928825
-0.03879639
-0.03879639
