-0.8047116
-0.9003598
-0.9003598
-0.8603435
-0.8376514
-0.7966595
-0.7656725
-0.7727475
-0.7727475
-0.7773842
-0.7673794
-0.7934884
-0.7990993
-0.7912914
-0.7693321
-0.773236
-0.8701041
-0.8701041
-0.9118288
-0.892552
-0.8308207
-0.8579038
-0.9167083
-0.9735601
-1.008208
-1.011624
-1.011624
-0.9620926
-0.9530634
-0.9735601
-0.9816122
-0.9735601
-0.9423288
-0.9423288
-0.9213435
-0.9296399
-0.9464754
-0.9640438
-0.9767327
-0.9784396
-0.9830763
-1.006013
-1.016747
-1.048467
-1.048467
-1.056032
-1.040904
-1.022848
-1.022848
-1.014063
-1.014063
-1.030412
-1.028703
-1.011868
-0.9877115
-0.9816122
-0.9706318
-0.9706318
-0.9806366
-0.9916155
-0.9972278
-0.9957637
-0.9908842
-0.9955194
-0.9955194
-1.005769
-1.005769
-1.018456
-1.004304
-1.000156
-0.9821008
-0.986736
-0.996008
-0.996008
-0.9908842
-0.9864917
-0.9799038
-0.9811236
-0.9896643
-0.9821008
-0.9813679
-0.9735601
-0.9735601
-0.9823435
-0.9957637
-1.000645
-0.9945438
-0.9891757
-0.9882001
-1.00162
-0.9984477
-0.9984477
-0.9860047
-1.005769
-0.9847832
-0.9799038
-0.97478
-0.9511122
-0.9408646
-0.9408646
-0.9291514
-0.9418402
-0.9342767
-0.9169526
-0.8862083
-0.8715683
-0.8715683
-0.8871839
-0.8715683
-0.8715683
-0.7847035
-0.7112604
-0.7278517
-0.7878761
-0.7878761
-0.8664445
-0.8869396
-0.8988956
-0.9110959
-0.9057279
-0.9372035
-0.9596514
-0.9596514
-0.9537963
-0.8730324
-0.8791318
-0.9120715
-0.8820601
-0.9162197
-0.6217116
-0.6217116
-0.7388321
-0.7739673
-0.7093077
-0.7305357
-0.7100406
-0.6763679
-0.688324
-0.6778321
-0.6778321
-0.7158957
-0.6702686
-0.6502604
-0.6983273
-0.6470879
-0.6470879
-0.6336676
-0.60878
-0.5760846
-0.5102035
-0.5360683
-0.636596
-0.5563207
-0.5324087
-0.6568484
-0.6568484
-0.6200048
-0.4970276
-0.4853159
-0.4511563
-0.413824
-0.4074804
-0.423096
-0.423096
-0.4404201
-0.5143517
-0.7754315
-0.7556676
-0.7058924
-0.5895048
-0.5524153
-0.5524153
-0.5468044
-0.5760846
-0.5794999
-0.5794999
-0.542412
-0.51728
-0.51728
-0.5160602
-0.5389966
-0.5609559
-0.5346041
-0.4638436
-0.4579885
-0.4401758
-0.4467638
-0.3579478
-0.4313924
-0.4313924
-0.4384674
-0.4338322
-0.4357834
-0.4460325
-0.4438355
-0.4191921
-0.4191921
-0.4065048
-0.4133355
-0.4104087
-0.3996725
-0.3960114
-0.3921075
-0.3889364
-0.3889364
-0.3996725
-0.4050406
-0.4191921
-0.4089445
-0.3989397
-0.3972313
-0.4069918
-0.4047963
-0.4047963
-0.4062605
-0.4087003
-0.4050406
-0.401868
-0.4050406
-0.4079674
-0.4079674
-0.4223647
-0.4262686
-0.4035765
-0.4013794
-0.4265113
-0.4182165
-0.4182165
-0.4157768
-0.4106514
-0.4265113
-0.4384674
-0.44164
-0.4406644
-0.4484722
-0.4484722
-0.4514005
-0.462868
-0.4738484
-0.4787279
-0.4750683
-0.4633566
-0.4709201
-0.484096
-0.484096
-0.481412
-0.4833647
-0.4828761
-0.4879999
-0.48678
-0.4828761
-0.4816563
-0.4816563
-0.4877556
-0.4972719
-0.4926367
-0.484096
-0.4770195
-0.4836074
-0.4962963
-0.4923924
-0.4923924
-0.4831204
-0.4870243
-0.4904397
-0.4853159
-0.4853159
-0.4853159
-0.4894641
-0.4909282
-0.4806807
-0.4833647
-0.4906839
-0.5038599
-0.5131319
-0.5067882
-0.4892198
-0.4892198
-0.4787279
-0.4728713
-0.4875113
-0.499956
-0.4931237
-0.4870243
-0.4875113
-0.4875113
-0.4948322
-0.4997117
-0.4855602
-0.4950764
-0.5106921
-0.5106921
-0.496052
-0.4877556
-0.4775081
-0.4897084
-0.4975162
-0.4982475
-0.4936123
-0.4906839
-0.4906839
-0.4940993
-0.5011758
-0.5048354
-0.5080081
-0.4970276
-0.4845846
-0.4997117
-0.5075195
-0.5002002
-0.5002002
-0.4894641
-0.4860487
-0.4889755
-0.4943436
-0.5189885
-0.5187442
-0.5187442
-0.4906839
-0.4645765
-0.4672605
-0.4980048
-0.5224038
-0.5236237
-0.5236237
-0.493368
-0.4667719
-0.4665276
-0.4977605
-0.5245993
-0.5167915
-0.4943436
-0.4701872
-0.4701872
-0.4640879
-0.4821433
-0.499956
-0.5128875
-0.4801921
-0.4550602
-0.4599397
-0.4743355
-0.4743355
-0.4962963
-0.4943436
-0.47214
-0.4621367
-0.4650635
-0.4797035
-0.4797035
-0.4858045
-0.4545716
-0.4545716
-0.4789722
-0.450912
-0.465552
-0.4775081
-0.4775081
-0.4438355
-0.4313924
-0.4328566
-0.4365162
-0.4221204
-0.423096
-0.4050406
-0.4423713
-0.4423713
-0.4496921
-0.4643322
-0.4770195
-0.4494478
-0.4404201
-0.4328566
-0.4328566
-0.4357834
-0.4440797
-0.4465195
-0.4438355
-0.4470081
-0.4470081
-0.4470081
-0.4455439
-0.4455439
-0.4465195
-0.4435927
-0.4452996
-0.4440797
-0.4445683
-0.4467638
-0.4467638
-0.4450553
-0.4462768
-0.44164
-0.4411514
-0.4421286
-0.4433484
-0.4465195
-0.4435927
-0.4435927
-0.4396873
-0.4409087
-0.4428599
-0.4431041
-0.438956
-0.4455439
-0.4465195
-0.4465195
-0.4440797
-0.4387117
-0.4345635
-0.4394445
-0.444324
-0.4423713
-0.4435927
-0.4435927
-0.4423713
-0.4401758
-0.4387117
-0.4409087
-0.4435927
-0.4411514
-0.4387117
-0.4406644
-0.4406644
-0.4431041
-0.44164
-0.4394445
-0.44164
-0.4438355
-0.4438355
-0.4431041
-0.4377361
-0.4431041
-0.4433484
-0.4431041
-0.4465195
-0.4411514
-0.4411514
-0.4418843
-0.4472524
-0.3930846
-0.4333436
-0.4582328
-0.4406644
-0.44164
-0.4428599
-0.4409087
-0.438956
-0.438956
-0.4379804
-0.44164
-0.4460325
-0.4431041
-0.432368
-0.432368
-0.4372475
-0.4377361
-0.4440797
-0.4448126
-0.4455439
-0.4452996
-0.4365162
-0.4284641
-0.4284641
-0.4433484
-0.4618924
-0.4557915
-0.4326123
-0.438956
-0.4584755
-0.4584755
-0.462868
-0.4511563
-0.4621367
-0.4492035
-0.4494478
-0.4496921
-0.4560358
-0.4560358
-0.4667719
-0.4577442
-0.4548159
-0.4631123
-0.4365162
-0.4047963
-0.438956
-0.438956
-0.4940993
-0.4940993
-0.4574999
-0.4360276
-0.4504234
-0.4711644
-0.4689674
-0.4709201
-0.4709201
-0.4728713
-0.4601839
-0.4560358
-0.4423713
-0.469456
-0.4879999
-0.4906839
-0.4906839
-0.4833647
-0.4689674
-0.4836074
-0.4887312
-0.4767767
-0.4777524
-0.4750683
-0.4750683
-0.4523761
-0.4714087
-0.4714087
-0.4975162
-0.4816563
-0.4887312
-0.4823876
-0.4775081
-0.4775081
-0.4909282
-0.4714087
-0.4921481
-0.4684803
-0.4496921
-0.4679918
-0.4679918
-0.4804364
-0.4804364
-0.4711644
-0.4809234
-0.474824
-0.4826318
-0.4838517
-0.4838517
-0.4599397
-0.4709201
-0.4653077
-0.4675048
-0.4811677
-0.4860487
-0.4860487
-0.4718957
-0.4819005
-0.4877556
-0.4750683
-0.4682361
-0.4787279
-0.4838517
-0.4845846
-0.4845846
-0.4777524
-0.4801921
-0.481412
-0.4767767
-0.4757996
-0.4775081
-0.4775081
-0.4804364
-0.4816563
-0.4777524
-0.4816563
-0.4804364
-0.4797035
-0.4804364
-0.4701872
-0.4701872
-0.4782394
-0.4787279
-0.4845846
-0.4882442
-0.4753126
-0.4772638
-0.4772638
-0.4975162
-0.4887312
-0.4723843
-0.4672605
-0.4882442
-0.4543273
-0.4157768
-0.3957686
-0.3957686
-0.4126042
-0.4196807
-0.4169966
-0.4675048
-0.5336285
-0.5367996
-0.5367996
-0.5058126
-0.4697002
-0.4330993
-0.4123599
-0.4187035
-0.4392003
-0.4531074
-0.4762882
-0.4789722
-0.4789722
-0.4609153
-0.4487165
-0.4423713
-0.4467638
-0.4516433
-0.4460325
-0.4460325
-0.4653077
-0.4631123
-0.4587198
-0.4489592
-0.4494478
-0.4440797
-0.4465195
-0.4465195
-0.4496921
-0.4501807
-0.4482279
-0.450912
-0.4518876
-0.4494478
-0.4501807
-0.4484722
-0.4484722
-0.4457882
-0.4501807
-0.4526204
-0.4499364
-0.4457882
-0.4521318
-0.4521318
-0.4516433
-0.4526204
-0.4492035
-0.4494478
-0.4523761
-0.4504234
-0.4448126
-0.4448126
-0.444324
-0.4504234
-0.4467638
-0.4489592
-0.4501807
-0.4548159
-0.4445683
-0.4465195
-0.4465195
-0.4492035
-0.4579885
-0.4511563
-0.4477394
-0.4479837
-0.4514005
-0.4482279
-0.4482279
-0.4499364
-0.4494478
-0.4499364
-0.4504234
-0.4467638
-0.4494478
-0.4494478
-0.4511563
-0.4494478
-0.4477394
-0.4489592
-0.4494478
-0.4511563
-0.4484722
-0.4448126
-0.4484722
-0.4484722
-0.4501807
-0.4494478
-0.4504234
-0.4489592
-0.4489592
-0.4492035
-0.4511563
-0.4511563
-0.4492035
-0.4489592
-0.4467638
-0.4518876
-0.4528647
-0.4514005
-0.4492035
-0.4492035
-0.4484722
-0.4533517
-0.4518876
-0.4548159
-0.4648207
-0.4477394
-0.450912
-0.450912
-0.4518876
-0.4545716
-0.4538403
-0.4521318
-0.4499364
-0.4494478
-0.4533517
-0.4533517
-0.453596
-0.4531074
-0.4506677
-0.4470081
-0.4511563
-0.4538403
-0.4538403
-0.4518876
-0.4518876
-0.4504234
-0.4489592
-0.4518876
-0.4492035
-0.4492035
-0.4499364
-0.4528647
-0.4506677
-0.4487165
-0.4523761
-0.4540846
-0.4511563
-0.4506677
-0.4470081
-0.4470081
-0.4496921
-0.4499364
-0.4523761
-0.4514005
-0.4501807
-0.4448126
-0.4511563
-0.4511563
-0.4494478
-0.4553045
-0.4489592
-0.4596954
-0.4596954
-0.4484722
-0.4557915
-0.4496921
-0.4494478
-0.4514005
-0.4514005
-0.4557915
-0.4516433
-0.4516433
-0.4516433
-0.4553045
-0.4492035
-0.4504234
-0.4531074
-0.4550602
-0.450912
-0.4326123
-0.4553045
-0.4553045
-0.4487165
-0.450912
-0.4516433
-0.4528647
-0.4499364
-0.4499364
-0.4499364
-0.4516433
-0.4516433
-0.4521318
-0.4523761
-0.450912
-0.4499364
-0.4499364
-0.4499364
-0.4528647
-0.4514005
-0.4489592
-0.4533517
-0.4538403
-0.450912
-0.4482279
-0.4511563
-0.4511563
-0.4523761
-0.4521318
-0.4521318
-0.4484722
-0.4540846
-0.4511563
-0.4526204
-0.4526204
-0.4506677
-0.4526204
-0.4526204
-0.4499364
-0.4474966
-0.4555487
-0.4545716
-0.4460325
-0.4531074
-0.4550602
-0.4550602
-0.4538403
-0.4474966
-0.4457882
-0.4543273
-0.4538403
-0.4516433
-0.4516433
-0.4501807
-0.4496921
-0.4548159
-0.4533517
-0.4501807
-0.4479837
-0.4479837
-0.4479837
-0.4533517
-0.453596
-0.4516433
-0.4496921
-0.4499364
-0.4511563
-0.4506677
-0.4477394
-0.4477394
-0.4492035
-0.4521318
-0.4487165
-0.4489592
-0.4504234
-0.4496921
-0.4496921
-0.4472524
-0.4489592
-0.4477394
-0.4462768
-0.4477394
-0.4477394
-0.4496921
-0.4482279
-0.4482279
-0.4477394
-0.4460325
-0.4494478
-0.4492035
-0.4467638
-0.4460325
-0.4477394
-0.4477394
-0.4496921
-0.4487165
-0.4501807
-0.4489592
-0.4455439
-0.4470081
-0.4492035
-0.4492035
-0.4501807
-0.4504234
-0.4470081
-0.4450553
-0.4467638
-0.4492035
-0.4492035
-0.4494478
-0.4494478
-0.4492035
-0.4450553
-0.4484722
-0.4504234
-0.4462768
-0.4462768
-0.4499364
-0.4474966
-0.4479837
-0.4482279
-0.4474966
-0.4504234
-0.4511563
-0.4470081
-0.4428599
-0.4428599
-0.4435927
-0.4511563
-0.4526204
-0.4465195
-0.4467638
-0.4467638
-0.4479837
-0.450912
-0.4496921
-0.4489592
-0.4479837
-0.4494478
-0.4457882
-0.444324
-0.444324
-0.450912
-0.453596
-0.4494478
-0.4484722
-0.4487165
-0.4470081
-0.4470081
-0.450912
-0.4494478
-0.4477394
-0.4477394
-0.4482279
-0.4496921
-0.4501807
-0.4511563
-0.4511563
-0.4562801
-0.4479837
-0.4470081
-0.4506677
-0.4523761
-0.4494478
-0.4494478
-0.4450553
-0.4438355
-0.4479837
-0.4465195
-0.4484722
-0.44164
-0.4413957
-0.4452996
-0.4465195
-0.4465195
-0.4460325
-0.4382246
-0.4406644
-0.4494478
-0.4472524
-0.4418843
-0.4418843
-0.4433484
-0.4428599
-0.4467638
-0.4455439
-0.4465195
-0.4440797
-0.4399315
-0.4399315
-0.4452996
-0.4409087
-0.4523761
-0.4470081
-0.4457882
-0.4433484
-0.4450553
-0.4450553
-0.4487165
-0.4470081
-0.4455439
-0.4423713
-0.4457882
-0.4472524
-0.444324
-0.444324
-0.4450553
-0.4448126
-0.4428599
-0.4426156
-0.4465195
-0.4465195
-0.4487165
-0.4452996
-0.4399315
-0.4399315
-0.4448126
-0.4506677
-0.4489592
-0.4472524
-0.4465195
-0.4448126
-0.4426156
-0.4426156
-0.4484722
-0.4482279
-0.4438355
-0.4452996
-0.4455439
-0.4455439
-0.4431041
-0.4482279
-0.4477394
-0.4467638
-0.4460325
-0.4438355
-0.4438355
-0.4431041
-0.4518876
-0.4506677
-0.4450553
-0.4431041
-0.4487165
-0.4506677
-0.4492035
-0.4450553
-0.4450553
-0.4462768
-0.4462768
-0.4514005
-0.4653077
-0.465552
-0.4435927
-0.4465195
-0.4465195
-0.4445683
-0.4462768
-0.4489592
-0.4450553
-0.4418843
-0.4457882
-0.4472524
-0.4472524
-0.4465195
-0.4450553
-0.4479837
-0.4492035
-0.4445683
-0.4474966
-0.4465195
-0.4494478
-0.4494478
-0.4477394
-0.4455439
-0.4467638
-0.4435927
-0.4494478
-0.4470081
-0.4470081
-0.4465195
-0.4467638
-0.4457882
-0.4467638
-0.4460325
-0.4489592
-0.4435927
-0.4435927
-0.4438355
-0.4484722
-0.4484722
-0.4438355
-0.4438355
-0.4465195
-0.4467638
-0.4467638
-0.4501807
-0.4462768
-0.4457882
-0.4457882
-0.4440797
-0.4477394
-0.4477394
-0.4487165
-0.4467638
-0.4435927
-0.4445683
-0.4457882
-0.4465195
-0.4462768
-0.4462768
-0.4460325
-0.4460325
-0.4455439
-0.4440797
-0.4467638
-0.4465195
-0.4472524
-0.4479837
-0.4494478
-0.4494478
-0.4418843
-0.4418843
-0.4462768
-0.4445683
-0.4445683
-0.4460325
-0.4460325
-0.4438355
-0.4450553
-0.4472524
-0.4487165
-0.4479837
-0.4460325
-0.4428599
-0.4477394
-0.4477394
-0.4477394
-0.4487165
-0.4457882
-0.4472524
-0.4467638
-0.4474966
-0.4470081
-0.4465195
-0.4465195
-0.4455439
-0.4482279
-0.4440797
-0.4431041
-0.4460325
-0.4452996
-0.4452996
-0.4455439
-0.4384674
-0.4479837
-0.4435927
-0.4521318
-0.444324
-0.4457882
-0.4457882
-0.4472524
-0.4433484
-0.44164
-0.4465195
-0.4474966
-0.4462768
-0.4421286
-0.4421286
-0.4472524
-0.4455439
-0.4470081
-0.4474966
-0.4467638
-0.4455439
-0.4457882
-0.4452996
-0.4452996
-0.4484722
-0.4462768
-0.4450553
-0.4431041
-0.4450553
-0.4452996
-0.4452996
-0.4479837
-0.4445683
-0.444324
-0.4423713
-0.4448126
-0.4455439
-0.4482279
-0.4482279
-0.4423713
-0.4423713
-0.4477394
-0.4479837
-0.4455439
-0.4435927
-0.4431041
-0.4462768
-0.4462768
-0.4472524
-0.4484722
-0.4465195
-0.4482279
-0.4423713
-0.4452996
-0.4452996
-0.4433484
-0.4484722
-0.4479837
-0.4418843
-0.4448126
-0.4452996
-0.4452996
-0.4452996
-0.4479837
-0.4452996
-0.4457882
-0.4487165
-0.4496921
-0.4484722
-0.4474966
-0.4448126
-0.4448126
-0.4460325
-0.450912
-0.4445683
-0.4477394
-0.4431041
-0.4477394
-0.4477394
-0.4472524
-0.4457882
-0.4484722
-0.4467638
-0.4452996
-0.4462768
-0.4474966
-0.4474966
-0.4470081
-0.4467638
-0.4470081
-0.4479837
-0.444324
-0.4465195
-0.4514005
-0.4657963
-0.4657963
-0.4528647
-0.462868
-0.4582328
-0.4828761
-0.4435927
-0.4618924
-0.4845846
-0.4838517
-0.4838517
-0.4789722
-0.5158159
-0.5231367
-0.5114234
-0.4850716
-0.4753126
-0.4753126
-0.4945879
-0.5158159
-0.535824
-0.5414364
-0.5550993
-0.5826725
-0.6402556
-0.6402556
-0.5385081
-0.6334234
-0.6954005
-0.7166285
-0.7105276
-0.6680716
-0.6014608
-0.7141888
-0.7141888
-0.6380602
-0.6048761
-0.5494885
-0.68442
-0.7117475
-0.7276074
-0.7276074
-0.7546921
-0.7554234
-0.7903158
-0.7739673
-0.8088598
-0.752008
-0.752008
-0.742736
-0.7354168
-0.7417604
-0.7341954
-0.7195553
-0.7137002
-0.7424917
-0.7864119
-0.8227686
-0.8227686
-0.8505845
-0.8801073
-0.9020683
-0.9123158
-0.8984086
-0.9001155
-0.9001155
-0.8691285
-0.8203273
-0.8308207
-0.9115845
-0.8849884
-0.8849884
-0.8986514
-0.8986514
-0.9132914
-0.9206122
-0.9203679
-0.9245161
-0.9220763
-0.9193923
-0.9130487
-0.9032881
-0.8915763
-0.8801073
-0.8732767
-0.8749836
-0.8635162
-0.8635162
-0.8344803
-0.8098354
-0.7990993
-0.7920243
-0.7859234
-0.7920243
-0.7956839
-0.7956839
-0.7951953
-0.7959282
-0.8030047
-0.8088598
-0.8330162
-0.8388728
-0.8366758
-0.8366758
-0.8439966
-0.8559526
-0.8757164
-0.8791318
-0.8842556
-0.8820601
-0.8884038
-0.8884038
-0.8915763
-0.8727881
-0.8313077
-0.8056887
-0.813008
-0.8261839
-0.8454607
-0.8454607
-0.858148
-0.8825487
-0.8913321
-0.9140242
-0.9396448
-0.9396448
-0.9537963
-0.9584315
-0.9584315
-0.9611155
-0.9472083
-0.92842
-0.9157327
-0.89792
-0.8830357
-0.8701041
-0.8701041
-0.8625405
-0.8559526
-0.8479005
-0.8493646
-0.8547327
-0.855464
-0.855464
-0.8471676
-0.8417996
-0.8427767
-0.8471676
-0.8596122
-0.8579038
-0.855464
-0.855464
-0.8561953
-0.8710797
-0.8781562
-0.8718125
-0.8347246
-0.8073956
-0.8200845
-0.8300878
-0.8300878
-0.8237442
-0.8191074
-0.8017833
-0.8144721
-0.8259396
-0.8261839
-0.8261839
-0.8166676
-0.8005634
-0.7688435
-0.8020276
-0.7983679
-0.8122767
-0.8134966
-0.8134966
-0.8100797
-0.8254526
-0.8386285
-0.8383842
-0.8417996
-0.8618077
-0.8715683
-0.8693728
-0.8693728
-0.8566839
-0.8388728
-0.8242327
-0.8086155
-0.8032475
-0.7903158
-0.7607914
-0.7607914
-0.7556676
-0.7410276
-0.7395634
-0.7766514
-0.7932442
-0.7881204
-0.7881204
-0.8564396
-0.834236
-0.8779119
-0.9286643
-0.9633125
-0.9106073
-0.9352522
-0.8976758
-0.8976758
-0.7900715
-0.8059315
-0.8652246
-0.9301285
-0.9015797
-0.8691285
-0.9106073
-0.9106073
-0.8825487
-0.8452165
-0.8583924
-0.9486725
-0.888648
-0.7929999
-0.8305764
-0.8305764
-0.8593679
-0.8769363
-0.8696155
-0.8566839
-0.8503402
-0.8444836
-0.8618077
-0.8618077
-0.855464
-0.8383842
-0.8357002
-0.7661595
-0.8300878
-0.8422881
-0.7844607
-0.7976366
-0.8203273
-0.8203273
-0.8461921
-0.8386285
-0.8898679
-0.7900715
-0.8508288
-0.8576595
-0.8576595
-0.8549755
-0.8681514
-0.8910878
-0.9240276
-0.9301285
-0.9598956
-0.9598956
-0.9930797
-1.060423
-0.9796594
-0.9938125
-0.9516008
-0.9357393
-0.9359836
-0.9359836
-0.9318354
-0.9369607
-0.9130487
-0.9437914
-0.9555047
-0.9015797
-0.8842556
-0.8891366
-0.8891366
-0.9079233
-0.8996285
-0.8920634
-0.9049966
-0.9418402
-0.8976758
-0.8810845
-0.8810845
-0.8908435
-0.9362279
-0.9452556
-0.9557474
-0.8835242
-0.8803517
-0.8217914
-0.8422881
-0.8422881
-0.7263875
-0.5804755
-0.6973517
-0.9154884
-0.9552604
-0.9552604
-1.002352
-0.9196366
-0.8788875
-0.8605878
-0.8649803
-0.8703484
-0.8771806
-0.8771806
-0.83814
-0.7664038
-0.8081285
-0.9374477
-1.008208
-0.9247604
-0.8945047
-0.9472083
-0.9472083
-1.037244
-1.077747
-1.111176
-1.068475
-1.007233
-1.011137
-0.9921041
-0.9921041
-0.9637995
-0.9847832
-0.9472083
-0.9559917
-1.001865
-0.9296399
-0.9474526
-0.9789281
-0.9789281
-1.025288
-1.020651
-1.026264
-1.009672
-0.9957637
-0.9525763
-0.9525763
-0.9691676
-0.9869803
-0.9996676
-0.977464
-0.9664836
-0.9501366
-0.9835634
-0.9835634
-1.010648
-1.018212
-1.014308
-0.9940552
-0.9882001
-0.9598956
-0.9735601
-0.9735601
-0.9828321
-0.9825878
-0.9879559
-0.9872246
-0.9935682
-0.9967393
-0.986736
-0.9840519
-0.9840519
-0.9540405
-0.9518435
-0.9991806
-0.9799038
-1.040904
-1.040904
-1.0309
-0.9964966
-0.9857604
-0.9852718
-0.9718516
-0.9445242
-0.937692
-0.9738044
-1.016747
-1.016747
-1.025532
-1.000888
-0.9808794
-0.9762442
-0.9835634
-0.998692
-0.998692
-1.004791
-0.9147556
-0.9079233
-0.9967393
-1.068964
-1.068964
