-0.9723402
-0.9767327
-0.9767327
-0.9835634
-0.9823435
-0.9886887
-0.9906399
-0.9923484
-0.9908842
-0.9908842
-0.9862474
-0.9862474
-0.9791725
-0.9842963
-0.9969836
-1.003816
-0.998692
-0.9818565
-0.9818565
-1.00162
-1.00162
-0.9974721
-0.9903956
-0.9762442
-0.9594086
-0.9506236
-0.9433044
-0.9433044
-0.9330568
-0.9201236
-0.9245161
-0.92842
-0.9372035
-0.9484282
-0.9484282
-0.9511122
-0.9433044
-0.9501366
-0.9379363
-0.9281757
-0.9027995
-0.9027995
-0.8918207
-0.8827914
-0.8683956
-0.8510715
-0.8437523
-0.831552
-0.8198403
-0.8073956
-0.8025162
-0.8108125
-0.8108125
-0.7900715
-0.7751887
-0.7768956
-0.7815324
-0.7912914
-0.7912914
-0.7776285
-0.782508
-0.782508
-0.7878761
-0.7922686
-0.7873875
-0.7910487
-0.7844607
-0.782508
-0.7744559
-0.7744559
-0.7698207
-0.7742116
-0.7622556
-0.7485927
-0.7449315
-0.7576204
-0.7576204
-0.7510324
-0.7554234
-0.7483484
-0.7476155
-0.7590845
-0.7659168
-0.7764086
-0.7764086
-0.7620113
-0.7461514
-0.7437116
-0.7405406
-0.7319999
-0.7302914
-0.7302914
-0.7202882
-0.7544478
-0.7703077
-0.7656725
-0.7768956
-0.7749445
-0.7656725
-0.7581074
