-0.9977164
-1.003816
-1.002352
-1.002352
-0.9989363
-0.9921041
-1.001132
-0.9952767
-0.9982035
-0.9762442
-0.9835634
-0.9777083
-0.9777083
-0.9835634
-0.9891757
-0.9974721
-1.000888
-0.9845405
-0.9855161
-0.9855161
-0.996008
-0.9933239
-0.9833207
-0.9757556
-0.968192
-0.9528207
-0.9528207
-0.9462327
-0.9564803
-0.9357393
-0.9320797
-0.9318354
-0.9428158
-0.9372035
-0.9286643
-0.9274445
-0.9274445
-0.9252474
-0.9140242
-0.9015797
-0.8984086
-0.8962116
-0.888648
-0.888648
-0.8857197
-0.8793761
-0.8754721
-0.862052
-0.8596122
-0.8598565
-0.8683956
-0.8601008
-0.8357002
-0.8357002
-0.8191074
-0.8198403
-0.8335047
-0.8366758
-0.8278924
-0.8278924
-0.8193517
-0.8193517
-0.8159363
-0.8061758
-0.8081285
-0.7998321
-0.8054445
-0.7966595
-0.797148
-0.797148
-0.79178
-0.7949526
-0.7929999
-0.7947083
-0.8015406
-0.8008077
-0.8008077
-0.8008077
-0.8008077
-0.7842165
-0.7842165
-0.7893403
-0.8061758
-0.7934884
-0.7934884
-0.7883646
-0.7878761
-0.7861676
-0.7829966
-0.7856806
-0.7827523
-0.7761644
-0.7761644
-0.7761644
-0.7673794
-0.7807996
-0.7842165
-0.7951953
-0.7951953
-0.7873875
-0.7671366
-0.7781155
