-0.9452556
-0.9659966
-0.9659966
-0.9616041
-0.9630682
-0.9694119
-0.9525763
-0.9525763
-0.9625797
-0.9674607
-0.9618484
-0.9516008
-0.9523321
-0.9535519
-0.9481839
-0.9606284
-0.9606284
-0.9584315
-0.9494038
-0.9516008
-0.9501366
-0.9557474
-0.9701447
-0.9679477
-0.9679477
-0.9677035
-0.9611155
-0.9650194
-0.9557474
-0.9518435
-0.9498923
-0.9498923
-0.9664836
-0.9362279
-0.9110959
-0.9203679
-1.007233
-0.9179282
-0.9311041
-0.9210992
-0.9433044
-0.9433044
-0.9796594
-1.036024
-0.9506236
-0.9259803
-0.9042637
-0.9042637
-0.9791725
-0.9791725
-0.9252474
-0.8788875
-0.8332604
-0.8403354
-0.8718125
-0.8718125
-0.9074363
-0.8500959
-0.8437523
-0.8383842
-0.8542442
-0.8549755
-0.831552
-0.8186204
-0.8186204
-0.8213044
-0.8308207
-0.8298435
-0.8049559
-0.8139836
-0.8100797
-0.813008
-0.8166676
-0.8166676
-0.8144721
-0.8161806
-0.8100797
-0.8288679
-0.8403354
-0.8317963
-0.8317963
-0.8269168
-0.8198403
-0.8337474
-0.8332604
-0.8252083
-0.83692
-0.8544884
-0.8544884
-0.8439966
-0.8281366
-0.8347246
-0.8461921
-0.8413125
-0.8430194
-0.8337474
-0.8337474
-0.834236
-0.8439966
-0.8415568
-0.8378956
-0.8378956
-0.8374086
-0.8327718
-0.8330162
-0.8330162
-0.8344803
-0.8403354
-0.83692
-0.8457035
-0.8354559
-0.8666887
-0.8666887
-0.8198403
-0.8344803
