-0.9550161
-0.9755128
-0.9879559
-0.9735601
-0.9735601
-0.9652637
-0.9652637
-0.9830763
-0.986736
-0.9816122
-0.9730715
-0.9694119
-0.9755128
-0.9781953
-0.9781953
-0.9718516
-0.9699005
-0.9674607
-0.9745357
-0.9696562
-0.9696562
-0.9528207
-0.9452556
-0.9601399
-0.9933239
-1.002107
-0.9803923
-0.9642881
-0.9498923
-0.9686806
-0.9686806
-0.9869803
-0.9884444
-0.9723402
-0.9616041
-0.9667279
-0.9781953
-0.9781953
-1.00894
-1.00894
-0.986736
-0.97478
-0.9918598
-0.9838077
-0.9733158
-0.9645324
-0.9645324
-0.9713646
-0.9328125
-0.8876725
-0.8864526
-0.8913321
-0.8984086
-0.8181318
-0.8181318
-0.8127637
-0.8618077
-0.9208565
-0.8486318
-0.8034917
-0.7990993
-0.8186204
-0.8644917
-0.8644917
-0.8125194
-0.7707963
-0.7717718
-0.7795797
-0.7864119
-0.7671366
-0.7671366
-0.7622556
-0.7481041
-0.7803125
-0.7790927
-0.7607914
-0.7598158
-0.7571318
-0.7607914
-0.7607914
-0.7651839
-0.77592
-0.7817767
-0.7778713
-0.7781155
-0.7756758
-0.7793354
-0.7815324
-0.7815324
-0.7783598
-0.7829966
-0.7837279
-0.7795797
-0.7956839
-0.7956839
-0.8005634
-0.773236
-0.77592
