-0.996008
-1.020164
-1.026752
-1.026752
-1.033096
-1.028216
-1.037244
-1.031632
-1.02114
-1.024312
-1.017236
-1.017236
-1.014552
-1.023093
-1.006013
-1.006256
-0.9908842
-0.9908842
-0.9940552
-0.9811236
-0.9828321
-0.9733158
-0.9552604
-0.937692
-0.9071921
-0.9057279
-0.8862083
-0.8862083
-0.8757164
-0.8608321
-0.8447279
-0.8217914
-0.7822637
-0.7478598
-0.6990601
-0.6990601
-0.664412
-0.6531872
-0.6243957
-0.6014608
-0.5951155
-0.5914559
-0.5870634
-0.5870634
-0.5914559
-0.5692523
-0.5558321
-0.5465602
-0.5846237
-0.6170764
-0.6170764
-0.6082914
-0.6329364
-0.6622165
-0.6531872
-0.6436725
-0.6287882
-0.6124396
-0.6102442
-0.6102442
-0.5951155
-0.5970683
-0.5902361
-0.5794999
-0.5887719
-0.6009722
-0.6009722
-0.6085358
-0.6063403
-0.606096
-0.6048761
-0.6143924
-0.6031677
-0.6090243
-0.5914559
-0.5914559
-0.5597361
-0.587552
-0.6319607
-0.5980439
-0.6053647
-0.6182963
-0.6197605
-0.6197605
-0.6258599
-0.6353761
