-0.8317963
-0.7937327
-0.8149607
-0.8378956
-0.8447279
-0.8469234
-0.8396041
-0.8357002
-0.8357002
-0.8415568
-0.8486318
-0.83814
-0.8271595
-0.82228
-0.8515601
-0.862052
-0.862052
-0.864736
-0.8664445
-0.8493646
-0.8095927
-0.8296008
-0.8688842
-0.8827914
-0.8827914
-0.8830357
-0.8810845
-0.8691285
-0.8781562
-0.9162197
-0.9218321
-0.9157327
-0.9157327
-0.9091448
-0.8967001
-0.9162197
-0.9557474
-0.9779526
-0.9779526
-0.9598956
-0.9525763
-0.9232963
-0.9279315
-0.9672164
-0.9818565
-0.9718516
-0.9555047
-0.9637995
-0.9637995
-0.9899086
-1.023335
-1.04676
-1.039197
-1.016016
-1.005524
-1.0187
-1.022604
-1.022604
-1.032365
-1.024557
-1.003085
-0.9913728
-0.9925926
-1.003572
-1.01626
-1.01626
-1.00162
-0.9862474
-0.986736
-0.9828321
-0.9889315
-0.9840519
-0.9840519
-0.9823435
-0.9725845
-0.9877115
-0.9852718
-0.9928353
-0.9972278
-1.00406
-1.00406
-1.006013
-1.012843
-1.016505
-1.012601
-1.006744
-1.003816
-0.9964966
-0.9884444
-0.9884444
-0.9906399
-0.9813679
-0.9789281
-0.9079233
-0.9896643
-0.9896643
-1.084335
-1.0614
