-0.9564803
-0.9628239
-0.9706318
-0.9628239
-0.968192
-0.9555047
-0.9555047
-0.9440357
-0.9396448
-0.9359836
-0.9228077
-0.9091448
-0.9025568
-0.9025568
-0.9037767
-0.9154884
-0.9381806
-0.9481839
-0.9574559
-0.9311041
-0.9472083
-0.9699005
-0.9699005
-0.9625797
-0.9906399
-1.025288
-1.03212
-1.009184
-0.9528207
-0.9528207
-0.9145113
-0.9008484
-0.9215878
-0.9396448
-0.9259803
-0.9008484
-0.8815715
-0.8781562
-0.8784005
-0.8815715
-0.8749836
-0.8749836
-0.83814
-0.8095927
-0.8161806
-0.8366758
-0.8366758
-0.8601008
-0.8722996
-0.8803517
-0.8835242
-0.8901122
-0.8664445
-0.8508288
-0.8208158
-0.8174005
-0.8174005
-0.7922686
-0.7773842
-0.7644526
-0.7559119
-0.7522523
-0.7522523
-0.7534721
-0.7676237
-0.752008
-0.7273647
-0.7234607
-0.718824
-0.709552
-0.7034526
-0.7034526
-0.6978403
-0.6978403
-0.688324
-0.6880797
-0.6778321
-0.6954005
-0.6954005
-0.694912
-0.6627035
-0.6751481
-0.6993044
-0.7080879
-0.6846644
-0.6590438
-0.6590438
-0.6585553
