-1.049444
-1.060668
-1.060668
-1.048225
-0.9940552
-0.9847832
-1.095072
-1.083848
-1.016016
-0.9825878
-0.9825878
-0.9276887
-0.9167083
-0.9079233
-0.8239884
-0.8496073
-0.8457035
-0.7761644
-0.7761644
-0.7227279
-0.6763679
-0.6500162
-0.6409885
-0.6990601
-0.7105276
-0.6390358
-0.6390358
-0.6112198
-0.5492442
-0.5319201
-0.6400113
-0.6112198
-0.4623794
-0.4384674
-0.4384674
-0.4623794
-0.4174837
-0.4809234
-0.5738875
-0.5831595
-0.5653484
-0.5411921
-0.4982475
-0.4982475
-0.4611596
-0.4970276
-0.5099608
-0.4984918
-0.4980048
-0.4704315
-0.4714087
-0.4714087
-0.4787279
-0.514596
-0.505324
-0.4743355
-0.4599397
-0.4665276
-0.4665276
-0.5055683
-0.5241123
-0.4884885
-0.4850716
-0.557052
-0.5621758
-0.5043485
-0.5865764
-0.5865764
-0.5533924
-0.5614445
-0.5504641
-0.5660797
-0.5670553
-0.5541237
