-0.9955194
-1.062376
-1.002352
-0.949648
-0.9725845
-0.9725845
-1.025044
-1.028703
-0.9884444
-1.019431
-1.001132
-0.94428
-0.94428
-0.9450113
-1.011624
-1.031387
-1.067255
-1.151192
-1.323456
-1.206335
-0.9938125
-0.9023125
-0.9023125
-0.9803923
-0.9889315
-0.8747393
-0.874008
-0.8669315
-0.8237442
-0.8237442
-0.8108125
-0.7371237
-0.6988158
-0.6219559
-0.6073158
-0.630008
-0.5877963
-0.5877963
-0.4799478
-0.3874722
-0.3345244
-0.331596
-0.3494087
-0.3035358
-0.2662036
-0.2662036
-0.2164283
-0.2588843
-0.2649837
-0.3186644
-0.4128484
-0.3242768
-0.2498566
-0.2498566
-0.2132557
-0.2793795
-0.3225683
-0.3650244
-0.4160195
-0.3298876
-0.2920683
-0.2920683
-0.3557524
-0.3874722
-0.3708794
-0.3520927
-0.3547752
-0.429684
-0.4289527
-0.4494478
-0.5084966
-0.5084966
-0.5199641
-0.5321644
-0.5087394
-0.5182557
-0.5326514
-0.5533924
-0.5533924
-0.5431433
-0.5297247
-0.5165488
-0.5267963
