-0.7737246
-0.7761644
-0.8247197
-0.858148
-0.858148
-0.8364315
-0.8176448
-0.8110552
-0.8137393
-0.8264282
-0.8298435
-0.8332604
-0.8305764
-0.8254526
-0.8254526
-0.831552
-0.8513158
-0.8547327
-0.8503402
-0.831552
-0.834236
-0.83692
-0.83692
-0.8112996
-0.7886074
-0.8073956
-0.8127637
-0.8415568
-0.8574167
-0.8610764
-0.8610764
-0.8815715
-0.8603435
-0.9215878
-0.9335438
-0.9579445
-0.9611155
-0.9520878
-0.9520878
-0.9328125
-0.9413517
-0.9520878
-0.9767327
-0.9896643
-0.9957637
-1.0187
-1.0187
-1.018944
-1.020164
-1.016505
-1.01992
-1.046028
-1.020896
-1.03212
-0.9940552
-0.9940552
-0.9872246
-0.9879559
-1.000645
-1.00162
-0.9796594
-0.9701447
-0.9701447
-1.007233
-1.0309
-1.053348
-1.041392
-0.9516008
-0.9516008
-0.9794167
-1.042856
-1.042856
-1.010159
-1.010159
-0.9921041
-0.9835634
-0.9864917
-0.9908842
-1.009184
-1.020409
-1.020409
-1.020409
-0.9813679
-0.9840519
-1.015772
-1.005769
-0.9982035
-0.9982035
-0.9962522
-0.9955194
-0.9884444
-1.013576
-0.8971887
-0.9940552
-1.074576
-1.074576
-1.061156
-1.08336
-1.004791
