-0.9842963
-0.9886887
-1.001376
-0.9830763
-0.9830763
-0.9872246
-0.9828321
-0.9874673
-1.003085
-1.003572
-1.003572
-0.9955194
-1.009917
-0.9928353
-0.9874673
-0.9830763
-0.9742914
-0.9637995
-0.9637995
-0.9738044
-0.9928353
-1.0065
-0.9962522
-1.0004
-0.9818565
-0.9913728
-0.9913728
-0.9723402
-0.9616041
-0.9384233
-0.9408646
-0.9555047
-0.9396448
-0.9391562
-0.9308598
-0.9308598
-0.9203679
-0.9228077
-0.9372035
-0.9059721
-0.9152442
-0.8984086
-0.8984086
-0.8949917
-0.8942604
-0.8786448
-0.8557083
-0.8288679
-0.8115438
-0.8115438
-0.8164234
-0.8164234
-0.7629884
-0.7712833
-0.76128
-0.7590845
-0.7393207
-0.7359038
-0.7359038
-0.7227279
-0.7373679
-0.7278517
-0.7156514
-0.6885683
-0.6714885
-0.6714885
-0.6658761
-0.6439168
-0.6297637
-0.6168321
-0.6148794
-0.6309837
-0.6331806
-0.6461123
-0.6461123
-0.6609966
-0.6968647
-0.6944234
-0.7071123
-0.7058924
-0.7171155
-0.7156514
-0.7156514
-0.7129673
-0.7054038
-0.7080879
-0.7041839
-0.7075993
-0.7080879
-0.6807604
-0.6807604
-0.6792963
-0.6802719
-0.6788077
-0.6993044
-0.7005243
-0.6617279
-0.660508
