-0.9777083
-0.980148
-0.9830763
-0.9828321
-0.9828321
-0.9850276
-0.9879559
-0.9811236
-0.9989363
-0.9989363
-0.9996676
-1.001376
-0.9799038
-0.9899086
-0.9852718
-0.9781953
-0.9767327
-0.970876
-0.9633125
-0.9633125
-0.9508679
-0.937692
-0.9396448
-0.9335438
-0.9113402
-0.9010926
-0.9067035
-0.9067035
-0.8874282
-0.8759607
-0.8625405
-0.8644917
-0.8479005
-0.83692
-0.8403354
-0.8432637
-0.8432637
-0.8313077
-0.8078842
-0.8069086
-0.8052002
-0.803736
-0.7644526
-0.7644526
-0.7483484
-0.7354168
-0.7217523
-0.7151644
-0.7227279
-0.7515194
-0.7598158
-0.7598158
-0.7517637
-0.7495683
-0.7551806
-0.7576204
-0.7559119
-0.7456644
-0.7390764
-0.7390764
-0.7329755
-0.7237035
-0.71614
-0.7229722
-0.7137002
-0.7137002
-0.7166285
-0.709552
-0.7007686
-0.7007686
-0.7102833
-0.7115048
-0.7134559
-0.7115048
-0.712236
-0.712236
-0.7154086
-0.7273647
-0.7222393
-0.7283403
-0.7259005
-0.7280959
-0.7280959
-0.721508
-0.7295601
-0.7097963
-0.7090634
-0.7315113
-0.7595716
-0.7561562
-0.7468842
-0.7468842
-0.7293158
