-0.9784396
-0.9847832
-0.9891757
-0.9891757
-0.9842963
-0.9972278
-0.9994233
-0.9855161
-0.9818565
-0.9818565
-0.9803923
-0.9830763
-0.9796594
-0.9789281
-0.9745357
-0.9779526
-0.9847832
-0.9869803
-0.9869803
-0.9779526
-0.9779526
-0.9896643
-0.9874673
-0.9869803
-0.9938125
-0.9984477
-0.9967393
-0.9957637
-0.9957637
-0.9940552
-0.9913728
-0.9913728
-0.9913728
-0.9879559
-0.9879559
-0.9882001
-0.9942995
-0.9869803
-0.9852718
-0.9921041
-0.9852718
-0.9879559
-0.9823435
-0.9823435
-0.9891757
-0.9821008
-0.9825878
-0.9855161
-0.9862474
-0.9835634
-0.9835634
-0.9874673
-0.9874673
-0.9811236
-0.9918598
-0.9733158
-0.9779526
-0.9899086
-0.9899086
-0.9940552
-0.9911284
-0.9947881
-0.9908842
-0.9908842
-0.9813679
-0.9840519
-0.9735601
-0.9735601
-0.9523321
-0.9472083
-0.9479396
-0.9357393
-0.9396448
-0.9396448
-0.9586757
-0.9586757
-0.9669721
-0.9718516
-0.9569673
-0.9669721
-0.9540405
-0.9267116
-0.9198794
-0.9101204
-0.9101204
-0.8876725
-0.855464
-0.8525357
-0.8579038
-0.8520487
-0.8152035
-0.8300878
-0.8300878
-0.7859234
-0.8015406
-0.8015406
-0.8303321
-0.843508
-0.8398484
-0.8510715
-0.8510715
-0.8542442
-0.8601008
-0.874008
-0.8688842
-0.8339917
-0.7761644
-0.7354168
-0.7354168
-0.7256562
-0.7442002
-0.7605487
-0.7642083
-0.7312686
-0.7029641
-0.6944234
-0.6846644
-0.6846644
-0.6805162
-0.6868598
-0.6761237
-0.6868598
-0.7063794
-0.7063794
-0.7088207
-0.7193125
-0.7193125
-0.7012556
-0.6880797
-0.6734396
-0.6702686
-0.697596
-0.697596
-0.7085764
-0.6951562
-0.6639234
-0.660508
-0.6712442
-0.6712442
-0.6712442
-0.6756366
-0.6502604
-0.6714885
-0.7000358
-0.6880797
-0.6868598
-0.6724641
-0.6744168
