-1.029436
-1.017236
-1.004304
-0.9967393
-0.9967393
-1.011868
-1.009672
-1.03944
-1.074821
-1.046516
-1.030412
-1.044076
-1.070184
-1.070184
-1.087264
-1.092387
-1.089216
-1.090436
-1.057497
-1.024068
-1.024068
-1.010648
-0.9652637
-0.8425324
-0.7346839
-0.7163842
-0.6939363
-0.6575797
-0.6261041
-0.6063403
-0.6063403
-0.5921888
-0.6097556
-0.5985324
-0.5702279
-0.6009722
-0.5934086
-0.5799885
-0.5799885
-0.5712035
-0.5973126
-0.6070716
-0.6082914
-0.6322035
-0.6322035
-0.6336676
-0.6207361
-0.6587996
