-0.9728288
-0.9581887
-0.9581887
-0.9445242
-0.9733158
-0.9452556
-0.9042637
-0.888648
-0.8747393
-0.8825487
-0.8825487
-0.8893794
-0.8935276
-0.8901122
-0.8937718
-0.9074363
-0.91378
-0.9054836
-0.9054836
-0.9206122
-0.9535519
-0.9767327
-0.9691676
-0.94428
-0.9218321
-0.9486725
-0.9911284
-0.9911284
-0.9979607
-0.9864917
-0.9494038
-0.9198794
-0.9067035
-0.8971887
-0.8971887
-0.8742523
-0.8500959
-0.8335047
-0.8274038
-0.8174005
-0.8227686
-0.8359445
-0.8359445
-0.8374086
-0.8388728
-0.8237442
-0.8086155
-0.8237442
-0.8371643
-0.8422881
-0.8422881
-0.8354559
-0.8215487
-0.7903158
-0.7700634
-0.7603044
-0.7529836
-0.7529836
-0.7442002
-0.7442002
-0.7495683
-0.7163842
-0.7505438
-0.7398077
-0.7344396
-0.7061366
-0.7061366
-0.718824
