-0.9086562
-0.9425715
-0.9645324
-1.0309
-1.029923
-1.029923
-0.9999119
-0.9940552
-1.027728
-1.045296
-1.046516
-1.03456
-1.03456
-1.030168
-1.013821
-1.017236
-1.005769
-0.9923484
-0.9911284
-0.9786839
-0.9762442
-0.9762442
-0.9679477
-0.9679477
-0.9767327
-0.9686806
-0.97478
-0.9759998
-0.9759998
-0.9691676
-0.9664836
-0.9450113
-0.9254917
-0.9062164
-0.8986514
-0.8847442
-0.8720552
-0.8720552
-0.8544884
-0.8398484
-0.8420438
-0.8615634
-0.8722996
-0.8713239
-0.8713239
-0.8552197
-0.8293565
-0.803736
-0.8264282
-0.8234999
-0.8166676
-0.8161806
-0.8505845
-0.8505845
-0.8622963
-0.8820601
-0.8915763
-0.8949917
-0.8596122
-0.9020683
-0.8652246
-0.8652246
-0.8788875
-0.8637604
-0.8564396
-0.8610764
-0.8662001
-0.8637604
-0.8637604
-0.8793761
-0.8654673
-0.8688842
-0.8969445
-0.8742523
-0.8657116
-0.8657116
-0.8642474
-0.8949917
-0.8964559
-0.8906008
-0.8779119
-0.8718125
-0.8762035
-0.8791318
-0.8791318
-0.8854755
-0.8688842
-0.8605878
-0.8713239
-0.8715683
-0.8774233
-0.8686399
-0.8686399
-0.8491204
-0.8354559
-0.8549755
-0.8998728
-0.9252474
-0.9213435
-0.9042637
-0.8884038
-0.8998728
-0.8998728
-0.9303728
-0.9594086
-0.9450113
-0.9198794
-0.9242718
-0.9574559
-0.9574559
-0.9877115
-0.9972278
-0.9769754
-0.9664836
-0.9791725
-0.9996676
-1.017236
-1.017236
-1.0065
-1.00528
-1.012357
-1.02236
-1.03578
-1.036268
-1.014552
-1.014552
-1.003572
-1.000645
-1.008208
-1.018212
-1.013088
-0.9994233
-0.9916155
-0.9850276
-0.9850276
-0.9906399
-0.98942
-0.9857604
-0.9908842
-0.9891757
-0.9745357
-0.9701447
-0.9701447
-0.9813679
-0.9928353
-1.006256
-0.9982035
-0.9869803
-0.9740487
-0.9740487
-0.9911284
-1.015041
-1.017967
-1.001132
-0.9974721
-0.9811236
-0.9811236
-0.9506236
-0.977464
-1.03578
-1.036756
-0.9840519
