-0.9818565
-0.9652637
-0.9620926
-0.9620926
-0.9701447
-0.9645324
-0.9613598
-0.9664836
-0.9608728
-0.9769754
-0.9769754
-0.9967393
-0.9901513
-0.9911284
-0.9984477
-1.003572
-1.027972
-1.011137
-1.0004
-1.0004
-1.000156
-0.9903956
-0.9806366
-0.9781953
-0.980148
-0.9869803
-0.9752685
-0.9752685
-0.9779526
-0.9869803
-1.001132
-0.9896643
-0.9845405
-0.9845405
-0.97478
-0.9750242
-0.9445242
-0.9445242
-0.9306155
-0.9325683
-0.9240276
-0.9337881
-0.9184167
-0.9184167
-0.919148
-0.9037767
-0.8842556
-0.8852327
-0.8864526
-0.8535113
-0.8486318
-0.8486318
-0.8537556
-0.8564396
-0.8244755
-0.8105683
-0.8156921
-0.801052
-0.7847035
-0.7847035
-0.7807996
-0.7847035
-0.7847035
-0.7878761
-0.7729917
-0.7729917
-0.7851921
-0.7944641
-0.7861676
-0.7703077
-0.7788484
-0.7778713
-0.7866562
-0.7761644
-0.7895845
-0.7895845
-0.7890959
-0.7851921
-0.7947083
-0.7966595
-0.7990993
-0.80642
-0.8052002
-0.8052002
-0.803736
-0.7978794
-0.7944641
-0.7747002
-0.7578647
-0.7727475
-0.7788484
-0.7749445
-0.7749445
-0.7810438
-0.801052
-0.8091041
-0.7990993
-0.7998321
-0.7988565
-0.7988565
-0.8081285
-0.8081285
-0.8025162
-0.8125194
-0.80764
-0.8066643
-0.7847035
