-0.7729917
-0.7778713
-0.7883646
-0.7912914
-0.7969038
-0.7969038
-0.7622556
-0.7622556
-0.7585959
-0.7747002
-0.8042246
-0.8215487
-0.8149607
-0.8086155
-0.8073956
-0.8073956
-0.8466806
-0.8947474
-0.9069477
-0.9171953
-0.8747393
-0.8986514
-0.9113402
-0.9113402
-0.9320797
-0.9586757
-0.9411073
-0.9245161
-0.9096318
-0.9067035
-0.9067035
-0.8874282
-0.923052
-0.8942604
-0.9325683
-0.9425715
-0.9823435
-0.9979607
-1.025532
-1.025532
-1.053104
-1.086532
-1.094096
-1.088241
-1.0797
-1.054324
-1.044321
-1.044321
-1.026508
-1.013576
-0.9901513
-0.9696562
-0.9645324
-0.9825878
-0.9825878
-0.9969836
-0.9977164
-0.9838077
-0.9923484
-1.00528
-1.038464
-1.029681
-1.019676
-0.9877115
-0.9877115
-0.9835634
-0.9769754
-0.9930797
-0.9750242
-0.9628239
-0.9630682
-0.9699005
-0.9901513
-0.9908842
-0.9935682
-0.9935682
-0.9921041
-0.9967393
-1.000888
-0.9972278
-0.9972278
-1.007475
-1.002107
-1.010404
-1.019189
-0.9659966
-0.9659966
-1.065549
-1.045541
