-0.9476953
-0.95892
-0.9533077
-0.9384233
-0.9454998
-0.9533077
-0.9533077
-0.9611155
-0.956236
-0.9415959
-0.9428158
-0.9415959
-0.9391562
-0.9364721
-0.9381806
-0.9381806
-0.9440357
-0.9415959
-0.9425715
-0.9386676
-0.9398875
-0.9464754
-0.9464754
-0.9418402
-0.9418402
-0.9479396
-0.9437914
-0.9391562
-0.9391562
-0.9391562
-0.9289086
-0.9311041
-0.9454998
-0.9508679
-0.9337881
-0.9418402
-0.9450113
-0.9484282
-0.9484282
-0.9467197
-0.9352522
-0.9386676
-0.9476953
-0.9523321
-0.9481839
-0.9406204
-0.9308598
-0.9308598
-0.9276887
-0.9235405
-0.9501366
-0.9581887
-0.9579445
-0.9511122
-0.94428
-0.9491594
-0.9491594
-0.9381806
-0.9293956
-0.9054836
-0.9008484
-0.9020683
-0.9047523
-0.9047523
-0.8876725
-0.8830357
-0.9069477
-0.8725438
-0.8537556
-0.83814
-0.83814
-0.8259396
-0.8566839
-0.8410683
-0.8442393
-0.8278924
-0.813008
-0.7959282
-0.7954396
-0.8291122
-0.8244755
-0.8244755
-0.8095927
-0.7786041
-0.7710406
-0.7800683
-0.8088598
-0.8225242
-0.8225242
-0.7966595
-0.77592
-0.79178
-0.8159363
-0.8159363
-0.8159363
-0.8020276
-0.8020276
-0.8081285
-0.8169119
-0.8203273
-0.8220357
-0.8115438
-0.8134966
-0.8139836
-0.8139836
-0.8178875
-0.8178875
-0.8181318
-0.8232556
-0.8237442
-0.8127637
-0.8078842
-0.8061758
-0.8061758
-0.8083728
-0.8139836
-0.8093484
-0.8093484
-0.8091041
-0.8156921
-0.8156921
-0.8203273
-0.8244755
-0.8137393
-0.8144721
-0.8210601
-0.8293565
-0.8293565
-0.8325276
-0.8234999
-0.82228
-0.8281366
-0.8195959
-0.8169119
-0.8300878
-0.8300878
-0.8239884
-0.8181318
