-0.9047523
-0.9311041
-0.9311041
-0.9401318
-0.9503794
-0.9703875
-0.9928353
-0.9903956
-0.9516008
-0.9359836
-0.9359836
-0.9254917
-0.9003598
-0.874008
-0.8383842
-0.8383842
-0.8244755
-0.8220357
-0.8161806
-0.7886074
-0.7844607
-0.7786041
-0.7686008
-0.7344396
-0.7817767
-0.7817767
-0.7434673
-0.7420048
-0.7241921
-0.7339526
-0.7071123
-0.6988158
-0.6988158
-0.70028
-0.70028
-0.6751481
-0.6983273
-0.7171155
-0.7434673
-0.74542
-0.7371237
-0.7371237
-0.7185797
-0.7012556
-0.6780764
-0.66978
-0.6766123
-0.7068679
-0.6988158
-0.6988158
-0.7105276
-0.7134559
-0.6993044
-0.68564
-0.7417604
-0.7725047
-0.8188646
-0.8659559
-0.8659559
-0.892552
-0.892552
-0.8852327
-0.8635162
-0.8330162
-0.8291122
-0.8281366
-0.8281366
-0.8364315
-0.85278
-0.8693728
-0.8803517
-0.8962116
-0.9289086
-0.9591643
-0.9591643
-0.9889315
-0.9791725
-0.9591643
-0.9598956
-0.9525763
-0.9398875
-0.9528207
-0.9528207
-0.9716073
-0.9481839
-0.9340324
-0.923052
-0.9454998
-0.9206122
-0.9206122
-0.9759998
-1.005769
-0.9969836
-0.9764884
-0.9372035
