0.1383485
0.1503045
0.1503045
0.1620162
0.1449364
0.1280994
0.127368
0.1176075
0.1410325
0.143228
0.143228
0.145912
0.145912
0.1610407
0.161772
0.1583566
0.1693355
0.1890993
0.2005683
0.2005683
0.2061807
0.1927605
0.157868
0.1546954
0.1620162
0.1422524
0.1422524
0.1588436
0.1620162
0.1210244
0.07271173
0.04928825
0.0863762
0.0863762
0.1266368
0.082228
-0.002928323
-0.002439751
0.02269217
-0.02122801
-0.06758794
-0.0829593
-0.0829593
-0.09930781
-0.08515632
-0.0829593
-0.04562863
-0.02976869
-0.03220844
-0.02122801
-0.02122801
-0.03025571
-0.04196744
-0.02830453
