0.2022752
0.2640081
0.08832738
0.08832738
0.02830453
0.1115081
0.2361921
0.3225683
0.4216318
0.4919038
0.535824
0.5363126
0.5363126
0.5114234
0.4587198
0.3645358
0.255956
0.131272
-0.03733223
-0.03733223
-0.2237475
-0.3777117
-0.420412
-0.3335488
-0.2418045
-0.1566482
-0.06343974
-0.06343974
-0.0004885725
0.05636477
0.07539576
0.06709937
0.01073615
0.0004885725
-0.04538434
-0.04538434
-0.1124837
-0.1476205
-0.2386319
-0.3147605
-0.3572165
-0.3437963
-0.3311075
-0.3311075
-0.286456
-0.1822687
-0.07344458
0.05538763
0.1627475
0.2313126
0.2430244
0.2430244
0.2286286
0.2205765
0.2156954
0.1707997
0.1139479
0.09979638
0.03562378
0.03562378
-0.04904397
-0.1037003
-0.1568925
-0.122
-0.02659608
0.02830453
0.05636477
0.08979154
0.08979154
0.09369545
0.07051627
0.05245931
0.02976869
0.0312313
0.01098043
-0.02244788
-0.02244788
-0.05001955
-0.04196744
-0.01634851
0.03855211
0.06051142
0.02171658
-0.01415149
-0.01415149
-0.03489248
-0.03318403
0.002439751
-0.03318403
0.03025571
0.01171174
0.01171174
-0.03098857
-0.01878826
-0.05734036
-0.1437166
-0.1503045
-0.1722638
-0.1986156
-0.2186238
-0.1927605
-0.1927605
-0.1934918
-0.2061807
-0.1734837
-0.1498159
-0.1207801
-0.1302964
-0.1302964
-0.1283436
-0.1288322
-0.1527443
-0.1808045
-0.1915407
-0.1093127
-0.1251726
-0.1925162
-0.1925162
-0.3081726
-0.3691725
-0.4209006
-0.4008924
-0.3555081
-0.3113436
-0.3113436
-0.2593713
-0.2371677
-0.2574202
-0.1137036
-0.2884087
-0.2576644
-0.1415195
-0.1988599
-0.1988599
