-0.03391533
-0.05075242
0.02488763
-0.01878826
-0.006099377
-0.01342018
-0.02684037
-0.02684037
-0.03196416
-0.03074428
0.006587949
0.00561236
-0.0002442863
-0.01293161
-0.03830782
-0.03830782
-0.04904397
-0.04782409
-0.0336726
-0.03001142
-0.04367589
-0.04733552
-0.0468485
-0.0468485
-0.0336726
-0.03269546
-0.03733223
-0.02781596
-0.0353795
-0.04221173
-0.04221173
-0.02171658
-0.02659608
-0.007563538
0.003659626
0.03196416
0.06685664
0.09247557
0.09247557
0.06539247
0.05294788
0.07783552
0.07198042
0.04074757
0.01659124
-0.01927527
-0.03074428
-0.03074428
0.04294459
0.1068713
0.124684
0.09418402
0.06685664
0.06954067
0.1039446
0.1183404
0.1183404
0.1056515
0.1085798
0.09662377
0.08588763
0.06563676
0.06563676
0.02537621
0.05904726
0.05904726
0.07002769
0.04148043
0.01024758
0.006343663
0.0002442863
-0.01366447
-0.01366447
-0.02415633
-0.02415633
-0.0180554
0.004879501
-0.0007313028
0.008540683
-0.006832235
-0.006832235
0.005123788
0.1761677
0.1485961
0.0004885725
-0.1212687
-0.02903583
