0.2837719
0.2713273
0.2371677
0.1717753
0.1090684
0.09515961
0.09515961
0.124684
0.1525
0.1661644
0.1742166
0.1756807
0.16714
0.1471319
0.1317605
0.1317605
0.1141922
0.09320843
0.09955209
0.1322476
0.1244397
0.1244397
0.09759936
0.1073599
0.1383485
0.1532313
0.1581123
0.1449364
0.1317605
0.1571368
0.2039837
0.2039837
0.2210635
0.1915407
0.2005683
0.2313126
0.2398518
0.2266759
0.2054479
0.2088647
0.2327752
0.2344837
0.2344837
0.2237475
0.2537605
0.3069527
0.3369641
0.3440406
0.3440406
0.3189087
0.2730358
0.2432687
0.2276514
0.2061807
0.2064234
0.2064234
0.2239918
0.2239918
0.2278957
0.2361921
0.2322882
0.2203322
0.1934918
0.1934918
0.1842199
0.1981286
0.1937361
0.185684
0.1937361
0.2327752
0.2418045
0.2418045
0.2232605
0.1900765
0.1683599
0.1810472
0.1915407
0.2115488
0.2420488
0.2813322
0.2813322
0.2837719
0.2701075
0.2596156
0.2593713
0.234728
0.1920277
0.2286286
0.2286286
0.387228
0.423096
0.265228
0.1920277
0.1920277
0.1410325
0.1947117
0.1947117
0.2708403
