0.09247557
0.1085798
0.1085798
0.1229756
0.1122394
0.09759936
0.08808465
0.08808465
0.08149669
0.07954396
0.09028011
0.07856838
0.0697834
0.05490061
0.04977527
0.04977527
0.06685664
0.07978825
0.08930452
0.0732003
0.06685664
0.07515148
0.06831924
0.06831924
0.04904397
0.03635664
0.04294459
0.04514005
0.0690521
0.05465633
0.0263518
0.0263518
0.02562049
0.008052111
-0.01024758
-0.02122801
0.01976385
0.02732738
0.02342347
0.01000329
0.01000329
0.002439751
0.003659626
0.01098043
0.005368074
0.0004885725
-0.007319252
-0.007319252
-0.003659626
-0.004392485
-0.02293646
-0.02732738
-0.01878826
-0.01829969
-0.01829969
-0.03562378
-0.0263518
-0.01049186
0.006832235
-0.002684037
-0.02391205
-0.03733223
-0.04148043
-0.04148043
-0.02440062
-0.01781267
-0.002684037
0.009271986
-0.01390876
-0.01512863
-0.01512863
-0.01610422
-0.0395277
-0.03342832
-0.02269217
