0.1156563
0.1317605
0.133956
0.1173648
0.1173648
0.1032117
0.0905244
0.09589247
0.1080912
0.1254153
0.1224886
0.1178518
0.1044316
0.1044316
0.09808794
0.1149235
0.1105325
0.1041873
0.1032117
0.08491204
0.07759123
0.07759123
0.03196416
0.006343663
0.03342832
0.06929639
0.1000407
0.124684
0.1427394
0.1378599
0.1378599
0.1402997
0.1185846
0.09930781
0.08662049
0.08857166
0.0912557
0.07710421
0.0600244
0.0600244
0.0558762
0.08588763
0.082228
0.03684366
0.03440391
0.05465633
0.05465633
0.07685993
0.06270844
0.04855539
0.06587949
0.08954725
0.07173613
0.02000813
0.02000813
0.01707981
0.01610422
0.02879155
0.03611235
0.02562049
-0.001708448
-0.02171658
-0.02171658
-0.02562049
0.002684037
0.01073615
-0.01122472
-0.001219875
-0.001219875
0.001952734
-0.008783413
-0.01122472
0.007319252
-0.006587949
-0.02976869
-0.01293161
-0.01464006
-0.01464006
-0.01488435
-0.01268733
-0.004879501
