0.1590879
0.1825114
0.1825114
0.1649446
0.1588436
0.1442036
0.1439593
0.1454235
0.1454235
0.1410325
0.1227313
0.1276123
0.1412753
0.1412753
0.13664
0.1271238
0.1271238
0.1559153
0.1559153
0.1476205
0.1193159
0.1156563
0.1188274
0.1234641
0.1234641
0.1119967
0.09613676
0.09393974
0.08149669
0.0690521
0.06783222
0.07929967
0.1000407
0.1093127
0.1093127
0.1029674
0.1044316
0.08906023
0.08247229
0.07344458
0.07271173
0.07271173
0.07710421
0.07710421
0.06319545
0.08369216
0.1063843
0.1217557
0.1222443
0.09833222
0.09833222
0.08564334
0.08442346
0.08491204
0.06856353
0.05929154
0.05758465
0.0509967
0.04148043
0.03684366
0.03684366
0.03098857
0.03708794
0.03928341
0.0395277
0.03586807
0.04440875
0.04440875
0.0468485
0.04855539
0.0468485
0.04270031
0.03074428
0.02903583
0.02903583
0.04416447
0.03733223
0.03196416
0.03855211
0.03562378
0.03928341
0.03928341
0.0222036
0.0222036
0.0002442863
-0.004148198
0.01195602
0.02049671
0.02830453
0.0395277
0.0395277
0.04318732
0.04635993
0.08759607
0.1105325
0.0732003
0.03781925
-0.0002442863
-0.0002442863
-0.006587949
-0.007563538
-0.006099377
0.0222036
