0.1183404
0.1529886
0.2205765
0.2205765
0.1986156
0.1759235
0.1437166
0.1427394
0.1532313
0.1124837
0.1010163
0.1251726
0.1546954
0.1734837
0.1734837
0.1742166
0.1566482
0.1466433
0.2047165
0.2320439
0.1991042
0.1991042
0.1912964
0.2288713
0.2359478
0.2164283
0.1837313
0.1529886
0.1032117
0.1032117
0.1556726
0.2098403
0.2103274
0.2303355
0.2139885
0.1834885
0.1732394
0.1732394
0.1629918
0.2071563
0.2503436
0.2693762
0.2361921
0.1734837
0.1505472
0.1505472
0.2193566
0.2784039
0.2225277
0.1198045
0.09979638
0.1600635
0.2142313
0.2142313
0.2264316
0.1700684
0.1654316
0.1585993
0.1834885
0.2125244
0.2415602
0.1817801
0.1817801
0.1642117
0.2832834
0.2342394
0.001219875
-0.05319216
0.1049202
