0.09369545
0.1215114
0.1215114
0.1129723
0.09076868
0.09271986
0.08832738
0.09223129
0.09223129
0.07027198
0.0732003
0.082228
0.08418074
0.0829593
0.06514819
0.05343645
0.04611564
0.04611564
0.0395277
0.04367589
0.0509967
0.02928012
-0.03318403
-0.1124837
-0.1124837
-0.1627475
-0.1627475
-0.1751921
-0.2034967
-0.1832443
-0.1866596
-0.2244804
-0.2601042
-0.2601042
-0.2949966
-0.3198843
-0.3042687
-0.3279364
-0.3799087
-0.4265113
-0.4265113
-0.3967442
-0.4401758
-0.4401758
-0.4792165
-0.4987361
-0.523868
-0.5394837
-0.5743761
-0.5592475
-0.6007279
-0.6007279
-0.6480634
-0.6539201
-0.6539201
-0.6539201
-0.6539201
-0.664412
-0.6839315
-0.7285845
-0.7517637
-0.7463956
-0.7446887
-0.7578647
-0.7573761
-0.7573761
-0.7747002
-0.7747002
-0.7698207
-0.7488354
-0.7417604
-0.7593273
-0.7341954
-0.7639641
-0.7639641
-0.7522523
-0.7790927
-0.8108125
-0.813008
-0.813008
-0.8227686
-0.8227686
-0.7815324
