0.4043078
0.3762475
0.3335488
0.3413566
0.3264723
0.2845033
0.2845033
0.2786482
0.2693762
0.2935325
0.3296433
0.3638045
0.3586807
0.3508713
0.3508713
0.3164674
0.3359885
0.316956
0.3237882
0.3318403
0.3557524
0.3591677
0.3591677
0.340868
0.322324
0.322324
0.3269593
0.3225683
0.3213485
0.3186644
0.3152475
0.3152475
0.3318403
0.3428208
0.3530683
0.3518485
0.3330602
0.3172003
0.3269593
0.3269593
0.3389153
0.3357442
0.3303761
0.3303761
0.3347687
0.3618518
0.3574592
0.3067084
0.2762084
0.2762084
0.2791367
0.3203713
0.3291563
0.3681954
0.3681954
0.3206156
0.3457475
0.3193957
0.2803566
0.2803566
0.2971921
0.2898713
0.2535162
0.3108566
0.3108566
0.3613647
0.3613647
0.3264723
0.2503436
0.2193566
0.2413159
0.3135406
0.2832834
0.2832834
0.2805993
0.2403403
0.2610798
0.2781596
0.2718159
0.2515635
0.2305798
0.2305798
0.2371677
0.2391205
0.2618126
0.2823078
0.2871873
0.2871873
0.2781596
0.2779153
0.2884087
0.2884087
0.2681563
0.2657166
0.2608355
0.2786482
0.3091482
0.3091482
0.2964593
0.277184
0.2662036
0.2759641
0.2971921
0.3081726
0.3079283
0.3079283
0.28914
0.2952394
0.4052834
0.3250081
0.249368
0.2371677
0.2371677
0.2740114
