0.2122801
0.2003241
0.2010554
0.2152084
0.2135
0.1988599
0.1988599
0.1827557
0.1876367
0.1839756
0.1847084
0.1729967
0.1751921
0.1905635
0.1905635
0.1947117
0.1890993
0.1808045
0.1810472
0.1917834
0.2047165
0.2012997
0.2012997
0.1961759
0.1905635
0.1878795
0.1973957
0.2108159
0.2210635
0.2061807
0.2061807
0.2242361
0.2210635
0.1969087
0.1678713
0.1595765
0.1632361
0.1639674
0.1493274
0.1505472
0.1505472
0.1581123
0.1668957
0.1707997
0.1869039
0.2032524
0.2032524
0.1925162
0.1676286
0.1559153
0.1532313
0.1444479
0.1322476
0.1307834
0.1388355
0.127368
0.127368
0.1322476
0.1332247
0.1268795
0.1271238
0.1156563
0.1156563
0.1107753
0.1137036
0.1024804
0.08564334
0.0871075
0.0871075
0.1054087
0.1278566
0.1278566
0.1324918
0.1159006
0.1010163
0.08930452
0.08149669
0.06831924
0.06831924
0.051728
0.04904397
0.05538763
0.08320359
0.1022361
0.09296415
0.07002769
0.07881266
0.09101141
0.07466446
0.07466446
0.07198042
0.06856353
0.0780798
0.07905539
0.1063843
0.1063843
0.07905539
0.0600244
0.05368074
0.05148372
0.04879968
0.04050328
0.04050328
0.06539247
