0.1812915
0.1378599
0.1234641
0.09369545
0.09369545
0.06758794
0.05929154
0.0690521
0.07881266
0.08369216
0.08906023
0.09418402
0.09418402
0.09564818
0.09930781
0.1151677
0.112728
0.1215114
0.1422524
0.1498159
0.1512801
0.1639674
0.1639674
0.1786075
0.1825114
0.1315162
0.1134593
0.08832738
0.08832738
0.09808794
0.09101141
0.00341534
-0.04660422
-0.0004885725
0.05319216
0.08442346
0.08442346
0.1097997
0.1566482
0.1429837
0.1329804
0.1642117
0.1910521
0.176412
0.1493274
0.1188274
0.1188274
0.09564818
0.1210244
0.1461563
0.1402997
0.1361515
0.1168762
0.1168762
0.1002834
0.1202915
0.1300521
0.1176075
0.03830782
-0.03757652
-0.06612378
-0.06343974
-0.06343974
0.007076522
0.08100812
0.1259039
0.1605521
0.1583566
0.1307834
0.1307834
0.1180961
0.1076042
0.1295635
0.1332247
0.1283436
0.110044
0.110044
0.1476205
0.1493274
0.1493274
0.1251726
0.09540389
0.07100328
0.0641726
0.06587949
0.07442018
0.08881595
0.08881595
0.09979638
0.09540389
0.07002769
0.05075242
0.04392018
0.04392018
0.1361515
0.1476205
0.07368731
0.07954396
0.1473762
0.2147198
0.2403403
0.2452198
