0.1600635
0.1095554
0.1076042
0.1076042
0.1076042
0.1166319
0.1166319
0.1200472
0.1324918
0.1410325
0.1381042
0.1195602
0.1124837
0.1198045
0.1198045
0.1210244
0.1215114
0.1329804
0.1368843
0.1359087
0.1639674
0.1998355
0.1998355
0.2500993
0.1766563
0.08515632
0.001708448
-0.03977198
-0.08540061
-0.08881595
-0.03830782
-0.03830782
0.03586807
0.08100812
0.1110195
0.1202915
0.1146807
0.1046759
0.1046759
0.09955209
0.06246415
0.04367589
0.03489248
0.05026384
0.05197229
0.09759936
0.09759936
0.09223129
0.05416775
0.1112638
0.1112638
0.08930452
0.08613191
0.07076055
0.06051142
