0.7222393
0.6929607
0.6929607
0.6778321
0.6734396
0.6719755
0.6690487
0.6446481
0.6446481
0.6207361
0.587552
0.5643713
0.5416806
0.5255764
0.5160602
0.5114234
0.5114234
0.4711644
0.4645765
0.4540846
0.4411514
0.4023566
0.3579478
0.3125635
0.2344837
0.2344837
0.2339967
0.1881238
0.1556726
0.1276123
0.09589247
0.08857166
0.08857166
0.07881266
0.08198372
0.08393645
0.07832409
0.06587949
0.04245602
0.01634851
-0.01366447
-0.01366447
-0.03391533
-0.05782738
-0.08271657
-0.1049202
-0.1427394
-0.1554283
-0.1693355
-0.1693355
-0.1769006
-0.1847084
-0.1859283
-0.1925162
-0.1925162
-0.1849527
-0.1849527
-0.1837313
-0.1810472
-0.1783648
-0.1754364
-0.176412
-0.1795846
-0.1795846
-0.1881238
-0.1905635
-0.1893436
-0.1969087
-0.1844641
-0.2095961
-0.2122801
-0.2005683
-0.2005683
-0.2056921
-0.2171596
-0.2113045
