0.7890959
0.7615243
0.7615243
0.7727475
0.8022718
0.8174005
0.8232556
0.8232556
0.8364315
0.8349673
0.8422881
0.8378956
0.8066643
0.7739673
0.7461514
0.7461514
0.7036954
0.6558728
0.6209803
0.5690081
0.5350927
0.5055683
0.4823876
0.4670162
0.4657963
0.4657963
0.4438355
0.4133355
0.3894234
0.3396482
0.2927997
0.2935325
0.2884087
0.2842605
0.2620554
0.2620554
0.2191123
0.173728
0.1373713
0.1093127
0.07856838
0.07856838
0.0509967
0.04026055
0.01195602
0
-0.003172609
-0.007319252
-0.0004885725
-0.0004885725
0.004636771
-0.00561236
-0.02366776
-0.03196416
-0.04172472
-0.05197229
-0.05197229
-0.0773485
-0.08100812
-0.09296415
-0.09930781
-0.1068713
-0.1090684
-0.1144364
-0.1144364
-0.1083355
-0.1115081
-0.1283436
-0.1180961
-0.1227313
-0.1185846
-0.1185846
-0.1390798
-0.1439593
-0.1368843
-0.1271238
-0.133956
-0.1215114
-0.1259039
-0.1344446
-0.1302964
-0.1302964
-0.1473762
-0.1590879
