0.6570927
0.6497719
0.6497719
0.6231758
0.6229315
0.6229315
0.6307393
0.6439168
0.6439168
0.6707556
0.6707556
0.6875927
0.70028
0.7032083
0.7075993
0.71614
0.6988158
0.6778321
0.6778321
0.6741725
0.6490406
0.6156123
0.5785243
0.5465602
0.51728
0.4828761
0.4828761
0.4460325
0.3996725
0.3879592
0.3574592
0.2884087
0.2271644
0.1930033
0.1771433
0.1771433
0.1444479
0.0905244
0.04440875
0.00341534
-0.0131759
-0.01854397
-0.01854397
-0.04757981
-0.05709608
-0.05709608
-0.06124428
-0.06734365
-0.0641726
-0.06270844
-0.06270844
-0.06343974
-0.06368402
-0.04757981
-0.03293975
-0.04270031
-0.05490061
-0.05490061
-0.05880453
-0.04318732
-0.0509967
-0.04367589
-0.04465148
-0.05221658
-0.04050328
-0.03513677
-0.03513677
-0.03074428
