0.8244755
0.8439966
0.8347246
0.8183761
0.8169119
0.8193517
0.8383842
0.8383842
0.8378956
0.8293565
0.8325276
0.8098354
0.8081285
0.8081285
0.8093484
0.8093484
0.8291122
0.834236
0.8398484
0.8332604
0.8427767
0.8547327
0.8561953
0.8561953
0.8520487
0.8361887
0.8391155
0.8391155
0.8357002
0.8269168
0.8198403
0.8198403
0.8171562
0.8186204
0.8281366
0.8398484
0.8457035
0.8530242
0.8471676
0.8471676
0.8508288
0.8603435
0.8603435
0.8691285
0.8676643
0.8930405
0.8991399
0.8991399
0.8954803
0.9159755
0.9354966
0.9772197
1.006256
1.006013
0.9769754
0.9769754
0.9696562
0.9740487
0.9296399
0.8686399
0.8271595
0.8210601
0.8335047
0.8335047
0.8378956
0.8269168
0.8122767
0.7976366
0.7807996
0.7700634
0.7546921
0.740052
0.7154086
0.7154086
0.6875927
0.6636806
0.6219559
0.5770602
0.5770602
0.511912
0.4828761
0.4828761
0.4526204
0.4340765
0.4174837
0.3850325
0.3672198
0.3672198
0.3633159
0.352824
0.3479445
0.3281807
0.2805993
0.2369234
0.2178925
0.2061807
0.1822687
0.1822687
0.1790961
0.1693355
0.1590879
0.1595765
0.1163876
0.1163876
0.08906023
0.06929639
0.06929639
0.06173129
0.07905539
0.06758794
0.06319545
0.082228
0.0946726
0.0946726
0.07027198
0.08784036
0.08857166
0.1376156
0.1376156
0.1398126
0.1398126
0.1668957
0.1654316
0.1647003
0.1495717
0.1622605
0.1381042
0.1478648
0.1478648
0.1417638
0.1554283
0.1588436
0.1676286
0.1783648
0.1915407
0.2044723
0.2044723
0.2110602
0.2152084
0.2222834
0.2315554
0.2291156
0.2257003
0.2257003
0.2176482
0.2322882
0.2437557
0.2442442
0.2308241
0.2317996
0.2317996
0.2364364
0.2379006
0.2379006
0.237412
0.2286286
0.2298485
0.222772
0.2298485
0.2337524
0.2310683
0.2310683
0.2410716
0.2364364
0.2518078
0.2444885
0.2461954
0.2449756
0.2449756
0.2391205
0.2335081
0.2276514
0.2418045
