0.862052
0.8622963
0.8615634
0.8615634
0.8701041
0.8749836
0.8754721
0.8825487
0.8825487
0.8937718
0.8967001
0.8984086
0.8967001
0.8913321
0.8991399
0.9113402
0.9113402
0.91378
0.8974315
0.8796204
0.8544884
0.8291122
0.8137393
0.7949526
0.7805552
0.7805552
0.7722604
0.7661595
0.7524966
0.7361481
0.7119917
0.6912523
0.6912523
0.6683158
0.6441595
0.6146367
0.5855993
0.5629086
0.551684
0.5150846
0.4943436
0.4943436
0.5072768
0.4911725
0.4699445
0.4379804
0.4184592
0.404552
0.3845439
0.3845439
0.3659999
0.3535554
0.3491644
0.3284234
0.2993876
0.2605928
0.2364364
0.2034967
0.1817801
0.1571368
0.1139479
0.07588433
0.05075242
0.03904068
0.01561565
0.01561565
-0.002439751
0.0002442863
-0.01122472
-0.03074428
-0.04635993
-0.04635993
-0.04782409
-0.05075242
-0.05856024
-0.06221987
-0.0607557
-0.05782738
-0.04953254
-0.04953254
-0.06392831
-0.06392831
-0.05612049
-0.05368074
-0.04709123
-0.03757652
-0.02732738
-0.02732738
-0.02171658
