0.02244788
0.01366447
0.01342018
0.02171658
0.01878826
0.01878826
0.02391205
0.01903255
0.01927527
0.007563538
0.0004885725
-0.006343663
-0.007563538
-0.007563538
-0.005368074
-0.0009755891
-0.0007313028
0.002684037
-0.001464162
0.0002442863
-0.004392485
-0.004392485
-0.01024758
-0.006343663
0.001219875
0.002684037
-0.008540683
-0.02000813
-0.01878826
-0.03196416
-0.03196416
-0.04514005
-0.04953254
-0.04635993
-0.05123943
-0.06465962
-0.06465962
-0.05953583
-0.05953583
-0.06319545
-0.07051627
-0.07368731
-0.08369216
-0.08808465
-0.07588433
-0.07588433
-0.07368731
-0.07417589
-0.07368731
-0.07246744
-0.07271173
-0.07124756
-0.08564334
-0.08564334
-0.09320843
-0.08784036
-0.09637949
-0.08393645
-0.07466446
-0.0773485
-0.08686477
-0.09223129
-0.0912557
-0.0912557
-0.1000407
-0.09076868
-0.08954725
-0.0946726
-0.09149998
-0.09149998
-0.1012605
-0.1012605
-0.1137036
-0.1166319
-0.1134593
-0.1134593
-0.1073599
-0.09028011
-0.09028011
