0.8679086
0.8737637
0.8737637
0.8808402
0.8840113
0.8898679
0.9020683
0.9008484
0.8910878
0.8910878
0.8776676
0.8691285
0.8561953
0.8566839
0.8444836
0.8400927
0.8400927
0.8174005
0.8174005
0.810324
0.7866562
0.7495683
0.7068679
0.6758794
0.6444038
0.6444038
0.6168321
0.6002393
0.5831595
0.5524153
0.5138647
0.4892198
0.4767767
0.4767767
0.4516433
0.4199234
0.38064
0.3455032
0.3181759
0.3023159
0.265228
0.2198436
0.2198436
0.1866596
0.1585993
0.1215114
0.07515148
0.0173241
-0.01366447
-0.01366447
-0.02976869
-0.06783222
-0.08247229
-0.08247229
-0.08979154
-0.09784365
-0.1088241
-0.124684
-0.1259039
-0.1259039
-0.1017476
-0.07368731
-0.04733552
-0.03708794
-0.03001142
-0.01781267
-0.01781267
-0.003903912
0.002684037
0.005368074
0.002684037
0.002684037
-0.001464162
-0.001464162
-0.001464162
0.009271986
0.004392485
0.0004885725
0.001952734
0.01707981
0.01707981
0.002684037
0.002684037
