0.08979154
0.06612378
0.06612378
0.0697834
0.0690521
0.0780798
0.0863762
0.0863762
0.0863762
0.08491204
0.07832409
0.07588433
0.07417589
0.06539247
0.06783222
0.06783222
0.06539247
0.05978011
0.05465633
0.05880453
0.05563192
0.05050813
0.04928825
0.04928825
0.05294788
0.05807167
0.05392347
0.05050813
0.05368074
0.04831266
0.03611235
0.0336726
0.0336726
0.03806353
0.03464819
0.02195931
0.01342018
-0.004392485
-0.004392485
-0.02415633
-0.02415633
-0.01976385
-0.0222036
-0.02049671
-0.02928012
-0.03830782
-0.03074428
-0.03074428
-0.04343161
-0.05465633
-0.05563192
-0.0558762
-0.05685179
-0.04904397
-0.04904397
-0.06343974
-0.08979154
-0.08979154
-0.08125241
-0.08369216
-0.07881266
-0.08808465
-0.09028011
-0.1032117
-0.1032117
-0.1002834
-0.08930452
-0.07539576
-0.07539576
-0.09418402
-0.09930781
-0.09930781
-0.10614
-0.1019918
-0.103456
-0.112728
-0.09857651
-0.07515148
-0.07417589
