0.8149607
0.8254526
0.8308207
0.8310634
0.8115438
0.8115438
0.8256953
0.82228
0.813008
0.8164234
0.8271595
0.8332604
0.8291122
0.8300878
0.8300878
0.8296008
0.8252083
0.8247197
0.8252083
0.8225242
0.8147165
0.8147165
0.8139836
0.8139836
0.8127637
0.8215487
0.831552
0.8352116
0.8310634
0.8232556
0.8230113
0.8230113
0.8242327
0.8296008
0.8300878
0.8359445
0.8400927
0.8374086
0.8374086
0.8349673
0.8210601
0.8161806
0.8193517
0.8225242
0.8274038
0.8274038
0.8247197
0.8230113
0.8339917
0.8422881
0.8335047
0.8254526
0.8254526
0.8444836
0.8254526
0.8086155
0.803736
0.82228
0.8439966
0.8454607
0.8498517
0.8444836
0.8396041
0.8396041
0.8291122
0.8330162
0.8259396
0.8088598
0.8247197
0.8149607
0.8149607
0.8227686
0.8232556
0.8147165
0.8191074
0.8110552
0.8132523
0.8144721
0.8144721
0.8283794
0.8305764
0.8271595
0.8283794
0.8112996
0.827648
0.8117881
0.8117881
0.8164234
0.8164234
0.8271595
0.834236
0.8459477
0.8544884
0.8701041
0.8798646
0.8798646
0.8671758
0.8718125
0.8988956
0.9169526
0.8935276
0.8644917
0.8483875
0.8483875
0.8483875
0.8493646
0.8393598
0.8147165
0.8215487
0.8361887
0.8220357
0.8220357
0.8112996
0.8061758
0.7986122
0.7837279
0.7925113
0.7854363
0.7683565
0.7683565
0.7624999
0.7605487
0.749324
0.7446887
0.7322442
0.7224836
0.7224836
0.6929607
0.6619722
0.6619722
0.6280553
0.6121954
0.6078044
0.6014608
0.5963354
0.5965797
0.5965797
0.5807198
0.5609559
0.5367996
0.5233794
0.5455846
0.5314316
0.5116677
0.5116677
0.4950764
0.493368
0.4726286
0.4492035
0.4418843
0.4133355
0.4133355
0.3403794
0.3403794
0.3235439
0.3115879
0.2952394
0.2840162
0.2840162
0.2691319
0.2691319
0.2620554
0.2583957
0.2569316
0.2564445
0.2508322
0.234728
0.2095961
0.2095961
0.2027638
0.1839756
0.1895879
0.1542084
0.1639674
0.1698241
0.1698241
0.1673843
0.1607964
0.1734837
0.1659202
0.1839756
0.1783648
0.1715325
0.1715325
0.1615277
0.1615277
0.1812915
0.2015439
0.2005683
0.1759235
