0.01903255
0.01049186
0.01659124
0.03049999
0.03049999
0.04440875
0.04855539
0.04709123
0.04172472
0.04294459
0.04367589
0.04367589
0.04343161
0.02757167
0.02122801
0.03001142
0.04318732
0.04489577
0.0395277
0.02757167
0.02757167
0.01488435
0.01415149
0.01293161
0.01293161
0.0131759
0.01195602
0.01195602
0.008052111
-0.002195464
0.004148198
0.008783413
-0.006099377
-0.02269217
-0.04050328
-0.03855211
-0.03635664
-0.03635664
-0.04392018
-0.05856024
-0.06856353
-0.06514819
-0.06514819
-0.04099186
-0.02732738
-0.04514005
-0.04514005
-0.06514819
-0.07515148
-0.0829593
-0.08466775
-0.08466775
-0.0863762
-0.07417589
-0.07978825
-0.08930452
-0.09345272
-0.1251726
-0.115412
-0.115412
-0.09223129
-0.07612862
-0.07515148
-0.07295601
-0.08857166
-0.09784365
