0.4975162
0.4345635
0.4206563
0.4206563
0.3886921
0.3625846
0.3391596
0.3154918
0.2915798
0.2513208
0.2113045
0.2113045
0.1729967
0.1493274
0.1200472
0.09735663
0.06514819
0.03733223
0.03733223
-0.0009755891
-0.0009755891
-0.01512863
-0.009271986
-0.004148198
0.003903912
0.005368074
0.005123788
-0.00341534
-0.00341534
-0.004148198
0
0.006099377
0
-0.01146745
-0.01951956
-0.01951956
-0.02854726
-0.02952441
-0.03489248
-0.05001955
-0.05368074
-0.05685179
-0.0607557
-0.0607557
-0.05758465
-0.05514335
-0.04611564
-0.04074757
-0.0312313
-0.0131759
-0.0131759
-0.005856646
0.004879501
0.01073615
0.01561565
0.01195602
0.01683552
0.03171987
0.01634851
0.02928012
0.02928012
0.03513677
0.03171987
