0.8505845
0.8108125
0.8108125
0.7951953
0.7820194
0.7812881
0.7812881
0.7671366
0.7434673
0.7224836
0.6941806
0.6753924
0.6568484
0.6331806
0.6107327
0.6107327
0.5938957
0.5699837
0.5438761
0.5355797
0.5097165
0.5097165
0.4970276
0.4970276
0.4789722
0.4599397
0.4196807
0.3803957
0.347456
0.3320846
0.3320846
0.3193957
0.2815765
0.2444885
0.2213078
0.1981286
0.1605521
0.1207801
0.1207801
0.1019918
0.08125241
0.05612049
0.03220844
0.01829969
-0.0004885725
-0.0214723
-0.05465633
-0.0690521
-0.0690521
-0.1024804
-0.1085798
-0.1276123
-0.1346873
-0.173728
-0.173728
-0.2081319
-0.1651873
-0.1800717
-0.1573795
-0.1300521
-0.1112638
-0.0946726
-0.0946726
-0.07442018
-0.08491204
-0.08588763
