-0.0124446
-0.01220031
-0.01122472
-0.01122472
-0.008783413
-0.01268733
-0.01146745
-0.006099377
-0.005856646
-0.01000329
-0.01000329
-0.01707981
-0.01927527
-0.01659124
-0.01512863
-0.01464006
-0.01024758
-0.01756838
-0.01756838
-0.01366447
-0.01098043
-0.01585994
-0.0180554
-0.0222036
-0.04879968
-0.05368074
-0.05368074
-0.04879968
-0.03318403
-0.03391533
-0.05197229
-0.051728
-0.03830782
-0.04587136
-0.04587136
-0.04587136
-0.05368074
-0.04074757
-0.03611235
-0.04294459
-0.06221987
-0.06441533
-0.0649039
-0.0649039
-0.05904726
-0.05075242
-0.05758465
-0.06612378
-0.06392831
-0.05734036
-0.05734036
-0.05807167
-0.06148856
-0.04757981
-0.04026055
-0.06026869
-0.06880782
-0.07539576
-0.07783552
-0.07783552
-0.07100328
-0.07442018
-0.07564005
-0.08759607
-0.08466775
-0.07466446
-0.07588433
-0.0732003
