-0.5050797
-0.5233794
-0.5309445
-0.5309445
-0.5348485
-0.5365553
-0.5453403
-0.5489999
-0.5489999
-0.5526595
-0.5565634
-0.5526595
-0.5553436
-0.5565634
-0.5675439
-0.5807198
-0.5807198
-0.5763273
-0.5858436
-0.5858436
-0.5990195
-0.6078044
-0.627324
-0.6409885
-0.6444038
-0.6444038
-0.6563599
-0.6802719
-0.6968647
-0.6978403
-0.68564
-0.6822246
-0.6822246
-0.7073565
-0.7451758
-0.7481041
-0.7949526
-0.7876318
-0.8000764
-0.79178
-0.8156921
-0.8156921
-0.8313077
-0.8256953
-0.8439966
-0.8649803
-0.8703484
-0.8864526
-0.8805959
-0.8805959
-0.9006041
-0.9162197
-0.9110959
-0.909876
-0.9272001
-0.9398875
-0.9328125
-0.9379363
-0.9406204
-0.9308598
-0.9332995
-0.9542832
-0.9591643
-0.9447685
-0.9598956
-0.9598956
-0.9811236
-0.9784396
-0.9759998
-0.9811236
-0.9921041
-0.9921041
-0.9940552
-0.9830763
-0.9703875
-0.9637995
-0.9786839
-0.9928353
-1.0004
-1.0004
-0.9750242
-0.9750242
-0.9972278
-1.0065
-0.9874673
-0.9855161
-0.9835634
-0.9835634
-0.9718516
