-0.5080081
-0.5365553
-0.5370439
-0.5228924
-0.5228924
-0.526552
-0.5111806
-0.4792165
-0.4757996
-0.4833647
-0.4801921
-0.4792165
-0.4792165
-0.4894641
-0.4894641
-0.4965406
-0.4919038
-0.4845846
-0.4879999
-0.4845846
-0.4838517
-0.4838517
-0.4789722
-0.4584755
-0.4677475
-0.4782394
-0.4892198
-0.4894641
-0.4894641
-0.5058126
-0.4987361
-0.5043485
-0.5072768
-0.5002002
-0.5163044
-0.5397279
-0.5397279
-0.5216725
-0.514596
-0.5531481
-0.5685195
-0.5843794
-0.5838924
-0.5838924
-0.5917002
-0.5948713
-0.5948713
-0.6036562
-0.6136595
-0.6270797
-0.6451367
-0.6685601
-0.6934478
-0.6934478
-0.718824
-0.718824
-0.7178484
-0.7405406
-0.7422475
-0.7551806
-0.7676237
-0.7676237
-0.7768956
-0.8012963
-0.8252083
-0.8391155
-0.8513158
-0.8676643
-0.8676643
-0.8525357
-0.8686399
-0.8686399
-0.8937718
-0.8759607
-0.8918207
-0.9152442
-0.9171953
-0.9306155
-0.9306155
-0.9557474
-0.9557474
-0.9918598
-0.9784396
-0.9711204
-0.9711204
-0.9896643
-0.9896643
-0.9855161
-0.9855161
-1.007964
-0.9989363
-0.9903956
-1.010648
-1.010648
-0.9818565
-0.9786839
-0.9925926
-0.9925926
-1.009428
-0.9977164
-0.9789281
-0.9813679
-0.9813679
-0.9972278
-0.9755128
-0.9520878
