-0.5133761
-0.5304559
-0.5304559
-0.5594918
-0.599508
-0.6095113
-0.5977996
-0.5831595
-0.5831595
-0.5980439
-0.6092686
-0.6197605
-0.6143924
-0.5951155
-0.5826725
-0.5902361
-0.5902361
-0.5943843
-0.6207361
-0.6397686
-0.6222002
-0.6563599
-0.7066237
-0.7066237
-0.7505438
-0.7398077
-0.7524966
-0.7624999
-0.7510324
-0.7363924
-0.7268761
-0.7217523
-0.7217523
-0.7207767
-0.7507882
-0.7544478
-0.7437116
-0.76128
-0.7883646
-0.8298435
-0.8298435
-0.8564396
-0.8749836
-0.8879167
-0.8996285
-0.8784005
-0.8910878
-0.9594086
-0.8854755
-0.8854755
-0.9086562
-0.9106073
-0.9408646
-0.9464754
-0.9264688
-0.9264688
-0.9106073
