-0.6285439
-0.6575797
-0.694912
-0.694912
-0.6587996
-0.6758794
-0.7034526
-0.7410276
-0.7571318
-0.7788484
-0.7788484
-0.7959282
-0.8003207
-0.797148
-0.7754315
-0.7678679
-0.742736
-0.7388321
-0.7388321
-0.7481041
-0.7703077
-0.7781155
-0.7927556
-0.810324
-0.8091041
-0.8349673
-0.831552
-0.831552
-0.8483875
-0.8649803
-0.8969445
-0.9215878
-0.9423288
-0.9372035
-0.9372035
-0.9303728
-0.9406204
-0.9362279
-0.9308598
-0.925736
-0.9272001
-0.9272001
-0.9447685
-0.9625797
-0.9625797
-0.9764884
-0.9818565
-0.9852718
-1.001132
-1.00772
-1.003329
-0.9857604
-0.9750242
-0.9750242
-0.9637995
-0.9637995
-0.9718516
-0.980148
-1.000156
-1.001376
-1.001376
-1.007964
-1.00528
-0.9999119
-0.9903956
-0.9860047
-0.9860047
-0.9860047
-0.9860047
-0.9884444
-1.002352
-0.9852718
-1.015285
-0.9991806
-0.9991806
-0.9789281
-0.9899086
-0.9713646
-0.9259803
-0.9079233
-0.9228077
