-0.5697393
-0.5736433
-0.5736433
-0.5675439
-0.5660797
-0.5597361
-0.5712035
-0.5721806
-0.5868207
-0.5868207
-0.5834038
-0.5873078
-0.5863321
-0.5794999
-0.5865764
-0.5865764
-0.5909674
-0.5943843
-0.5943843
-0.59414
-0.5948713
-0.6046318
-0.6173207
-0.6234201
-0.633912
-0.633912
-0.6580683
-0.6592882
-0.6441595
-0.6505048
-0.6692914
-0.6653875
-0.6653875
-0.6895438
-0.7017442
-0.7146758
-0.7115048
-0.7241921
-0.7424917
-0.7578647
-0.7546921
-0.7546921
-0.7578647
-0.7598158
-0.7905601
-0.7947083
-0.810324
-0.8242327
-0.8366758
-0.8498517
-0.8688842
-0.8688842
-0.8825487
-0.8818158
-0.8803517
-0.9042637
-0.8976758
-0.8976758
-0.8974315
-0.9040194
-0.9128044
-0.9113402
-0.9169526
-0.9210992
-0.9289086
-0.9289086
-0.9330568
-0.9332995
-0.9489167
-0.9467197
-0.9501366
-0.9662408
-0.9679477
-0.9679477
-0.9750242
-0.9842963
-0.9967393
-1.006988
-1.010159
-1.004791
-1.004791
-1.010892
-1.003816
-0.9928353
-0.9879559
-0.9850276
