-0.5790113
-0.5846237
-0.5846237
-0.5824282
-0.5887719
-0.5887719
-0.5980439
-0.6036562
-0.5980439
-0.5980439
-0.5921888
-0.6058517
-0.6092686
-0.6226888
-0.6390358
-0.6592882
-0.6592882
-0.6768565
-0.6768565
-0.6919836
-0.6978403
-0.7051595
-0.7083321
-0.7158957
-0.7385879
-0.7385879
-0.7546921
-0.7556676
-0.7629884
-0.8044673
-0.8644917
-0.86742
-0.86742
-0.8759607
-0.8786448
-0.8888924
-0.8881595
-0.8866953
-0.8876725
-0.8766921
-0.8398484
-0.8398484
-0.8296008
-0.8296008
-0.858148
-0.8632718
-0.8813273
-0.8796204
-0.8949917
-0.8949917
-0.9306155
-0.9484282
-0.937692
-0.9691676
-0.9830763
-0.9869803
-0.9779526
-0.9740487
-0.9740487
-0.9440357
-0.9637995
-0.9569673
-0.9362279
-0.9313484
-0.9391562
-0.9559917
-0.9559917
