-0.6500162
-0.7546921
-0.7546921
-0.7515194
-0.7383435
-0.7456644
-0.7429803
-0.7522523
-0.7522523
-0.7527393
-0.7661595
-0.7966595
-0.8159363
-0.8215487
-0.80764
-0.80764
-0.8078842
-0.8139836
-0.8247197
-0.8171562
-0.8357002
-0.8503402
-0.8593679
-0.8722996
-0.8722996
-0.8864526
-0.8801073
-0.8898679
-0.9147556
-0.9340324
-0.9330568
-0.9330568
-0.9206122
-0.9184167
-0.9184167
-0.9406204
-0.92842
-0.9074363
-0.9159755
-0.9062164
-0.9062164
-0.9020683
-0.9247604
-0.935008
-0.9128044
-0.8957246
-0.8805959
-0.9035324
-0.9035324
-0.9362279
-0.94428
-0.9357393
-0.9245161
-0.9572116
-0.9572116
-0.965508
-0.965508
-0.9352522
-0.9550161
-0.9489167
-0.9003598
-0.9591643
-0.9762442
-0.9818565
-0.9818565
-0.9857604
-0.9725845
