-0.7556676
-0.7507882
-0.7407833
-0.7295601
-0.73078
-0.7476155
-0.7476155
-0.7517637
-0.7578647
-0.7588403
-0.7566448
-0.7583517
-0.7539607
-0.7566448
-0.7566448
-0.7522523
-0.7449315
-0.7422475
-0.7410276
-0.7407833
-0.7366366
-0.7346839
-0.7261432
-0.7261432
-0.7156514
-0.7193125
-0.7249234
-0.7193125
-0.6968647
-0.7166285
-0.7476155
-0.7488354
-0.7488354
-0.7305357
-0.7295601
-0.7410276
-0.7634755
-0.7898273
-0.8352116
-0.8771806
-0.8771806
-0.8891366
-0.8998728
-0.916464
-0.9345194
-0.9550161
-0.9752685
-0.9752685
-0.9996676
-0.9955194
-1.012112
-1.018212
-1.015041
-1.00894
-1.00894
-1.021384
-1.00894
-1.012112
-1.019189
-1.029192
-1.026508
-1.022604
-1.016747
-1.004549
-1.004549
-1.000156
-0.9923484
-0.9850276
-0.9830763
-0.9752685
-0.9823435
-0.9823435
-0.9850276
-0.9925926
-0.9877115
-0.9840519
-0.9908842
-0.9962522
-0.9928353
-0.9850276
-0.9850276
-0.9759998
-0.9806366
-0.9799038
-0.9852718
