-0.5409478
-0.5375324
-0.5724234
-0.5724234
-0.551684
-0.5653484
-0.575596
-0.5982882
-0.6121954
-0.6031677
-0.5460716
-0.6248842
-0.6248842
-0.6583126
-0.6873484
-0.725412
-0.7507882
-0.7666481
-0.7617686
-0.7393207
-0.7393207
-0.7598158
-0.7634755
-0.7749445
-0.797148
-0.7578647
-0.7405406
-0.7405406
-0.7507882
-0.7395634
-0.7654282
-0.7180927
-0.7351725
-0.7588403
-0.7869005
-0.8008077
-0.8383842
-0.8383842
-0.8525357
-0.8269168
-0.8003207
-0.7722604
-0.7788484
-0.8420438
-0.8420438
-0.8664445
-0.888648
-0.9135357
-0.89792
-0.9074363
-0.9440357
-0.9196366
-0.9020683
-0.9020683
-0.9396448
-0.9054836
-0.8735194
-0.8708354
-0.8471676
-0.8552197
-0.8552197
