-0.7756758
-0.6914966
-0.6914966
-0.7078435
-0.742736
-0.7283403
-0.7227279
-0.7405406
-0.7739673
-0.7739673
-0.7773842
-0.7854363
-0.8027604
-0.8039803
-0.8091041
-0.8403354
-0.8818158
-0.88328
-0.88328
-0.8896236
-0.9108517
-0.9369607
-0.9525763
-0.9332995
-0.9218321
-0.9218321
-0.9128044
-0.9074363
-0.923052
-0.9535519
-0.9882001
-0.9713646
-0.9642881
-0.9564803
-0.9564803
-0.9652637
-0.9486725
-0.9635568
-0.9606284
-0.9603842
-0.9650194
-0.9620926
-0.9620926
-0.9838077
-1.00406
-1.000888
-1.00406
-1.007233
-1.019189
-1.019189
-1.021873
-0.9994233
-1.00772
-0.9864917
-0.9742914
-0.9864917
-1.00162
-0.9994233
-0.9882001
-0.9882001
-0.9891757
-0.9796594
-0.9769754
-0.9850276
-1.00284
-0.9925926
-0.9925926
-0.9862474
-0.9972278
-0.9950324
-1.011868
-1.020164
-1.020164
-0.9872246
-0.9872246
-0.9347637
-0.9347637
-1.008695
-1.042612
-1.026508
-1.011624
