-0.7046725
-0.7110162
-0.7110162
-0.7134559
-0.7176041
-0.7115048
-0.697596
-0.6836888
-0.6636806
-0.6636806
-0.6597767
-0.6722198
-0.6795406
-0.6751481
-0.6627035
-0.6614836
-0.6761237
-0.6761237
-0.7066237
-0.7666481
-0.7954396
-0.8259396
-0.8252083
-0.862052
-0.8442393
-0.8442393
-0.8408239
-0.8454607
-0.8559526
-0.8715683
-0.8986514
-0.9264688
-0.9501366
-0.9501366
-0.9821008
-1.00406
-1.020164
-1.041392
-1.039928
-1.03822
-1.041392
-1.03334
-1.03334
-1.016747
-0.9967393
-0.9833207
-0.9855161
-0.9869803
-0.9847832
-0.98942
-0.9921041
-0.9921041
-0.9982035
-1.005769
-1.010892
-1.012843
-1.009917
-1.009917
-1.011137
-1.015041
-1.021628
-1.017236
-1.010159
-0.9852718
-0.9860047
-0.9835634
-0.9835634
-1.010892
-1.012112
-0.9821008
-0.9755128
-0.9713646
-0.9759998
-0.9759998
-0.9874673
