-0.5743761
-0.6185406
-0.6185406
-0.6663647
-0.6749038
-0.6746595
-0.6907637
-0.6907637
-0.7044282
-0.7100406
-0.7163842
-0.7151644
-0.6968647
-0.6773435
-0.6590438
-0.6614836
-0.6614836
-0.6775879
-0.6853957
-0.6607523
-0.6458679
-0.6534315
-0.6705113
-0.6880797
-0.6880797
-0.7124803
-0.7456644
-0.7542035
-0.7656725
-0.7795797
-0.7793354
-0.7881204
-0.7881204
-0.7851921
-0.7915357
-0.8054445
-0.8134966
-0.8120324
-0.8052002
-0.8012963
-0.8178875
-0.8230113
-0.8247197
-0.8247197
-0.8486318
-0.8696155
-0.8893794
-0.9062164
-0.9054836
-0.9054836
-0.8996285
-0.9079233
-0.9181725
-0.9113402
-0.8962116
-0.8879167
-0.8879167
-0.904508
-0.9132914
-0.8906008
-0.8752279
-0.8884038
-0.9052393
-0.9052393
-0.9418402
-0.9703875
-1.004549
-1.004549
-1.015041
-1.015041
-1.008695
-1.00284
-1.000645
-1.000645
-0.9813679
-0.9598956
-0.9572116
-0.9474526
-0.9555047
-0.9628239
-0.9667279
-0.9667279
-0.9857604
-0.9921041
-0.9901513
-0.9891757
-1.000888
-1.000888
-0.9925926
-0.9925926
-0.9950324
-0.9925926
-0.9752685
