-0.1698241
-0.1627475
-0.1710439
-0.1881238
-0.1881238
-0.2198436
-0.2059364
-0.2054479
-0.1871482
-0.1871482
-0.1747036
-0.1634804
-0.1647003
-0.1668957
-0.1664087
-0.1683599
-0.1822687
-0.1747036
-0.1722638
-0.1825114
-0.1825114
-0.1820244
-0.1705554
-0.07222471
-0.06807651
-0.1361515
-0.222772
-0.222772
-0.1969087
-0.2034967
-0.1488404
-0.09881923
-0.05368074
-0.03659937
-0.06807651
-0.06807651
-0.1356644
-0.07466446
0.05734036
0.1239527
0.0214723
0.00341534
0.01171174
0.01171174
0.06051142
0.06856353
0.04245602
0.02830453
0.07637135
0.07539576
0.09589247
0.09589247
0.04928825
