-0.01268733
0.01268733
0.01268733
-0.006343663
-0.0124446
-0.005368074
-0.02440062
-0.02440062
-0.03611235
-0.04050328
-0.04099186
-0.03830782
-0.03879639
-0.03025571
-0.01585994
-0.01585994
-0.02244788
-0.03098857
-0.04343161
-0.04514005
-0.02854726
-0.01927527
-0.01927527
-0.01927527
-0.02269217
0.01171174
0.02073944
0.02952441
0.02513192
0.01415149
-0.005856646
0.02171658
0.02171658
0.05416775
0.04782409
0.03562378
0.05758465
0.08271657
0.1017476
0.09613676
0.07710421
0.07710421
0.08857166
0.1049202
0.0912557
0.0739316
0.05929154
0.07368731
0.07368731
0.08173943
0.08173943
0.1912964
0.08588763
0.1124837
0.1124837
0.1383485
0.1383485
0.1337117
0.1212687
0.1024804
0.1141922
0.1293192
0.1285879
0.1222443
0.1266368
0.1266368
0.1771433
0.1771433
0.1283436
0.1085798
0.07710421
0.06173129
0.06173129
0.06929639
0.1085798
