0.2056921
0.2103274
0.1886123
0.1510358
0.1510358
0.1420081
0.1493274
0.1473762
0.1544527
0.1610407
0.1507915
0.157868
0.157868
0.1417638
0.1417638
0.1542084
0.1612834
0.155184
0.1654316
0.145912
0.1420081
0.1483518
0.1483518
0.1605521
0.1790961
0.1827557
0.1851954
0.1783648
0.1888566
0.1888566
0.1761677
0.1759235
0.1744593
0.1744593
0.1851954
0.1707997
0.1729967
0.157868
0.157868
0.1632361
0.1910521
0.1969087
0.1734837
0.1659202
0.1554283
0.1554283
0.1749479
0.1664087
0.1600635
0.1605521
0.1873925
0.1900765
0.1861726
0.1485961
0.1485961
0.1261482
0.1117524
0.1110195
0.1190717
0.1288322
0.1298078
0.122
0.122
0.1056515
0.1249283
0.1495717
0.1332247
0.1080912
0.08808465
0.09491532
0.09491532
0.1149235
0.1378599
0.1349316
0.1188274
0.10614
0.1212687
0.1376156
0.1376156
0.1483518
0.1529886
0.1629918
0.1466433
0.1422524
0.1485961
0.1546954
0.1546954
0.1898322
0.2393647
0.1654316
0.09784365
0.06954067
0.08320359
0.08320359
0.1439593
