-0.7329755
-0.7334641
-0.7444445
-0.7395634
-0.7395634
-0.7402963
-0.7776285
-0.7773842
-0.7671366
-0.7666481
-0.7717718
-0.7717718
-0.7337083
-0.7112604
-0.7071123
-0.7151644
-0.7019885
-0.6766123
-0.6590438
-0.6709999
-0.6709999
-0.6304966
-0.5858436
-0.5526595
-0.5455846
-0.5192327
-0.4767767
-0.4767767
-0.4582328
-0.4267556
-0.3830797
-0.2893843
-0.2532719
-0.2686433
-0.3079283
-0.2793795
-0.2300928
-0.2300928
-0.2017882
-0.1849527
-0.185684
-0.1639674
-0.1639674
-0.1434723
-0.1266368
-0.1027247
-0.1027247
-0.09271986
-0.082228
-0.06514819
-0.05636477
-0.05636477
-0.02610751
-0.03391533
-0.03806353
-0.02000813
0.08369216
0.08832738
0.006343663
0.006343663
-0.03415962
-0.1085798
-0.1005277
-0.08686477
-0.01073615
0.06709937
