-0.0009755891
0.01781267
0.01781267
0.04392018
0.06758794
0.07954396
0.06319545
0.06319545
0.05709608
0.06685664
0.09174427
0.09833222
0.08784036
0.07954396
0.08442346
0.08442346
0.1063843
0.1295635
0.1390798
0.1729967
0.1805602
0.1773876
0.1666515
0.1615277
0.2125244
0.2125244
0.2486367
0.2422915
0.255956
0.2840162
0.3132963
0.3584364
0.3999153
0.3669755
0.3157361
0.3157361
0.2500993
0.1893436
0.1634804
0.1444479
0.1288322
0.1288322
0.1354202
0.2030081
0.2474153
0.2657166
0.2915798
0.2954837
0.2796237
0.2796237
0.2530276
0.2147198
0.1939804
0.1912964
0.1803159
0.1910521
0.1910521
0.2039837
0.2061807
0.2020325
0.1966644
0.1854397
0.1766563
0.1844641
0.1844641
0.194956
0.1866596
0.1727524
0.1649446
0.1564039
0.2164283
0.2164283
0.2452198
0.185684
0.1327361
0.09711234
0.1439593
0.1861726
0.2139885
0.2132557
0.2037394
0.2037394
0.1893436
0.176412
