0.2310683
0.2276514
0.1866596
0.1583566
0.1749479
0.1942247
0.1942247
0.1983713
0.1983713
0.1795846
0.1769006
0.1769006
0.1937361
0.2137443
0.1964201
0.2283843
0.2283843
0.2459527
0.2144756
0.2310683
0.1954446
0.1942247
0.1942247
0.1493274
0.1493274
0.1144364
0.1327361
0.1293192
0.2213078
0.255956
0.2354593
0.1776319
0.1776319
0.1776319
0.1603078
0.1773876
0.1803159
0.2093518
0.1749479
0.1749479
0.1790961
0.1851954
0.1851954
0.173728
0.1324918
0.1232199
0.1422524
0.1776319
0.1776319
0.1722638
0.164456
0.1344446
0.1080912
0.1122394
0.1205358
0.1205358
0.1029674
0.09930781
0.1102882
0.1505472
0.1505472
0.1668957
0.1510358
0.1439593
0.1439593
0.2195993
0.1876367
0.09833222
0.1015033
0.1517687
0.1798274
