0.2056921
0.1839756
0.1839756
0.1942247
0.1842199
0.1661644
0.1556726
0.1534756
0.1568925
0.1568925
0.1622605
0.1827557
0.1969087
0.1947117
0.2017882
0.2047165
0.2239918
0.2239918
0.2086205
0.1420081
0.173728
0.2247247
0.1656759
0.1327361
0.05441204
0.05441204
0.07490875
0.140544
0.1527443
0.1747036
0.1632361
0.1681156
0.176412
0.176412
0.1595765
0.1527443
0.1307834
0.1051645
0.1361515
0.1468876
0.1217557
0.1166319
0.1166319
0.08344787
0.07246744
0.05929154
0.07027198
0.06661235
0.07588433
0.08540061
0.09564818
0.09564818
0.08662049
0.08442346
0.09564818
0.08466775
0.08588763
0.08588763
0.09564818
0.1151677
0.1215114
0.1222443
0.112728
0.1002834
0.09149998
0.127368
0.127368
0.2242361
0.2178925
0.1283436
0.07100328
0.06807651
0.1232199
0.1232199
0.1756807
