-0.2257003
-0.2166726
-0.2308241
-0.2135
-0.2135
-0.2159397
-0.2191123
-0.225456
-0.2442442
-0.2591286
-0.2784039
-0.3074397
-0.3074397
-0.3442834
-0.3442834
-0.3415993
-0.3174445
-0.3252524
-0.3389153
-0.3328159
-0.3411123
-0.3411123
-0.3557524
-0.3555081
-0.3037801
-0.2708403
-0.2525406
-0.2422915
-0.2530276
-0.2530276
-0.2454641
-0.2415602
-0.2364364
-0.2413159
-0.2257003
-0.2159397
-0.2005683
-0.2005683
-0.1627475
-0.1529886
-0.1661644
-0.1456677
-0.1324918
-0.1351759
-0.1185846
-0.1185846
-0.1049202
-0.08271657
-0.08662049
-0.07539576
-0.02366776
-0.02366776
0.001464162
-0.02049671
-0.02049671
-0.007807824
0.006099377
0.02903583
0.05856024
0.06856353
0.07051627
0.07051627
0.07856838
0.06099999
-0.009760559
-0.01976385
0.007076522
0.04514005
0.04514005
0.0829593
0.04440875
0.01415149
0.001219875
-0.03489248
-0.02244788
-0.04367589
-0.009760559
