0.2481482
0.2620554
0.25864
0.2444885
0.2444885
0.2369234
0.2479039
0.2818208
0.3172003
0.3333045
0.3433078
0.3403794
0.3403794
0.3367198
0.2823078
0.2498566
0.2154527
0.1371286
0.09076868
0.07027198
0.07027198
0.03171987
0.002928323
-0.02537621
-0.03781925
-0.07271173
-0.04904397
-0.04733552
-0.04733552
-0.09247557
-0.1115081
-0.143228
-0.1925162
-0.2408274
-0.2205765
-0.2293599
-0.2337524
-0.2337524
-0.255956
-0.2669364
-0.1693355
-0.164456
-0.188368
-0.2481482
-0.2481482
-0.1564039
-0.03904068
-0.06173129
-0.05758465
-0.004392485
0.01878826
-0.03635664
0.03781925
0.07929967
0.07929967
0.0829593
0.09808794
0.1054087
0.09881923
0.1037003
0.1037003
0.1017476
0.07198042
0.04123614
0.007807824
0.004392485
0.01634851
-0.007076522
-0.02171658
-0.02171658
-0.02854726
-0.03342832
-0.04635993
-0.06246415
-0.07198042
-0.1017476
-0.09979638
-0.09979638
-0.10614
-0.1107753
-0.1334674
-0.1310277
-0.1410325
-0.1488404
-0.1310277
-0.1222443
-0.1222443
-0.1119967
-0.1093127
-0.09564818
-0.08051955
-0.07539576
-0.06856353
-0.06856353
-0.06221987
-0.06856353
-0.07246744
-0.07442018
-0.07564005
-0.07564005
-0.09223129
-0.1132166
-0.1132166
-0.1237084
-0.1290765
-0.1395684
-0.1454235
-0.1464006
-0.1420081
-0.1427394
-0.1427394
-0.155184
-0.1402997
-0.1359087
-0.1185846
-0.1097997
-0.1097997
-0.1044316
-0.09198856
-0.08051955
-0.07832409
-0.07783552
-0.07978825
-0.0780798
-0.06929639
-0.07881266
-0.09491532
-0.09491532
-0.09076868
-0.09076868
-0.0773485
-0.08686477
-0.09271986
-0.09271986
-0.07246744
-0.04757981
-0.04123614
-0.04465148
-0.03293975
-0.01610422
-0.01464006
-0.01464006
-0.01000329
-0.007076522
-0.007076522
-0.01561565
-0.02293646
-0.02562049
-0.0336726
-0.0336726
-0.03611235
-0.05929154
-0.05929154
-0.07198042
-0.1215114
-0.127368
-0.1244397
-0.1783648
-0.1900765
-0.1952003
-0.1952003
-0.1444479
-0.06246415
-0.1424967
-0.1046759
-0.1046759
-0.07832409
-0.06295273
-0.09198856
-0.08735178
-0.0641726
-0.0641726
-0.09686806
-0.08784036
-0.07198042
-0.07222471
-0.07222471
-0.07222471
-0.082228
-0.08076384
-0.08515632
-0.08418074
-0.09149998
-0.09149998
-0.07929967
-0.07929967
-0.05758465
-0.05392347
-0.0468485
-0.04562863
-0.05563192
-0.05563192
-0.06270844
-0.07051627
-0.07271173
-0.08247229
-0.08686477
-0.0871075
-0.004879501
-0.004879501
-0.001952734
-0.05734036
-0.1210244
-0.1066286
