0.1969087
0.2076433
0.2076433
0.1849527
0.1546954
0.1295635
0.1073599
0.1122394
0.1122394
0.1322476
0.1527443
0.1525
0.1442036
0.1476205
0.145912
0.145912
0.1302964
0.1376156
0.1612834
0.1937361
0.2444885
0.2705961
0.2608355
0.2608355
0.2359478
0.2271644
0.2315554
0.2488795
0.2518078
0.2562003
0.2659593
0.3069527
0.3069527
0.3655114
0.3894234
0.3777117
0.3823484
0.4116286
0.4130927
0.3933273
0.3933273
0.3662442
0.3555081
0.3684397
0.3684397
0.3796644
0.3723436
0.3874722
0.3874722
0.404552
0.3977198
0.38064
0.3760048
0.3742963
0.3772247
0.3530683
0.3516042
0.3516042
0.3618518
0.3662442
0.3662442
0.3540439
0.3372084
0.338184
0.338184
0.3442834
0.3130521
0.2488795
0.2579087
0.4570113
0.4589641
0.2742557
0.2742557
0.1727524
0.1939804
0.2288713
0.2642524
0.3206156
0.3864966
0.4345635
