-0.05563192
-0.08198372
-0.08198372
-0.0912557
-0.08271657
-0.10614
-0.1217557
-0.1139479
-0.1139479
-0.127368
-0.1351759
-0.122
-0.1254153
-0.1263925
-0.1163876
-0.1151677
-0.1151677
-0.1112638
-0.112728
-0.1083355
-0.08881595
-0.1124837
-0.08954725
-0.06197558
-0.06197558
-0.07027198
-0.07173613
-0.0641726
-0.01366447
-0.002195464
-0.02000813
-0.02000813
-0.02415633
-0.0007313028
0.01976385
0.03757652
0.04782409
0.03611235
0.02415633
0.03757652
0.03757652
0.05221658
0.03781925
0.03513677
0.03464819
0.03513677
0.06197558
0.06197558
0.07222471
0.07368731
0.08515632
0.07881266
0.07076055
0.07198042
0.0871075
0.0871075
0.09906352
0.09686806
0.09076868
0.08979154
0.10614
0.115412
0.110044
0.09613676
0.09613676
0.1068713
0.09735663
0.07442018
0.08100812
0.1488404
0.09296415
0.09296415
0.05978011
0.04001627
0.0468485
0.02122801
0.02659608
0.08344787
