0.1866596
0.1888566
0.1888566
0.1320033
0.09662377
0.07637135
0.08857166
0.04196744
0.04196744
0.06392831
0.1149235
0.09906352
0.09589247
0.1283436
0.1376156
0.1346873
0.1117524
0.1117524
0.05831595
0.04270031
0.07198042
0.06612378
0.03806353
0.01659124
0.01659124
-0.006099377
-0.01122472
-0.03318403
-0.06612378
-0.0946726
-0.08808465
-0.07515148
-0.07685993
-0.1027247
-0.1027247
-0.09003583
-0.08588763
-0.05612049
-0.03318403
-0.02610751
-0.01561565
-0.01561565
-0.001952734
0
0
-0.01683552
-0.02903583
-0.04196744
-0.04514005
-0.04489577
-0.04489577
-0.01878826
-0.01512863
-0.03659937
-0.05001955
-0.04855539
-0.0395277
-0.0395277
-0.04416447
-0.04709123
-0.07295601
-0.07344458
-0.1071156
-0.08881595
-0.05514335
-0.05856024
-0.03098857
0.0007313028
0.0007313028
0.002928323
-0.004392485
0.01024758
0.06368402
0.0180554
0.0180554
-0.07832409
-0.07832409
-0.05123943
