-0.1346873
-0.1385928
-0.1398126
-0.1439593
-0.1439593
-0.1568925
-0.1542084
-0.1625033
-0.1556726
-0.1593322
-0.1681156
-0.16714
-0.16714
-0.1688485
-0.1698241
-0.1847084
-0.1666515
-0.1376156
-0.1166319
-0.09271986
-0.09028011
-0.09028011
-0.1088241
-0.1066286
-0.1337117
-0.1747036
-0.1873925
-0.1925162
-0.1925162
-0.22814
-0.2976807
-0.3664885
-0.2542475
-0.2037394
-0.1522557
-0.1522557
0.08979154
0.08979154
0.07978825
0.06124428
-0.009516273
-0.05636477
-0.0222036
0.06197558
0.1310277
0.1310277
0.1307834
0.1085798
0.07661564
0.06246415
0.06709937
0.04196744
0.04196744
0.08979154
0.1115081
0.1124837
0.06758794
