-0.0336726
-0.04123614
-0.04026055
-0.04782409
-0.04489577
-0.04392018
-0.04392018
-0.05685179
-0.05685179
-0.05807167
-0.05685179
-0.04977527
-0.05441204
-0.04587136
-0.04831266
-0.04465148
-0.04904397
-0.04660422
-0.05270359
-0.05270359
-0.04635993
-0.04538434
-0.04611564
-0.05465633
-0.05221658
-0.04806838
-0.04806838
-0.04392018
-0.04733552
-0.04977527
-0.04953254
-0.0509967
-0.05416775
-0.04611564
-0.05026384
-0.05368074
-0.05197229
-0.05123943
-0.05368074
-0.05953583
-0.05465633
-0.05148372
-0.05929154
-0.06587949
-0.07564005
-0.06636807
-0.05416775
-0.05416775
-0.03440391
-0.02244788
-0.02244788
-0.02415633
-0.03562378
-0.0558762
-0.07710421
-0.1012605
-0.115412
-0.1302964
-0.1424967
-0.1205358
-0.1205358
-0.09174427
-0.03245273
-0.01195602
0.04904397
0.122
0.1798274
0.1798274
0.2276514
0.2547361
0.3052442
0.3125635
0.3325716
0.3542882
0.3542882
0.4406644
0.4897084
0.5436319
0.5902361
0.6614836
0.7310243
0.7576204
0.7812881
0.8444836
0.8937718
0.8574167
0.8366758
0.8366758
0.8303321
0.8073956
0.8732767
0.8559526
0.8220357
0.8220357
0.8220357
0.8156921
0.8300878
0.8308207
0.8447279
0.8762035
0.9049966
0.9318354
0.9452556
0.9115845
0.8525357
0.7883646
0.749324
0.7361481
0.7041839
0.6685601
0.6331806
0.5287475
0.4848273
0.4409087
0.4001596
0.3403794
0.2061807
0.1227313
0.07588433
0.04294459
0.04294459
-0.09930781
-0.1776319
-0.2410716
-0.2464397
-0.2339967
-0.2840162
-0.2840162
-0.3008518
-0.3084153
-0.298412
-0.3110993
-0.3037801
-0.3037801
-0.2764527
-0.2598599
-0.2698647
-0.2471726
-0.2408274
-0.2386319
-0.2386319
-0.2244804
-0.2278957
-0.2183795
-0.222772
-0.2203322
-0.2203322
-0.2061807
-0.2064234
-0.2015439
-0.1905635
-0.1822687
-0.1593322
-0.1593322
-0.1373713
-0.1373713
-0.1356644
-0.1322476
-0.1166319
-0.1097997
-0.1097997
-0.1095554
-0.1095554
-0.1000407
-0.09833222
-0.09369545
-0.09345272
-0.09345272
-0.06612378
-0.0739316
-0.0905244
-0.09540389
-0.09637949
-0.1024804
-0.0946726
-0.0946726
-0.09808794
-0.1083355
-0.1654316
-0.1888566
-0.1605521
-0.1605521
-0.1156563
-0.07783552
-0.1012605
-0.06539247
-0.0124446
-0.0124446
0.003172609
0.02171658
-0.02562049
-0.01195602
0.001708448
-0.002439751
-0.01537136
-0.01561565
-0.01781267
-0.04514005
-0.0509967
-0.03928341
0.003172609
0.003172609
-0.006343663
-0.06319545
-0.1180961
-0.1249283
-0.08564334
-0.08686477
-0.08686477
-0.07661564
0.100772
0.08515632
0.0004885725
0.0002442863
-0.09003583
-0.09003583
0.01464006
0.01464006
0.02952441
-0.04050328
-0.07124756
-0.01976385
-0.01976385
0.003172609
0.01512863
-0.005368074
-0.03855211
-0.01293161
0.01464006
-0.01610422
0
-0.01098043
-0.1056515
0.02098372
0.1917834
-0.1093127
-0.1000407
0.05807167
0.05807167
0.04904397
0.003172609
0.06099999
0.06099999
0.0353795
-0.003903912
0.008540683
0.0173241
0.02952441
-0.002195464
-0.04392018
-0.02000813
-0.01488435
-0.0312313
-0.03415962
-0.02879155
