-0.9864917
-0.9925926
-0.03342832
-0.01854397
-0.01854397
-0.03098857
-0.03098857
-0.02708466
-0.02708466
-0.03147558
-0.03147558
-0.02488763
-0.02488763
-0.02610751
-0.03440391
-0.02171658
-0.02171658
-0.02171658
-0.02464335
-0.03220844
-0.03220844
-0.02562049
-0.03245273
-0.03318403
-0.03196416
-0.03293975
-0.03293975
-0.03098857
-0.03098857
-0.03147558
-0.03245273
-0.03245273
-0.02757167
-0.02952441
-0.03171987
-0.02732738
-0.03049999
-0.03049999
-0.02122801
-0.01610422
0.02171658
0.03806353
0.05050813
0.06831924
0.1041873
0.1285879
0.1320033
0.1288322
0.1049202
0.07198042
-0.05856024
-0.1603078
-0.1603078
-0.255956
-0.2910928
-0.3933273
-0.5236237
-0.59414
-0.6007279
-0.6007279
-0.636596
-0.7395634
-0.7432246
-0.7446887
-0.7712833
-0.7712833
-0.7942197
-0.80642
-0.8391155
-0.8498517
-0.8308207
-0.8154477
-0.8178875
-0.8178875
-0.8132523
-0.8083728
-0.7668924
-0.7649396
-0.7649396
-0.7442002
-0.7178484
-0.7451758
-0.7722604
-0.7485927
-0.7410276
-0.7410276
-0.7032083
-0.6712442
-0.6444038
-0.5868207
-0.4679918
-0.3733208
-0.3479445
-0.3225683
-0.2156954
-0.09564818
-0.01098043
0.03074428
0.04221173
0.04221173
0.06173129
0.07271173
0.05319216
0.06465962
0.05416775
0.04660422
0.05294788
0.06612378
0.09833222
0.1315162
0.1542084
0.1537199
0.1703126
0.1703126
0.1920277
0.1747036
0.1715325
0.1300521
0.1346873
0.1346873
0.1427394
0.1361515
0.1112638
0.1112638
0.1205358
0.1371286
0.1232199
0.1232199
0.1037003
0.1056515
0.1037003
0.09662377
0.09808794
0.09540389
0.09198856
0.08613191
0.08735178
0.09735663
0.09857651
0.09198856
0.09198856
0.0871075
0.09637949
0.09979638
