-0.08320359
-0.07637135
-0.07417589
-0.07539576
-0.07710421
-0.07466446
-0.07637135
-0.07637135
-0.07588433
-0.07295601
-0.07246744
-0.07002769
-0.07051627
-0.06465962
-0.06465962
-0.07100328
-0.0690521
-0.06392831
-0.0641726
-0.06661235
-0.06514819
-0.06514819
-0.06246415
-0.06539247
-0.07978825
-0.08027527
-0.08613191
-0.1005277
-0.1005277
-0.1119967
-0.1227313
-0.1193159
-0.1146807
-0.1107753
-0.08466775
-0.03513677
0.0558762
0.1700684
0.25864
0.3369641
0.3840553
0.4445683
0.4445683
0.4923924
0.5221595
0.5514396
0.5499755
0.5499755
0.5465602
0.5294803
0.5138647
0.5036156
0.4982475
0.5033713
0.5084966
0.5319201
0.5319201
0.5455846
0.5353354
0.5184999
0.4950764
0.4950764
0.5023957
0.511912
0.5285048
0.5380195
0.5099608
0.5055683
0.5131319
0.5131319
0.3716123
0.2776726
0.206912
0.1317605
0.02318074
-0.1227313
-0.2198436
-0.2030081
-0.1317605
-0.06148856
-0.1427394
-0.1249283
-0.1249283
-0.08003253
-0.08613191
-0.08784036
-0.02464335
-0.009760559
-0.04611564
-0.04611564
-0.09296415
-0.007076522
-0.01512863
-0.02122801
-0.003172609
-0.003172609
-0.03708794
-0.04782409
-0.03269546
-0.02464335
-0.006099377
-0.0180554
-0.007076522
-0.003172609
-0.003172609
-0.01293161
0.0002442863
0.02708466
-0.008783413
-0.008783413
-0.03147558
0.009271986
0.004392485
0.0007313028
-0.03342832
-0.01781267
-0.01781267
-0.01146745
0.02488763
0.04392018
0.02562049
-0.05148372
-0.03928341
-0.03928341
-0.03440391
-0.007076522
0.01342018
0.002684037
0.04367589
0.03586807
0.05612049
0.05612049
0.06831924
0.01707981
0.09735663
0.09735663
0.03220844
0.03245273
0.05270359
0.05880453
0.02854726
0.02025242
0.003172609
