-1.009184
-0.9911284
-0.0641726
-0.0641726
-0.06587949
-0.06587949
-0.06661235
-0.06539247
-0.06539247
-0.06734365
-0.0649039
-0.07027198
-0.06807651
-0.06563676
-0.06563676
-0.0641726
-0.07149185
-0.05392347
-0.04538434
-0.05416775
-0.05416775
-0.06465962
-0.0780798
-0.08906023
-0.08344787
-0.08003253
-0.07149185
-0.05636477
-0.0558762
-0.06099999
-0.06246415
-0.06295273
-0.04806838
-0.04172472
-0.04172472
-0.02781596
-0.006587949
-0.002439751
-0.0124446
-0.03757652
-0.06026869
-0.06026869
-0.06197558
-0.1466433
-0.1749479
-0.2100846
-0.2544918
-0.2544918
-0.3996725
-0.4352963
-0.5087394
-0.5443647
-0.5524153
-0.5563207
-0.5060553
-0.5138647
-0.5546123
-0.5633957
-0.5470487
-0.5541237
-0.566324
-0.5302116
-0.5302116
-0.5433875
-0.5511954
-0.5402165
-0.5494885
-0.5653484
-0.5653484
-0.6302523
-0.648552
-0.6314722
-0.5704722
-0.5033713
-0.4011367
-0.3330602
-0.3591677
-0.3618518
-0.2925554
-0.09881923
-0.09881923
0.0180554
0.1371286
0.2200879
0.1110195
0.06929639
0.04879968
0.01342018
0.01342018
0.02659608
0.01951956
0.01464006
-0.01878826
-0.0607557
-0.0697834
-0.04416447
-0.007319252
-0.03635664
-0.03635664
-0.03708794
-0.001464162
-0.005123788
-0.0124446
-0.0124446
-0.03318403
-0.03806353
-0.02854726
-0.01073615
-0.04318732
-0.03611235
-0.0173241
-0.02122801
-0.04440875
-0.02610751
-0.01366447
-0.02464335
-0.03489248
-0.03464819
-0.03074428
-0.03220844
-0.02318074
-0.002195464
-0.04001627
-0.04001627
-0.0468485
-0.004392485
-0.04635993
-0.06880782
-0.06514819
-0.06514819
-0.04343161
-0.04904397
-0.01781267
-0.03220844
-0.04635993
-0.051728
-0.06221987
-0.06221987
