-0.9935682
-0.9786839
-0.06880782
-0.06880782
-0.06807651
-0.06807651
-0.06807651
-0.0697834
-0.07124756
-0.07076055
-0.07076055
-0.0641726
-0.06246415
-0.06465962
-0.07149185
-0.06441533
-0.06856353
-0.06441533
-0.06221987
-0.0641726
-0.06392831
-0.07295601
-0.07466446
-0.0773485
-0.07515148
-0.07588433
-0.07515148
-0.07368731
-0.07490875
-0.07222471
-0.07076055
-0.06880782
-0.06368402
-0.07246744
-0.0780798
-0.0780798
-0.08100812
-0.07612862
-0.06758794
-0.07198042
-0.07442018
-0.07978825
-0.07978825
-0.06734365
-0.06709937
-0.07149185
-0.06661235
-0.0641726
-0.06246415
-0.06246415
-0.06734365
-0.07271173
-0.06685664
-0.06929639
-0.07515148
-0.07515148
-0.07539576
-0.07661564
-0.082228
-0.07539576
-0.07198042
-0.07417589
-0.07417589
-0.07490875
-0.07124756
-0.06929639
-0.06807651
-0.0697834
-0.07124756
-0.06856353
-0.07222471
-0.07442018
-0.07027198
-0.07173613
-0.07198042
-0.07173613
-0.07173613
-0.07246744
-0.07222471
-0.06734365
-0.06929639
-0.07368731
-0.07466446
-0.07466446
-0.06929639
-0.06563676
-0.07246744
-0.07490875
-0.07783552
-0.07466446
-0.07246744
-0.07149185
-0.06758794
-0.07076055
-0.06734365
-0.07027198
-0.07295601
-0.0690521
-0.07027198
-0.07198042
-0.07222471
-0.07246744
-0.06880782
-0.06758794
-0.06758794
-0.07076055
-0.06685664
-0.06685664
-0.07051627
-0.07051627
-0.07539576
-0.07124756
-0.07246744
-0.07198042
-0.06954067
-0.06709937
-0.06709937
-0.07149185
-0.07368731
-0.07271173
-0.07051627
-0.07100328
-0.07027198
-0.07271173
-0.07051627
-0.07051627
-0.06831924
-0.06758794
-0.07027198
-0.07100328
-0.07100328
-0.06661235
-0.06758794
-0.07076055
-0.07149185
-0.0649039
-0.06709937
-0.06709937
-0.07173613
-0.07271173
-0.07344458
-0.07100328
-0.07271173
-0.0690521
-0.0690521
-0.07027198
-0.07149185
-0.06929639
-0.07100328
-0.0697834
-0.06954067
-0.06685664
-0.06954067
-0.0732003
-0.0739316
-0.06929639
-0.06685664
-0.06441533
-0.06954067
-0.07002769
-0.07173613
-0.07149185
-0.06709937
-0.05953583
-0.05953583
-0.06270844
-0.06856353
-0.0732003
-0.07490875
-0.07198042
-0.06661235
-0.06661235
-0.07246744
-0.07490875
-0.07002769
-0.06685664
-0.06661235
-0.06612378
-0.06124428
-0.06636807
-0.0697834
-0.07417589
-0.07222471
-0.07222471
-0.07100328
-0.0690521
-0.0690521
-0.06734365
-0.06734365
-0.06831924
-0.06856353
-0.06929639
-0.06929639
-0.07295601
-0.0739316
-0.0690521
-0.06807651
-0.06612378
-0.06661235
-0.06636807
-0.06661235
-0.06709937
-0.07124756
-0.07466446
-0.07173613
-0.06831924
-0.06831924
-0.06880782
-0.06539247
-0.06734365
-0.07100328
-0.07100328
-0.06709937
-0.06709937
-0.07027198
-0.06807651
-0.07222471
-0.06880782
-0.06807651
-0.06807651
-0.06709937
-0.0697834
-0.06807651
-0.06734365
-0.0690521
-0.06807651
-0.06685664
-0.06856353
-0.06954067
-0.06734365
-0.06807651
-0.06807651
-0.07076055
-0.07076055
-0.06734365
-0.06539247
-0.06856353
-0.06856353
-0.06856353
-0.06783222
-0.06783222
-0.06807651
-0.06929639
-0.07271173
-0.06709937
-0.0641726
-0.06856353
-0.06856353
-0.07149185
-0.06587949
-0.06831924
-0.06539247
-0.0649039
-0.0649039
-0.06465962
-0.06685664
-0.0690521
-0.06514819
-0.06685664
-0.06709937
-0.06831924
-0.06514819
-0.06514819
-0.06514819
-0.0641726
-0.06441533
-0.06343974
-0.06343974
-0.06319545
-0.06685664
-0.06661235
-0.06831924
-0.06685664
-0.06685664
-0.05929154
-0.06465962
-0.06197558
-0.06392831
-0.06539247
-0.06270844
-0.06099999
-0.06173129
-0.06441533
-0.06319545
-0.06173129
-0.06441533
-0.06319545
-0.06319545
-0.05880453
-0.0566075
-0.0600244
-0.0607557
-0.06099999
-0.06099999
-0.0607557
-0.0607557
-0.06246415
-0.05709608
-0.05538763
-0.06051142
-0.05904726
-0.05685179
-0.05758465
-0.06051142
-0.06099999
-0.0607557
-0.05831595
-0.06026869
-0.05465633
-0.05465633
-0.05392347
-0.05734036
-0.05685179
-0.05612049
-0.05612049
-0.06051142
-0.05758465
-0.0566075
-0.05831595
-0.05392347
-0.06831924
-0.04733552
-0.04879968
-0.04879968
-0.05514335
-0.0566075
-0.051728
-0.05001955
-0.05148372
-0.05392347
-0.05514335
-0.05416775
-0.0509967
-0.05270359
-0.05538763
-0.05368074
-0.05368074
-0.04806838
-0.04904397
-0.05392347
-0.05026384
-0.05294788
-0.04953254
-0.05319216
-0.05319216
-0.0509967
-0.05123943
-0.05001955
-0.05001955
-0.04904397
-0.0509967
-0.05148372
-0.05441204
-0.05245931
-0.04953254
-0.04953254
-0.04855539
-0.05075242
-0.04928825
-0.05001955
-0.04782409
-0.05050813
-0.05050813
-0.05612049
-0.05148372
-0.05026384
-0.05075242
-0.051728
-0.04904397
-0.04757981
-0.0468485
-0.0468485
-0.04953254
-0.05319216
-0.05343645
-0.04782409
-0.04757981
-0.04757981
-0.04831266
-0.04977527
-0.04977527
-0.05123943
-0.05123943
-0.05245931
-0.05148372
-0.04831266
-0.05001955
-0.04904397
-0.04074757
-0.04538434
-0.04806838
-0.05026384
-0.04904397
-0.04635993
-0.051728
-0.051728
-0.05123943
-0.05221658
-0.04611564
-0.04318732
-0.04270031
-0.04879968
-0.05245931
-0.05148372
-0.05197229
-0.04367589
-0.04611564
-0.04392018
-0.04709123
-0.04660422
-0.04514005
-0.04757981
-0.05050813
-0.05075242
-0.04782409
-0.04270031
-0.04245602
-0.04270031
-0.04270031
-0.0468485
-0.04733552
-0.04172472
-0.04245602
-0.04245602
-0.04611564
-0.04831266
-0.04587136
-0.04709123
-0.04392018
-0.04489577
-0.04440875
-0.04587136
-0.04562863
-0.04660422
-0.04294459
-0.03928341
-0.03928341
-0.03855211
-0.03855211
-0.04050328
-0.04196744
-0.05392347
-0.0468485
-0.02976869
-0.02976869
-0.02952441
-0.03001142
-0.03220844
-0.02513192
-0.02513192
-0.02391205
-0.02537621
-0.02537621
-0.02708466
-0.02854726
-0.03074428
-0.03342832
-0.03342832
-0.03001142
-0.03001142
-0.02928012
-0.03196416
-0.0312313
-0.0312313
-0.03098857
-0.03245273
-0.0336726
-0.03049999
-0.03489248
-0.03806353
-0.03781925
-0.03513677
-0.02488763
-0.02342347
-0.03074428
-0.02903583
-0.02781596
-0.02781596
-0.03196416
-0.03611235
-0.03708794
-0.0336726
-0.04050328
-0.03977198
-0.03318403
-0.03318403
-0.02952441
-0.04099186
-0.04026055
-0.03586807
-0.02586322
-0.02586322
-0.02903583
-0.03245273
-0.03489248
-0.0395277
-0.0395277
-0.03586807
-0.03293975
-0.03001142
-0.03196416
-0.03586807
-0.03635664
-0.03659937
-0.03659937
-0.03562378
-0.03562378
-0.03708794
-0.03904068
-0.03464819
-0.03635664
-0.03635664
-0.03562378
-0.03684366
-0.03562378
-0.03757652
-0.03879639
-0.03904068
-0.03733223
-0.03684366
-0.03659937
-0.03830782
-0.03562378
-0.03855211
-0.03855211
-0.03928341
-0.03904068
-0.03513677
-0.03855211
-0.03830782
-0.03830782
-0.03855211
-0.03855211
-0.03781925
-0.03342832
-0.03659937
-0.04074757
-0.03562378
-0.03562378
-0.0353795
-0.03879639
-0.04123614
-0.03708794
-0.03586807
-0.03464819
-0.03928341
-0.03904068
-0.03806353
-0.03562378
-0.03562378
-0.03830782
-0.03830782
-0.03855211
-0.03708794
-0.04245602
-0.03904068
-0.03781925
-0.03586807
-0.03830782
-0.03733223
-0.03830782
-0.03733223
-0.03635664
-0.03977198
-0.03928341
-0.04026055
-0.04026055
-0.03757652
-0.03757652
-0.03757652
-0.03733223
-0.03733223
-0.03586807
-0.03464819
-0.03293975
-0.03781925
-0.04148043
-0.04148043
-0.04514005
-0.04099186
-0.03415962
-0.03684366
-0.03635664
-0.03879639
-0.03659937
-0.03342832
-0.0353795
-0.03904068
-0.03781925
-0.03708794
-0.04221173
-0.04001627
-0.04001627
-0.03708794
-0.03855211
-0.03757652
-0.03342832
-0.03586807
-0.03586807
-0.03879639
-0.03708794
-0.03464819
-0.03611235
-0.03904068
-0.03830782
-0.03635664
-0.04001627
-0.03855211
-0.04001627
-0.03977198
-0.04221173
-0.04074757
-0.03781925
-0.03391533
-0.03318403
-0.03635664
-0.03806353
-0.03855211
-0.03611235
-0.03611235
-0.0353795
-0.0395277
-0.0395277
-0.03855211
-0.0353795
-0.03684366
-0.03830782
-0.04026055
-0.03806353
-0.03830782
-0.03684366
-0.03513677
-0.04221173
-0.03757652
-0.03684366
-0.03562378
-0.0353795
-0.03928341
-0.03928341
-0.03781925
-0.03806353
-0.03635664
-0.04099186
-0.03757652
-0.03708794
-0.03635664
-0.03733223
-0.03928341
-0.03659937
-0.0336726
-0.03293975
-0.03586807
-0.03904068
-0.03904068
-0.03855211
-0.03513677
-0.03611235
-0.03830782
-0.0395277
-0.0395277
-0.04026055
-0.03733223
-0.03147558
-0.03733223
-0.04221173
-0.04001627
-0.04001627
-0.03757652
-0.04001627
-0.03855211
-0.03562378
-0.03245273
-0.03781925
-0.03318403
-0.05148372
-0.04514005
-0.04221173
-0.03245273
-0.03293975
-0.03293975
-0.03830782
-0.04221173
-0.04148043
-0.04123614
-0.03733223
-0.03342832
-0.03928341
-0.03928341
-0.04904397
-0.04270031
-0.03684366
-0.03781925
-0.03806353
-0.04514005
-0.04343161
-0.03855211
-0.03708794
-0.03440391
-0.04221173
-0.04148043
-0.04148043
-0.04123614
-0.03879639
-0.04196744
-0.04001627
-0.04001627
-0.03806353
-0.03806353
-0.04440875
-0.04196744
-0.03879639
-0.03977198
-0.04050328
-0.04099186
-0.04050328
-0.04148043
-0.04074757
-0.04074757
-0.04123614
-0.04196744
-0.03904068
-0.03904068
-0.04221173
-0.03806353
-0.04148043
-0.04148043
-0.03659937
-0.04148043
-0.04148043
-0.04294459
-0.03879639
-0.04367589
-0.04465148
-0.04050328
-0.03586807
-0.03440391
-0.04050328
-0.04465148
-0.04074757
-0.03635664
-0.04123614
-0.04172472
-0.03806353
-0.03977198
-0.03562378
-0.03879639
-0.03904068
-0.04050328
-0.04050328
-0.03806353
-0.04074757
-0.04074757
-0.03806353
-0.03684366
-0.03684366
-0.04440875
-0.04123614
-0.03659937
-0.03586807
-0.03684366
-0.03757652
-0.03757652
-0.0395277
-0.04001627
-0.04196744
-0.03879639
-0.03781925
-0.03733223
-0.03904068
-0.03904068
-0.03830782
-0.03928341
-0.03977198
-0.03708794
-0.03708794
-0.03684366
-0.04050328
-0.04050328
-0.03830782
-0.03806353
-0.03684366
-0.04001627
-0.03977198
-0.03781925
-0.03733223
-0.0395277
-0.03855211
-0.03708794
-0.03708794
-0.03659937
-0.03855211
-0.04099186
-0.04099186
-0.03781925
-0.03684366
-0.03684366
-0.03562378
-0.03879639
-0.04074757
-0.04074757
-0.03855211
-0.04099186
-0.03781925
-0.03659937
-0.03611235
-0.03806353
-0.04148043
-0.03611235
-0.03708794
-0.03830782
-0.03830782
-0.04148043
-0.04074757
-0.03928341
-0.04221173
-0.04026055
-0.04074757
-0.03830782
-0.03708794
-0.04050328
-0.04050328
-0.03806353
-0.0395277
-0.04074757
-0.04074757
-0.03855211
-0.03977198
-0.03830782
-0.04221173
-0.03879639
-0.03879639
-0.04148043
-0.04148043
-0.03855211
-0.03904068
-0.04074757
-0.04074757
-0.04148043
-0.04001627
-0.03904068
-0.04172472
-0.04099186
-0.04074757
-0.0395277
-0.03781925
-0.04001627
-0.03708794
-0.04123614
-0.04099186
-0.04099186
-0.04172472
-0.04001627
-0.04123614
-0.04172472
-0.03904068
-0.03830782
-0.04026055
-0.04026055
-0.04172472
-0.04416447
-0.04196744
-0.03928341
-0.04294459
-0.04001627
-0.03928341
-0.03977198
-0.03928341
-0.03904068
-0.03928341
-0.04343161
-0.04489577
-0.04270031
-0.03928341
-0.03757652
-0.04196744
-0.04172472
-0.04099186
-0.04099186
-0.04196744
-0.04294459
-0.04050328
-0.04318732
-0.04074757
-0.03977198
-0.03684366
-0.03928341
-0.04074757
-0.0395277
-0.04221173
-0.04074757
-0.04270031
-0.04270031
-0.04026055
-0.04318732
-0.04221173
-0.03611235
-0.04074757
-0.04074757
-0.04074757
-0.04318732
-0.03684366
-0.03781925
-0.04343161
-0.0395277
-0.0395277
-0.03928341
-0.04001627
-0.03904068
-0.04001627
-0.0395277
-0.03830782
-0.03928341
-0.04026055
-0.03928341
-0.03830782
-0.04026055
-0.04416447
-0.04416447
-0.04318732
-0.03586807
-0.03586807
-0.04440875
-0.04172472
-0.03489248
-0.03489248
-0.03489248
-0.04270031
-0.04294459
-0.03879639
-0.03586807
-0.03391533
-0.04270031
-0.04245602
-0.04635993
-0.03904068
-0.03464819
-0.03708794
-0.03708794
-0.04001627
-0.04392018
-0.04343161
-0.0353795
-0.03635664
-0.04270031
-0.04367589
-0.04367589
-0.03586807
-0.03611235
-0.03684366
-0.03855211
-0.04026055
-0.03928341
-0.03611235
-0.03830782
-0.0395277
-0.03830782
-0.03855211
-0.03684366
-0.03684366
-0.04221173
-0.03781925
-0.03977198
-0.04221173
-0.04367589
-0.04392018
-0.04050328
-0.04050328
-0.03757652
-0.04001627
-0.03830782
-0.03611235
-0.03684366
-0.04343161
-0.04026055
-0.04733552
-0.04026055
-0.0395277
-0.04172472
-0.03684366
-0.04099186
-0.04099186
-0.03586807
-0.03196416
-0.03684366
-0.04465148
-0.04294459
-0.03757652
-0.03757652
-0.03586807
-0.03464819
-0.03708794
-0.03733223
-0.04148043
-0.04172472
-0.04099186
-0.0395277
-0.03757652
-0.04050328
-0.03440391
-0.04318732
-0.04099186
-0.03977198
-0.03659937
-0.03733223
-0.04440875
-0.04123614
-0.04465148
-0.04465148
-0.04026055
-0.04099186
-0.04099186
-0.03781925
-0.03733223
-0.03733223
-0.03733223
-0.03977198
-0.03806353
-0.03196416
-0.04440875
-0.04440875
-0.04733552
-0.0395277
-0.03464819
-0.03001142
-0.03879639
-0.04148043
-0.04148043
-0.03928341
-0.03855211
-0.03684366
-0.03928341
-0.04318732
-0.03928341
-0.03928341
-0.03635664
-0.04001627
-0.03635664
-0.03562378
-0.03635664
-0.04099186
-0.03879639
-0.0353795
-0.03855211
-0.03977198
-0.03757652
-0.03659937
-0.03733223
-0.03733223
-0.03830782
-0.0336726
-0.03855211
-0.04123614
-0.03928341
-0.03562378
-0.03562378
-0.03513677
-0.03855211
-0.04099186
-0.04050328
-0.03904068
-0.03977198
-0.03806353
-0.03562378
-0.03781925
-0.03757652
-0.03977198
-0.03879639
-0.03879639
-0.03806353
-0.03928341
-0.03904068
-0.0395277
-0.03855211
-0.0395277
-0.0395277
-0.03928341
-0.04611564
-0.03708794
-0.04001627
-0.0336726
-0.0336726
-0.04074757
-0.03977198
-0.04050328
-0.03659937
-0.03489248
-0.04099186
-0.04099186
-0.04172472
-0.03879639
-0.03806353
-0.03659937
-0.03830782
-0.03611235
-0.03611235
-0.03684366
-0.04172472
-0.0395277
-0.03708794
-0.03489248
-0.03391533
-0.03635664
-0.04196744
-0.03757652
-0.03318403
-0.0312313
-0.0336726
-0.03269546
-0.03708794
-0.03708794
-0.03342832
-0.04026055
-0.03318403
-0.03391533
-0.03391533
-0.03220844
-0.03074428
-0.03513677
-0.0312313
-0.03245273
-0.03049999
-0.03049999
-0.0336726
-0.03220844
-0.03220844
-0.03171987
-0.03562378
-0.03391533
-0.03391533
-0.02903583
-0.02781596
-0.03293975
-0.03635664
-0.03611235
-0.03391533
-0.03391533
-0.03513677
-0.03464819
-0.03635664
-0.03220844
-0.02586322
-0.02586322
-0.02830453
-0.03562378
-0.03342832
-0.03464819
-0.03464819
-0.03464819
-0.0312313
-0.03586807
-0.03513677
-0.03147558
-0.0336726
-0.03391533
-0.03171987
-0.03171987
-0.03855211
-0.04221173
-0.04318732
-0.03684366
-0.03489248
-0.04318732
-0.04318732
-0.03562378
-0.03415962
-0.03830782
-0.03318403
-0.03415962
-0.03586807
-0.04026055
-0.03855211
-0.03513677
-0.03489248
-0.03781925
-0.04440875
-0.04050328
-0.04050328
-0.0336726
-0.03196416
-0.04099186
-0.04221173
-0.0395277
-0.03708794
-0.03708794
-0.04050328
-0.04026055
-0.03977198
-0.0336726
-0.03781925
-0.03904068
-0.03708794
-0.03440391
-0.03708794
-0.03562378
-0.03928341
-0.03928341
-0.04026055
-0.04099186
-0.0395277
-0.03659937
-0.04001627
-0.04148043
-0.04148043
-0.04172472
-0.04001627
-0.03928341
-0.04026055
-0.03635664
-0.0353795
-0.0353795
-0.03928341
-0.0395277
-0.04318732
-0.03904068
-0.03806353
-0.03611235
-0.0336726
-0.03928341
-0.04172472
-0.04123614
-0.04148043
-0.03733223
-0.03708794
-0.03855211
-0.03855211
-0.04196744
-0.03708794
-0.0312313
-0.03611235
-0.04123614
-0.04099186
-0.03659937
-0.04001627
-0.04148043
-0.04172472
-0.03781925
-0.03586807
-0.03635664
-0.04123614
-0.04099186
-0.03879639
-0.03830782
-0.03830782
-0.03806353
-0.03489248
-0.03879639
-0.03879639
-0.03757652
-0.04074757
-0.04270031
-0.04270031
-0.04099186
-0.04148043
-0.04123614
-0.04001627
-0.03830782
-0.03562378
-0.04465148
-0.04221173
-0.04221173
-0.03928341
-0.03855211
-0.03855211
-0.03806353
-0.03806353
-0.03830782
-0.03879639
-0.03977198
-0.0395277
-0.04294459
-0.03879639
-0.03879639
-0.03977198
-0.04026055
-0.04294459
-0.04099186
-0.03659937
-0.03489248
-0.03977198
-0.04294459
-0.04001627
-0.04245602
-0.03855211
-0.0395277
-0.0395277
-0.03977198
-0.04148043
-0.04123614
-0.03879639
-0.03879639
-0.04099186
-0.04099186
-0.04806838
-0.04514005
-0.03806353
-0.03806353
-0.03806353
-0.04026055
-0.04245602
-0.04440875
-0.03855211
-0.03830782
-0.04221173
-0.04587136
-0.04587136
-0.0395277
-0.03830782
-0.04001627
-0.04343161
-0.04221173
-0.03781925
-0.04026055
-0.04026055
-0.04123614
-0.04050328
-0.03781925
-0.03977198
-0.04074757
-0.04074757
-0.04367589
-0.04294459
-0.04074757
-0.03855211
-0.04001627
-0.04001627
-0.04245602
-0.04172472
-0.04026055
-0.0395277
-0.04026055
-0.04270031
-0.04270031
-0.03879639
-0.04099186
-0.04050328
-0.04270031
-0.04099186
-0.03635664
-0.03635664
-0.04148043
-0.04465148
-0.04514005
-0.04099186
-0.03781925
-0.04270031
-0.04270031
-0.04196744
-0.04196744
-0.04123614
-0.04245602
-0.05294788
-0.04416447
-0.04416447
-0.03781925
-0.04050328
-0.04026055
-0.04367589
-0.04343161
-0.04343161
-0.04343161
-0.04074757
-0.04123614
-0.04318732
-0.04050328
-0.04148043
-0.04123614
-0.04172472
-0.04635993
-0.04196744
-0.04123614
-0.0395277
-0.04440875
-0.04148043
-0.04148043
-0.04221173
-0.04416447
-0.04294459
-0.03830782
-0.04196744
-0.04196744
-0.04026055
-0.04245602
-0.04026055
-0.03928341
-0.04367589
-0.04196744
-0.04196744
-0.04123614
-0.04343161
-0.04318732
-0.04392018
-0.03977198
-0.04099186
-0.04099186
-0.04221173
-0.04318732
-0.04245602
-0.04367589
-0.04172472
-0.04172472
-0.04001627
-0.03879639
-0.04050328
-0.04367589
-0.04001627
-0.04196744
-0.04465148
-0.04294459
-0.04245602
-0.04245602
-0.04294459
-0.04099186
-0.04123614
-0.04123614
-0.04270031
-0.04099186
-0.04635993
-0.04294459
-0.04196744
-0.04050328
-0.04050328
-0.04245602
-0.04294459
-0.04221173
-0.04123614
-0.04148043
-0.04148043
-0.04538434
-0.04221173
-0.03879639
-0.03733223
-0.04026055
-0.04245602
-0.04245602
-0.0353795
-0.03830782
-0.0353795
-0.0468485
-0.051728
-0.051728
-0.04050328
-0.04050328
-0.04148043
-0.04318732
-0.04416447
-0.0395277
-0.04294459
-0.03904068
-0.0468485
-0.04416447
-0.0395277
-0.03684366
-0.03830782
-0.03879639
-0.04050328
-0.04050328
-0.04196744
-0.03611235
-0.04123614
-0.04221173
-0.04221173
-0.04318732
-0.04489577
-0.04489577
-0.04635993
-0.04026055
-0.0395277
-0.0395277
-0.04001627
-0.04270031
-0.04001627
-0.04245602
-0.03977198
-0.03977198
-0.0395277
-0.04050328
-0.04148043
-0.04221173
-0.04757981
-0.04465148
-0.04465148
-0.04343161
-0.04221173
-0.04001627
-0.04270031
-0.04318732
-0.04123614
-0.04074757
-0.04074757
-0.04270031
-0.04196744
-0.04050328
-0.04074757
-0.04148043
-0.04489577
-0.04562863
-0.04416447
-0.04026055
-0.04050328
-0.04635993
-0.04635993
-0.03977198
-0.04074757
-0.03904068
-0.04465148
-0.04489577
-0.04440875
-0.0468485
-0.0468485
-0.03659937
-0.03635664
-0.04392018
-0.04611564
-0.04416447
-0.03928341
-0.04416447
-0.04757981
-0.05001955
-0.04318732
-0.04245602
-0.03977198
-0.03977198
-0.04196744
-0.04123614
-0.03879639
-0.04416447
-0.04294459
-0.04148043
-0.04148043
-0.04465148
-0.04416447
-0.04074757
-0.03977198
-0.04196744
-0.04270031
-0.04367589
-0.04489577
-0.04465148
-0.04123614
-0.04050328
-0.04465148
-0.04465148
-0.04709123
-0.04367589
-0.04026055
-0.03928341
-0.04294459
-0.04416447
-0.04416447
-0.04099186
-0.03928341
-0.03708794
-0.0395277
-0.04123614
-0.04148043
-0.04148043
-0.04172472
-0.04123614
-0.03855211
-0.04001627
-0.03977198
-0.04026055
-0.04221173
-0.04074757
-0.04294459
-0.04440875
-0.04465148
-0.04001627
-0.04001627
-0.04172472
-0.04172472
-0.03659937
-0.03879639
-0.04050328
-0.04026055
-0.04026055
-0.04465148
-0.04611564
-0.04148043
-0.03977198
-0.03708794
-0.03879639
-0.04099186
-0.04221173
-0.03708794
-0.03318403
-0.0336726
-0.03781925
-0.04026055
-0.04026055
-0.03635664
-0.0312313
-0.04221173
-0.03879639
-0.04318732
-0.03733223
-0.03733223
-0.0336726
-0.03586807
-0.03855211
-0.03318403
-0.03220844
-0.03098857
-0.03001142
-0.03586807
-0.03659937
-0.03611235
-0.03733223
-0.03562378
-0.03562378
-0.04099186
-0.03757652
-0.03025571
-0.03757652
-0.04001627
-0.05319216
-0.05319216
-0.02879155
-0.0214723
-0.04294459
-0.04611564
-0.05075242
-0.03928341
-0.04806838
-0.04392018
-0.03635664
-0.03781925
-0.04831266
-0.04196744
-0.03708794
-0.03708794
-0.05441204
-0.02537621
-0.02610751
-0.07344458
-0.07173613
-0.01098043
-0.01098043
-0.02854726
-0.05929154
-0.0558762
-0.07149185
-0.04294459
-0.04294459
-0.05050813
-0.05026384
-0.06954067
-0.06709937
-0.04440875
0.01512863
0.01512863
-0.03415962
-0.001708448
0.001708448
-0.05685179
-0.05392347
-0.05392347
-0.06880782
-0.1864153
