-0.9925926
-0.9913728
-0.07661564
-0.07222471
-0.08515632
-0.08515632
-0.08515632
-0.08515632
-0.08515632
-0.08369216
-0.08369216
-0.07710421
-0.07637135
-0.07637135
-0.07710421
-0.07368731
-0.07685993
-0.07905539
-0.07637135
-0.07515148
-0.07929967
-0.08076384
-0.07929967
-0.07929967
-0.07929967
-0.07685993
-0.07661564
-0.0829593
-0.08344787
-0.08393645
-0.08393645
-0.07954396
-0.07661564
-0.07759123
-0.07442018
-0.07442018
-0.07612862
-0.07612862
-0.07954396
-0.07710421
-0.08418074
-0.09369545
-0.09979638
-0.1097997
-0.1376156
-0.1703126
-0.2081319
-0.2371677
-0.2437557
-0.2332638
-0.2291156
-0.2047165
-0.1803159
-0.1215114
-0.0739316
-0.02000813
-0.02000813
0.0566075
0.2261873
0.3062198
0.3811286
0.4599397
0.545096
0.5809641
0.6456237
0.7434673
0.8164234
0.8003207
0.7964168
0.8398484
0.9213435
0.9762442
0.9842963
0.9842963
0.9842963
0.9842963
0.9842963
0.9842963
-0.4570113
-0.4570113
-0.4738484
-0.4997117
-0.4997117
-0.5548565
-0.5851123
-0.59414
-0.59414
-0.59414
-0.6134152
-0.6295195
-0.6146367
-0.6212246
-0.6212246
-0.6209803
-0.6402556
-0.6505048
-0.6939363
-0.7166285
-0.7300487
-0.7742116
-0.7673794
-0.8335047
-0.8335047
-0.8515601
-0.8442393
-0.8796204
-0.919148
-0.9311041
-0.9479396
-0.9886887
-0.2200879
-0.2320439
-0.2430244
-0.2430244
-0.2430244
-0.2727915
-0.2630325
-0.2408274
-0.1834885
-0.1193159
-0.1700684
-0.1659202
-0.1659202
-0.1778762
-0.1810472
-0.183
-0.183
-0.1346873
-0.1254153
-0.1027247
-0.1444479
-0.131272
-0.1327361
-0.1276123
-0.1276123
-0.1107753
-0.06368402
-0.09174427
-0.115412
-0.1488404
-0.1488404
-0.09930781
-0.07612862
-0.08564334
-0.08003253
-0.08808465
-0.06685664
-0.03489248
-0.03733223
-0.01927527
-0.002439751
0.03001142
0.0131759
0.0131759
0.02708466
0.03513677
0.02025242
0.002684037
0.003659626
0.02610751
0.02610751
0.02000813
-0.008296397
-0.01659124
0.04343161
0.03440391
-0.04270031
-0.0395277
-0.05001955
0.004148198
0.03806353
0.05709608
0.02659608
0.02659608
-0.0009755891
-0.02171658
-0.01122472
0.009516273
0.01415149
0.02976869
0.03269546
0.03269546
0.02488763
0.01464006
