-0.9930797
-1.02236
-0.04245602
-0.00561236
-0.0214723
-0.02000813
-0.01781267
-0.01781267
-0.0222036
-0.02488763
-0.02244788
-0.02708466
-0.02049671
-0.01829969
-0.02464335
-0.02610751
-0.02976869
-0.02610751
-0.02732738
-0.02732738
-0.02781596
-0.03098857
-0.03098857
-0.02757167
-0.03025571
-0.03415962
-0.0312313
-0.02464335
-0.02586322
-0.02586322
-0.03245273
-0.02464335
-0.02025242
-0.02098372
-0.02464335
-0.01976385
-0.01756838
-0.02366776
-0.01634851
-0.01146745
-0.01781267
-0.01927527
-0.01927527
-0.01073615
0.0009755891
-0.0090277
-0.03147558
-0.02391205
-0.01683552
-0.02073944
-0.02073944
-0.02122801
-0.02440062
-0.02806024
-0.02391205
-0.02391205
-0.01951956
-0.01951956
-0.02122801
-0.02781596
-0.03025571
-0.0214723
-0.0214723
-0.02757167
-0.02854726
-0.02757167
-0.01585994
-0.01781267
-0.01781267
-0.01781267
-0.02000813
-0.03049999
-0.03562378
-0.02879155
-0.01268733
-0.0124446
-0.02318074
-0.0336726
-0.03025571
-0.02122801
-0.02464335
-0.02976869
-0.02562049
-0.02806024
-0.02708466
-0.02440062
-0.01293161
-0.03269546
-0.03464819
-0.02342347
-0.02342347
-0.01464006
-0.01488435
-0.01634851
-0.02195931
-0.02049671
-0.02366776
-0.02610751
-0.02610751
-0.02610751
-0.02415633
-0.0353795
-0.03879639
-0.02318074
-0.02318074
-0.02122801
-0.02488763
-0.02830453
-0.01976385
-0.01488435
-0.01488435
-0.02562049
-0.02244788
-0.02659608
-0.02562049
-0.02757167
-0.02830453
-0.0222036
-0.01537136
0.0002442863
0.003903912
-0.001952734
-0.008052111
-0.02122801
-0.02293646
-0.02562049
-0.02806024
-0.02440062
-0.03415962
-0.02757167
-0.01342018
-0.01342018
-0.01000329
-0.0180554
-0.02098372
-0.02195931
-0.02244788
-0.03977198
-0.02732738
-0.01976385
-0.01464006
-0.007563538
-0.01171174
-0.02073944
-0.0131759
-0.01195602
-0.01903255
-0.0263518
-0.02781596
-0.02342347
-0.02830453
-0.02830453
-0.02537621
-0.0131759
-0.01049186
-0.02049671
-0.02464335
-0.0214723
-0.0214723
-0.02342347
-0.0263518
-0.02366776
-0.01415149
-0.01195602
-0.01171174
-0.01903255
-0.01903255
-0.01585994
-0.01561565
-0.01073615
-0.01634851
-0.01634851
-0.02488763
-0.02781596
-0.03269546
-0.02049671
-0.01390876
-0.01707981
-0.0173241
-0.0173241
-0.02122801
-0.02440062
-0.01049186
-0.01049186
-0.007319252
-0.008052111
-0.01195602
-0.01195602
-0.01439577
-0.01561565
-0.01415149
-0.01707981
-0.01976385
-0.01220031
-0.01488435
-0.0124446
-0.0124446
-0.02318074
-0.02513192
-0.0263518
-0.01073615
-0.009516273
-0.01415149
-0.02000813
-0.02000813
-0.02049671
-0.01464006
-0.0090277
-0.01464006
-0.01415149
-0.01415149
-0.0180554
-0.01415149
-0.01293161
-0.0124446
-0.01415149
-0.007563538
-0.01073615
-0.01073615
-0.00561236
-0.0002442863
-0.003172609
-0.00341534
-0.00341534
-0.004636771
-0.009516273
-0.01122472
-0.0004885725
0.006587949
0.005123788
0.005123788
-0.004392485
-0.01146745
-0.02122801
-0.02073944
-0.0124446
-0.0312313
-0.02610751
-0.01561565
-0.01561565
-0.0131759
-0.009271986
-0.0124446
-0.0124446
-0.01220031
-0.0173241
-0.01561565
-0.01903255
-0.02415633
-0.01854397
-0.01854397
-0.01634851
0.001708448
0.002928323
0.00341534
0
-0.002195464
-0.004879501
0.0009755891
0.001464162
0.003172609
0.002439751
-0.01000329
-0.01464006
-0.01756838
-0.01756838
-0.01756838
-0.02684037
-0.02391205
-0.01415149
-0.008052111
-0.002684037
0.007319252
0.01195602
0.01854397
0.02025242
0.02757167
0.03269546
0.04099186
0.0468485
0.04635993
0.04392018
0.04611564
0.04733552
0.04733552
0.02513192
0.02513192
0.01537136
0.0009755891
-0.002684037
-0.01268733
-0.02879155
-0.03977198
-0.05490061
-0.06343974
-0.06368402
-0.06270844
-0.06173129
-0.06612378
-0.07466446
-0.07490875
-0.07612862
-0.07246744
-0.07588433
-0.08003253
-0.07515148
-0.07515148
-0.0690521
-0.05831595
-0.05880453
-0.0558762
-0.04465148
-0.03977198
-0.03513677
-0.03708794
-0.02854726
-0.03708794
-0.03245273
-0.03025571
-0.02415633
-0.02318074
-0.01854397
-0.01659124
-0.02098372
-0.02513192
-0.02269217
-0.02269217
-0.02366776
-0.02659608
-0.04416447
-0.04660422
-0.04026055
-0.02415633
-0.02415633
-0.02586322
-0.04318732
-0.02342347
-0.01854397
-0.0090277
-0.002195464
-0.01195602
-0.009271986
-0.004392485
-0.01146745
-0.01781267
-0.0214723
-0.02049671
-0.02122801
-0.02122801
-0.01951956
-0.01781267
-0.01829969
-0.02391205
-0.02391205
-0.02708466
-0.0312313
-0.02830453
-0.03415962
-0.03684366
-0.03635664
-0.03391533
-0.03757652
-0.04074757
-0.04099186
-0.03904068
-0.03513677
-0.03147558
-0.02659608
-0.02708466
-0.02440062
-0.03269546
-0.03269546
-0.02757167
-0.02195931
-0.02806024
-0.04343161
-0.05343645
-0.04831266
-0.04831266
-0.03879639
-0.0312313
-0.04123614
-0.04514005
-0.03781925
-0.0395277
-0.0395277
-0.04074757
-0.04123614
-0.03659937
-0.03879639
-0.03806353
-0.04050328
-0.04294459
-0.04294459
-0.04806838
-0.04172472
-0.03220844
-0.03293975
-0.03196416
-0.03708794
-0.03708794
-0.03830782
-0.03489248
-0.03098857
-0.03977198
-0.05123943
-0.05709608
-0.05392347
-0.04977527
-0.04026055
-0.03830782
-0.04367589
-0.05050813
-0.05734036
-0.05734036
-0.05880453
-0.05953583
-0.05368074
-0.05026384
-0.05050813
-0.05050813
-0.05441204
-0.05075242
-0.05001955
-0.06831924
-0.05807167
-0.05807167
-0.0566075
-0.05758465
-0.05319216
-0.0607557
-0.06587949
-0.07173613
-0.07173613
-0.07612862
-0.09881923
-0.1285879
-0.1268795
-0.1097997
-0.1002834
-0.1002834
-0.1110195
-0.1122394
-0.1129723
-0.09637949
-0.09174427
-0.09174427
-0.07954396
-0.06661235
-0.06124428
-0.07002769
-0.08149669
-0.06563676
-0.0641726
-0.07246744
-0.07027198
-0.08271657
-0.09589247
-0.09711234
-0.08979154
-0.08979154
-0.09564818
-0.1002834
-0.07539576
-0.06563676
-0.06685664
-0.06709937
-0.04953254
-0.05929154
-0.082228
-0.09955209
-0.1198045
-0.1134593
-0.09320843
-0.09320843
-0.08027527
-0.07856838
-0.08613191
-0.09320843
-0.08173943
-0.07051627
-0.0649039
-0.0649039
-0.06221987
-0.08979154
-0.09149998
-0.07856838
-0.06539247
-0.06539247
-0.051728
-0.05465633
-0.05514335
-0.05807167
-0.03440391
-0.00561236
-0.004636771
-0.01171174
-0.02269217
-0.002684037
0.01415149
-0.003172609
-0.003172609
-0.01390876
-0.03269546
-0.09076868
-0.1012605
-0.1373713
-0.1351759
-0.1351759
-0.02928012
-0.07881266
-0.05685179
-0.07637135
-0.07100328
-0.04538434
-0.07466446
-0.08491204
-0.07929967
-0.07929967
-0.08198372
-0.03586807
-0.02537621
-0.02537621
-0.03440391
-0.05904726
-0.04538434
-0.01951956
-0.0090277
-0.005123788
-0.004879501
-0.005856646
-0.007563538
-0.01585994
-0.01293161
-0.008783413
-0.008052111
-0.01146745
-0.01488435
-0.01122472
-0.004148198
-0.01024758
-0.01024758
-0.01146745
-0.01659124
-0.01342018
-0.005123788
-0.00341534
0.0007313028
0.007563538
0.007563538
-0.00341534
-0.0180554
-0.008783413
-0.003659626
-0.002439751
-0.002439751
-0.0124446
-0.01098043
-0.006099377
0.004879501
0.0007313028
-0.01000329
-0.01000329
-0.01000329
-0.005123788
-0.01659124
-0.01512863
-0.009760559
-0.00561236
-0.01000329
-0.01000329
-0.006587949
-0.007319252
-0.004148198
-0.004148198
-0.01098043
-0.01878826
-0.02244788
-0.01122472
-0.008540683
-0.0090277
-0.01024758
-0.001219875
-0.003903912
0.0007313028
-0.004392485
-0.007319252
-0.01220031
-0.01220031
-0.006343663
-0.006343663
-0.01634851
0.006832235
0.005856646
0.0180554
0.02562049
0.0180554
0.02244788
0.04148043
0.02195931
0.04245602
0.03342832
0.04611564
0.04489577
0.0395277
0.02659608
0.03098857
0.04440875
0.06392831
0.08344787
0.08344787
0.07832409
0.03977198
0.03879639
0.02440062
0.02659608
0.03464819
0.03464819
0.0002442863
-0.004148198
0.001219875
0.01024758
0.01024758
0.02684037
0.02708466
0.02464335
0.02928012
0.03611235
0.02903583
0.03464819
0.02586322
0.02586322
0.02488763
0.03635664
0.02830453
0.02415633
0.02562049
0.02562049
0.03269546
0.02537621
0.02464335
0.01927527
0.02415633
0.02781596
0.02976869
0.02513192
0.0214723
0.0214723
0.02488763
0.02488763
0.02708466
0.01927527
0.01171174
0.01098043
0.01439577
0.007563538
-0.001464162
-0.001464162
0.0004885725
0.008540683
0.008052111
0.008783413
0.01024758
0
0.004392485
0.01024758
0.008540683
0.009760559
0.002684037
0.001952734
0.001708448
-0.003903912
-0.0004885725
0.003172609
-0.00341534
0.007319252
0.007319252
0.01610422
0.01024758
-0.0002442863
0.007807824
0.007563538
0.009271986
0.00341534
0.00341534
0.006832235
0.001464162
-0.006832235
-0.003172609
-0.001708448
-0.0002442863
0.0004885725
0
-0.001952734
-0.001708448
-0.008296397
-0.001219875
-0.003172609
-0.003172609
-0.007563538
-0.01829969
-0.01634851
-0.01415149
-0.01634851
-0.02195931
-0.02025242
-0.01024758
-0.002928323
0.0002442863
0.0002442863
-0.006099377
-0.006099377
-0.002684037
-0.008783413
-0.00561236
-0.004392485
-0.007076522
-0.004879501
-0.004879501
-0.005856646
-0.01171174
-0.005123788
0.0007313028
-0.001464162
0.0002442863
-0.004392485
-0.005123788
0.0007313028
0.001708448
-0.003659626
-0.00341534
-0.008052111
-0.01122472
-0.01122472
-0.01122472
-0.01537136
-0.01073615
-0.01073615
-0.001708448
-0.00341534
-0.00341534
-0.007807824
-0.01171174
-0.01171174
-0.004636771
-0.004636771
-0.008540683
-0.01195602
-0.01073615
-0.003659626
0.002439751
-0.005856646
-0.005856646
-0.008296397
-0.004879501
-0.005123788
-0.001219875
-0.0009755891
-0.0009755891
-0.005123788
-0.01122472
-0.01220031
-0.01098043
-0.009516273
-0.005368074
-0.006099377
-0.006099377
-0.0090277
-0.01512863
-0.01024758
-0.003903912
-0.008783413
-0.01293161
-0.01756838
-0.01512863
-0.01293161
-0.008540683
-0.01146745
-0.01000329
-0.01000329
-0.004636771
-0.002439751
-0.006587949
-0.006832235
-0.0124446
-0.00341534
-0.01049186
-0.01049186
-0.0124446
-0.008296397
-0.004879501
-0.009760559
-0.00561236
-0.004636771
-0.003659626
-0.005856646
-0.01024758
-0.006832235
-0.01610422
-0.0173241
-0.0173241
-0.01366447
-0.01390876
-0.01585994
-0.01585994
-0.004148198
-0.0009755891
-0.00341534
-0.007563538
-0.01268733
-0.006099377
-0.008296397
-0.008052111
-0.01342018
-0.005856646
-0.01610422
-0.01464006
-0.01659124
-0.01171174
-0.01829969
-0.0214723
-0.0214723
-0.01585994
-0.009760559
-0.009760559
-0.01073615
-0.01390876
-0.01390876
-0.01073615
-0.001464162
-0.001219875
-0.009516273
-0.01683552
-0.02122801
-0.009516273
-0.007563538
-0.009516273
-0.01000329
-0.01098043
-0.005856646
-0.005856646
-0.008052111
-0.02025242
-0.02195931
-0.02049671
-0.01903255
-0.01512863
-0.01854397
-0.01854397
-0.02244788
-0.01927527
-0.01683552
-0.0173241
-0.01659124
-0.01659124
-0.008540683
-0.01122472
-0.01976385
-0.01561565
-0.008540683
-0.008296397
-0.01171174
-0.01951956
-0.02537621
-0.02708466
-0.01488435
-0.009271986
-0.007076522
-0.01366447
-0.01366447
-0.007319252
-0.005856646
-0.007807824
0.0007313028
0.002439751
-0.01756838
-0.04001627
-0.04733552
-0.03415962
-0.02391205
-0.03318403
-0.03733223
-0.03733223
-0.03513677
-0.03098857
-0.01951956
-0.01976385
-0.02464335
-0.02464335
-0.02488763
-0.02952441
-0.01854397
-0.0222036
-0.03196416
-0.02806024
-0.02806024
-0.01585994
-0.02488763
-0.01390876
-0.01878826
-0.01390876
-0.005856646
-0.01585994
-0.01585994
-0.005368074
0.003659626
0.006832235
0.006832235
-0.009760559
-0.01171174
-0.01366447
-0.02366776
-0.03269546
-0.02781596
-0.02318074
-0.008540683
-0.01024758
-0.01634851
-0.01098043
-0.004636771
-0.006587949
-0.01195602
-0.0173241
-0.01561565
-0.01854397
-0.01829969
-0.02488763
-0.01756838
-0.01976385
-0.01976385
-0.02513192
-0.02122801
0.0002442863
0.01024758
0.00341534
0.00341534
-0.01171174
-0.01585994
-0.01415149
-0.01464006
-0.0173241
-0.0173241
-0.0090277
-0.01195602
-0.009271986
-0.001952734
-0.005856646
-0.01464006
-0.01049186
-0.009271986
-0.01195602
-0.01195602
-0.0173241
-0.01659124
-0.01342018
-0.01610422
-0.01610422
-0.01366447
-0.01024758
-0.007319252
-0.001219875
-0.007563538
-0.009271986
-0.009271986
-0.009516273
-0.01415149
-0.01268733
-0.01439577
-0.0173241
-0.01366447
-0.01366447
-0.01146745
-0.01610422
-0.01220031
-0.01342018
-0.01415149
-0.01415149
-0.0090277
-0.008296397
-0.01122472
-0.01171174
-0.01000329
-0.01439577
-0.01073615
-0.01171174
-0.01220031
-0.0131759
-0.0173241
-0.01610422
-0.01366447
-0.01366447
-0.01659124
-0.01268733
-0.007807824
-0.009516273
-0.009516273
-0.01171174
-0.01171174
-0.01195602
-0.01073615
-0.01634851
-0.01951956
-0.01829969
-0.01439577
-0.01561565
-0.01854397
-0.01781267
-0.01342018
-0.009760559
-0.008052111
-0.01146745
-0.01585994
-0.01390876
-0.01464006
-0.01683552
-0.01585994
-0.01585994
-0.01220031
-0.01220031
-0.01464006
-0.01927527
-0.02318074
-0.01781267
-0.01878826
-0.01878826
-0.009516273
-0.008783413
-0.0124446
-0.01098043
-0.0131759
-0.01585994
-0.01659124
-0.01512863
-0.009760559
-0.01366447
-0.01976385
-0.02171658
-0.01976385
-0.02586322
-0.01903255
-0.01927527
-0.02342347
-0.01756838
-0.01756838
-0.007076522
-0.009516273
-0.02025242
-0.02025242
-0.01781267
-0.0131759
-0.00561236
-0.01439577
-0.01439577
-0.01366447
-0.01610422
-0.01829969
-0.01024758
-0.01024758
-0.004392485
-0.00341534
-0.003903912
-0.002684037
-0.007319252
-0.009516273
-0.01049186
-0.01342018
-0.01854397
-0.02244788
-0.02464335
-0.02342347
-0.02122801
-0.02195931
-0.01951956
-0.0214723
-0.01610422
-0.01829969
-0.03220844
-0.02171658
-0.01073615
-0.01073615
-0.004636771
-0.01585994
-0.009760559
-0.008296397
-0.01366447
-0.01366447
-0.01829969
-0.01512863
-0.01000329
-0.001464162
0.006832235
0.01024758
0.003659626
-0.0002442863
-0.007563538
-0.008783413
-0.007076522
-0.001219875
-0.007563538
-0.01707981
-0.02464335
-0.01903255
-0.02025242
-0.02318074
-0.01659124
-0.01659124
-0.0124446
-0.007563538
-0.008296397
-0.01512863
-0.01781267
-0.01781267
-0.01342018
-0.01171174
-0.01220031
-0.01122472
-0.01512863
-0.01561565
-0.01561565
-0.02366776
-0.01268733
-0.01561565
-0.007807824
-0.008296397
-0.004392485
-0.004392485
-0.008540683
-0.0180554
-0.01829969
-0.01659124
-0.01976385
-0.02318074
-0.02318074
-0.02976869
-0.02073944
-0.01610422
-0.01415149
-0.01878826
-0.01829969
-0.01585994
-0.02073944
-0.02513192
-0.02513192
-0.02684037
-0.02684037
-0.03635664
-0.03635664
-0.03098857
-0.01707981
-0.01366447
-0.01512863
-0.02659608
-0.03342832
-0.02586322
-0.01561565
-0.01195602
-0.01561565
-0.01927527
-0.02000813
-0.03001142
-0.02879155
-0.0214723
-0.02122801
-0.01439577
-0.0131759
-0.01512863
-0.01854397
-0.01829969
-0.0173241
-0.0214723
-0.02293646
-0.01293161
-0.01293161
-0.01268733
-0.03049999
-0.02830453
-0.02122801
-0.02000813
-0.01951956
-0.01537136
-0.01098043
-0.01610422
-0.01683552
-0.01049186
-0.01464006
-0.01464006
-0.01781267
-0.02318074
-0.02366776
-0.02464335
-0.02122801
-0.01976385
-0.0180554
-0.01561565
-0.01415149
-0.01610422
-0.01707981
-0.0180554
-0.01585994
-0.01585994
-0.02244788
-0.02391205
-0.02293646
-0.02293646
-0.01951956
-0.008783413
-0.008783413
-0.01073615
-0.01342018
-0.01488435
-0.01366447
-0.01854397
-0.03001142
-0.02464335
-0.02464335
-0.01903255
-0.01220031
-0.006587949
-0.01098043
-0.0124446
-0.01390876
-0.01220031
-0.01220031
-0.01659124
-0.02195931
-0.03074428
-0.02464335
-0.02464335
-0.01390876
-0.01390876
-0.0090277
-0.01171174
-0.01171174
-0.01171174
-0.01512863
-0.01976385
-0.0180554
-0.02171658
-0.02537621
-0.02318074
-0.01488435
-0.00341534
-0.006343663
-0.008296397
-0.01683552
-0.03245273
-0.02488763
-0.02488763
-0.01951956
-0.02122801
-0.01756838
-0.01000329
-0.01000329
-0.01171174
-0.01537136
-0.01634851
-0.01342018
-0.0180554
-0.01829969
-0.01829969
-0.01561565
-0.01342018
-0.01781267
-0.01439577
-0.006587949
-0.01342018
-0.02708466
-0.02757167
-0.02269217
-0.02342347
-0.02293646
-0.0214723
-0.02025242
-0.02025242
-0.02098372
-0.01342018
-0.01195602
-0.01756838
-0.02122801
-0.02464335
-0.02171658
-0.02025242
-0.01707981
-0.01829969
-0.02757167
-0.02781596
-0.03391533
-0.03001142
-0.02732738
-0.02732738
-0.02318074
-0.008052111
-0.007563538
-0.01293161
-0.01829969
-0.01707981
-0.02000813
-0.02293646
-0.02928012
-0.02732738
-0.02732738
-0.02025242
-0.01390876
-0.01683552
-0.0173241
-0.0124446
-0.01707981
-0.01707981
-0.01634851
-0.01366447
-0.01878826
-0.02537621
-0.02976869
-0.02513192
-0.01512863
0.0007313028
-0.0009755891
-0.0124446
-0.01488435
-0.01342018
-0.0124446
-0.01293161
-0.02171658
-0.02098372
-0.02391205
-0.02488763
-0.02659608
-0.02659608
-0.01781267
-0.0214723
-0.02488763
-0.01976385
-0.01293161
-0.0180554
-0.0222036
-0.02244788
-0.0173241
-0.01268733
-0.01146745
-0.009516273
-0.005856646
-0.01464006
-0.01464006
-0.02488763
-0.03025571
-0.02269217
-0.02195931
-0.02195931
-0.01756838
-0.01610422
-0.0214723
-0.02415633
-0.02025242
-0.0131759
-0.01610422
-0.02098372
-0.02293646
-0.02488763
-0.02342347
-0.02488763
-0.01951956
-0.01781267
-0.0124446
-0.0124446
-0.0090277
-0.008540683
-0.01951956
-0.02488763
-0.02488763
-0.02488763
-0.01878826
-0.02269217
-0.02098372
-0.01000329
-0.005856646
-0.005856646
-0.01659124
-0.01585994
-0.01488435
-0.01854397
-0.01171174
-0.01585994
-0.01683552
-0.0180554
-0.01927527
-0.02171658
-0.02073944
-0.0312313
-0.0312313
-0.02830453
-0.02488763
-0.03098857
-0.03684366
-0.02366776
-0.02366776
-0.0124446
-0.0180554
-0.03196416
-0.0263518
-0.02488763
-0.02244788
-0.01024758
-0.01659124
-0.01781267
-0.02366776
-0.0263518
-0.0222036
-0.0222036
-0.02537621
-0.02293646
-0.02269217
-0.02293646
-0.02976869
-0.03147558
-0.03171987
-0.03586807
-0.03318403
-0.03098857
-0.02781596
-0.02854726
-0.02684037
-0.0312313
-0.02122801
-0.02513192
-0.03245273
-0.03245273
-0.02806024
-0.03074428
-0.03074428
-0.03098857
-0.02903583
-0.02903583
-0.02903583
-0.02195931
-0.01756838
-0.0214723
-0.0214723
-0.02171658
-0.0090277
-0.02684037
-0.01976385
-0.02806024
-0.02806024
-0.02903583
-0.01707981
-0.01073615
-0.006343663
0.006587949
-0.006832235
-0.01561565
-0.03464819
-0.02318074
-0.01781267
-0.01220031
-0.01707981
-0.01195602
-0.01537136
-0.01537136
-0.01195602
-0.008783413
-0.0124446
-0.01390876
-0.01390876
-0.01610422
-0.0222036
-0.01634851
-0.02293646
-0.01634851
-0.01854397
-0.02684037
-0.01439577
-0.01439577
-0.01073615
-0.0131759
-0.01268733
-0.01268733
-0.01220031
-0.003659626
-0.003903912
0.0002442863
0.01659124
0.001952734
-0.01342018
-0.01146745
-0.01464006
-0.01610422
-0.01171174
0.001464162
-0.006343663
-0.01781267
-0.01781267
-0.003903912
0.001952734
0.003659626
-0.006099377
-0.01634851
-0.01415149
-0.01464006
-0.01464006
-0.008296397
-0.02000813
-0.01659124
-0.01439577
-0.01439577
-0.01146745
-0.01000329
-0.01415149
-0.01585994
-0.01171174
-0.01634851
-0.01878826
-0.009516273
-0.009516273
-0.009271986
-0.01220031
-0.0124446
-0.004879501
-0.004879501
-0.006587949
-0.006343663
0.0090277
0.003659626
0.0002442863
-0.002928323
-0.01000329
-0.008296397
-0.004879501
-0.006832235
-0.007563538
-0.008540683
-0.005856646
-0.008783413
-0.006099377
-0.01683552
-0.01683552
-0.01829969
-0.01000329
-0.007563538
-0.008296397
-0.008296397
-0.01049186
-0.01098043
-0.01610422
-0.01439577
-0.01439577
-0.008783413
-0.006099377
-0.01024758
-0.01342018
-0.0131759
-0.0131759
-0.01024758
-0.01878826
-0.01854397
-0.01781267
-0.01464006
-0.02025242
-0.02195931
-0.03415962
-0.03415962
-0.02464335
-0.02659608
-0.02659608
-0.01951956
-0.01951956
-0.01464006
-0.01903255
-0.02171658
-0.01488435
-0.01634851
-0.01512863
-0.01439577
-0.01073615
-0.01610422
-0.0180554
-0.01951956
-0.01659124
-0.01561565
-0.01073615
-0.01293161
-0.01293161
-0.01512863
-0.01634851
-0.01903255
-0.01878826
-0.01878826
-0.01878826
-0.01683552
-0.01268733
-0.01268733
-0.01342018
-0.01342018
-0.01561565
-0.01927527
-0.01903255
-0.01342018
-0.005856646
-0.01024758
-0.01098043
-0.01268733
-0.01976385
-0.01464006
-0.0180554
-0.01488435
-0.01512863
-0.01512863
-0.01756838
-0.01659124
-0.01024758
-0.01366447
-0.01854397
-0.01854397
-0.01707981
-0.0180554
-0.01951956
-0.01829969
-0.02293646
-0.01000329
-0.005856646
-0.002928323
-0.01927527
-0.01439577
-0.01439577
-0.01049186
-0.01488435
-0.01561565
-0.01342018
-0.01342018
-0.008540683
-0.005123788
-0.01073615
-0.01561565
-0.0173241
-0.0173241
-0.02025242
-0.02025242
-0.02488763
-0.02488763
-0.01220031
-0.008296397
-0.0124446
-0.01878826
-0.01829969
-0.02195931
-0.01415149
-0.01464006
-0.01464006
-0.01659124
-0.01951956
-0.0124446
-0.01171174
-0.01049186
-0.01439577
-0.01439577
-0.01390876
-0.01195602
0.0002442863
-0.004879501
-0.008052111
-0.02513192
-0.0222036
-0.02098372
-0.02073944
-0.01854397
-0.01903255
-0.01585994
-0.01512863
-0.01854397
-0.01854397
-0.01781267
-0.02122801
-0.01951956
-0.02073944
-0.0222036
-0.01976385
-0.0180554
-0.01415149
-0.01854397
-0.02195931
-0.02513192
-0.0180554
-0.0180554
-0.03049999
-0.02903583
-0.01878826
-0.01707981
-0.01537136
-0.01683552
-0.0180554
-0.0180554
-0.02025242
-0.0222036
-0.02488763
-0.02269217
-0.0180554
-0.0180554
-0.01634851
-0.02342347
-0.02513192
-0.02025242
-0.01927527
-0.01342018
-0.01756838
-0.01707981
-0.01976385
-0.01366447
-0.02073944
-0.02415633
-0.02244788
-0.02244788
-0.02244788
-0.01829969
-0.02488763
-0.02318074
-0.02025242
-0.01878826
-0.01927527
-0.0173241
-0.0180554
-0.0180554
-0.01610422
-0.01195602
-0.01464006
-0.0173241
-0.01683552
-0.01512863
-0.01098043
-0.01098043
-0.01537136
-0.02366776
-0.02806024
-0.02952441
-0.02269217
-0.02537621
-0.02830453
-0.02830453
-0.02781596
-0.02854726
-0.02708466
-0.02879155
-0.02732738
-0.02928012
-0.02537621
-0.02171658
-0.02269217
-0.02366776
-0.02415633
-0.02366776
-0.02293646
-0.02025242
-0.02366776
-0.01927527
-0.01951956
-0.02293646
-0.02440062
-0.02440062
-0.02318074
-0.0214723
-0.02513192
-0.03074428
-0.02928012
-0.02488763
-0.02488763
-0.02244788
-0.02244788
-0.02318074
-0.02171658
-0.02391205
-0.02684037
-0.02366776
-0.0263518
-0.02684037
-0.02610751
-0.02025242
-0.01976385
-0.01976385
-0.01756838
-0.01756838
-0.02195931
-0.02293646
-0.02171658
-0.02342347
-0.02488763
-0.01854397
-0.01756838
-0.02171658
-0.02073944
-0.01756838
-0.02269217
-0.02269217
-0.02122801
-0.02586322
-0.02366776
-0.01878826
-0.02293646
-0.02293646
-0.02928012
-0.02659608
-0.02073944
-0.02244788
-0.02269217
-0.01829969
-0.02269217
-0.02464335
-0.02684037
-0.0222036
-0.02171658
-0.02440062
-0.02366776
-0.02366776
-0.02049671
-0.01488435
-0.02610751
-0.01829969
-0.02195931
-0.02195931
-0.01951956
-0.02073944
-0.02293646
-0.01878826
-0.0222036
-0.0222036
-0.0222036
-0.0222036
-0.02000813
-0.0214723
-0.01878826
-0.02073944
-0.01951956
-0.01659124
-0.01390876
-0.0214723
-0.02391205
-0.01903255
-0.01634851
-0.01659124
-0.02415633
-0.02415633
-0.01927527
-0.01976385
-0.02073944
-0.02195931
-0.02269217
-0.02269217
-0.02000813
-0.01585994
-0.02098372
-0.0214723
-0.01829969
-0.01878826
-0.02464335
-0.02562049
-0.02464335
-0.02415633
-0.02122801
-0.02000813
-0.02269217
-0.02269217
-0.02537621
-0.02122801
-0.02171658
-0.01854397
-0.01854397
-0.01073615
-0.01073615
-0.0090277
-0.02195931
-0.02122801
-0.01610422
-0.01756838
-0.02342347
-0.02732738
-0.02171658
-0.01951956
-0.02025242
-0.01781267
-0.01683552
-0.02318074
-0.02269217
-0.02073944
-0.01903255
-0.01903255
-0.01903255
-0.01512863
-0.02098372
-0.02269217
-0.0222036
-0.02195931
-0.02708466
-0.02098372
-0.01951956
-0.01951956
-0.0214723
-0.02073944
-0.02000813
-0.02049671
-0.02293646
-0.0173241
-0.0173241
-0.01756838
-0.01976385
-0.02122801
-0.02244788
-0.02244788
-0.01927527
-0.01829969
-0.01268733
-0.02195931
-0.01683552
-0.01464006
-0.0173241
-0.02171658
-0.02366776
-0.02049671
-0.01854397
-0.01488435
-0.01903255
-0.01951956
-0.0173241
-0.01903255
-0.0222036
-0.02269217
-0.02342347
-0.03098857
-0.03098857
-0.0312313
-0.0312313
-0.02464335
-0.01829969
-0.02025242
-0.02488763
-0.02732738
-0.02976869
-0.03440391
-0.03147558
-0.02854726
-0.02049671
-0.02049671
-0.008783413
-0.01927527
-0.01220031
-0.01171174
-0.01903255
-0.02781596
-0.01634851
-0.01634851
-0.01781267
-0.01854397
-0.01073615
-0.02293646
-0.03049999
-0.02781596
-0.02781596
-0.02025242
-0.01073615
-0.01146745
-0.02171658
-0.02244788
-0.02440062
-0.02684037
-0.02440062
-0.01683552
-0.01707981
-0.02488763
-0.0090277
-0.01781267
-0.009516273
-0.04367589
-0.02269217
-0.02562049
-0.03806353
-0.05245931
-0.03342832
-0.03342832
-0.009760559
-0.01537136
-0.01878826
-0.01146745
-0.01146745
-0.01781267
-0.01951956
-0.02513192
-0.0124446
-0.01195602
-0.01464006
-0.01829969
0
0
0
0
0.2344837
0.2344837
0.2344837
0.2344837
0.2344837
0.2344837
0.2344837
0.2344837
0.2344837
0.2344837
0.2344837
0.2344837
0.2344837
0.2344837
0.2344837
0.2344837
0.3699039
0.3699039
0.3699039
0.3650244
0.3650244
0.4238273
0.4596954
0.4411514
0.4182165
0.4145553
0.3989397
0.3840553
0.3623403
0.3738078
0.3774674
0.4638436
0.4638436
0.4938566
0.4574999
0.4287084
0.3584364
0.2427801
0.2427801
0.2203322
0.240096
0.3040244
0.2993876
0.249368
0.2183795
0.2310683
0.2425358
0.2444885
0.2366807
0.2762084
0.2681563
0.2810879
0.2381433
0.2491238
0.222772
0.2461954
0.2291156
0.265228
0.1969087
0.1969087
0.1773876
0.22814
0.2530276
