-0.9818565
-0.9869803
-0.02830453
-0.03245273
-0.03245273
-0.03781925
-0.03440391
-0.03440391
-0.02830453
-0.02879155
-0.03074428
-0.03074428
-0.02879155
-0.02879155
-0.03879639
-0.03342832
-0.03318403
-0.03757652
-0.03757652
-0.03440391
-0.04026055
-0.03708794
-0.03415962
-0.03977198
-0.03928341
-0.0395277
-0.04172472
-0.04294459
-0.04709123
-0.03879639
-0.04099186
-0.03879639
-0.03074428
-0.02854726
-0.03220844
-0.03220844
-0.03245273
-0.02806024
-0.03293975
-0.03659937
-0.03611235
-0.03635664
-0.04953254
-0.04953254
-0.07149185
-0.1183404
-0.1512801
-0.1510358
-0.1442036
-0.1442036
-0.1363958
-0.1163876
-0.09101141
-0.04538434
-0.009760559
0.03830782
0.03830782
0.07515148
0.09369545
0.1073599
0.1707997
0.2052036
0.2869445
0.2869445
0.3423322
0.3496514
0.3967442
0.4614038
0.5294803
0.5294803
0.6263484
0.6827116
0.7456644
0.8174005
0.8637604
0.888648
0.8830357
0.8754721
0.8735194
0.8962116
0.9096318
0.8896236
0.8957246
0.8957246
0.9386676
0.97478
0.9359836
0.9240276
0.935008
0.9171953
0.8940161
0.8515601
0.7173598
0.5350927
0.3437963
0.2762084
0.1637247
0.1637247
0.08613191
0.02928012
-0.01976385
-0.1241954
-0.1971515
-0.2666921
-0.2727915
-0.2727915
-0.2283843
-0.1988599
-0.2032524
-0.2088647
-0.1888566
-0.1886123
-0.1893436
-0.1727524
-0.1488404
-0.1703126
-0.1827557
-0.1986156
-0.1732394
-0.1698241
-0.1817801
-0.1600635
-0.08954725
-0.1012605
-0.1029674
-0.1029674
-0.08344787
-0.06148856
-0.05514335
-0.05856024
-0.05197229
-0.01951956
-0.009516273
-0.007319252
0.01951956
0.03611235
0.08149669
0.06685664
0.05929154
0.02293646
0.01976385
0.09247557
0.1261482
0.1010163
0.07783552
0.08198372
0.08198372
0.05880453
0.02659608
0.01146745
-0.007319252
0.0090277
0.0090277
-0.01439577
-0.0124446
-0.01146745
-0.01659124
-0.01659124
-0.03757652
-0.04806838
-0.04782409
