-0.9884444
-0.9913728
-0.08100812
-0.07442018
-0.06685664
-0.06661235
-0.06661235
-0.06661235
-0.07368731
-0.0780798
-0.0780798
-0.08003253
-0.07759123
-0.07905539
-0.07881266
-0.06685664
-0.07466446
-0.07466446
-0.07490875
-0.07490875
-0.06880782
-0.07100328
-0.07344458
-0.07344458
-0.07027198
-0.07710421
-0.07856838
-0.08369216
-0.08076384
-0.07466446
-0.07612862
-0.07954396
-0.07515148
-0.06197558
-0.04879968
-0.0263518
0.06709937
0.06709937
0.1161433
0.1263925
0.1280994
0.1461563
0.1534756
0.1485961
0.1302964
0.1302964
0.0214723
-0.01610422
-0.08076384
-0.1900765
-0.310368
-0.4338322
-0.5241123
-0.6297637
-0.7385879
-0.8469234
-1.028216
-1.083604
-1.083604
-1.081409
-1.068475
-0.9879559
-0.9879559
-0.9879559
-0.9879559
-0.3994282
-0.3994282
-0.4030879
-0.3884478
-0.4087003
-0.4333436
-0.4792165
-0.474824
-0.474824
-0.4384674
-0.4894641
-0.5309445
-0.5904803
-0.6214674
-0.6319607
-0.6646562
-0.6853957
-0.6500162
-0.6324478
-0.5926758
-0.5926758
-0.6256155
-0.6558728
-0.6795406
-0.7014999
-0.71614
-0.7439559
-0.8022718
-0.8283794
-0.8283794
-0.8237442
-0.874008
0.05514335
0.004148198
0.004148198
0.00561236
0.06197558
0.06197558
0.0607557
0.0607557
0.06783222
0.03659937
0.03659937
0.008296397
0.01976385
0.02342347
0.02342347
0.02171658
0.01171174
-0.004636771
0.008296397
0.001219875
-0.01195602
-0.01659124
-0.01415149
-0.01756838
-0.03684366
-0.04709123
-0.05636477
-0.07027198
-0.07027198
-0.1078485
-0.08393645
-0.03708794
-0.01951956
-0.02610751
-0.01464006
-0.01464006
-0.02830453
-0.02440062
-0.03635664
-0.002195464
0.0312313
0.04757981
0.03440391
0.03733223
0.0336726
0.04026055
0.0312313
0.03245273
0.03586807
0.03586807
0.03684366
0.06319545
