-0.9933239
-0.9821008
0.005856646
0.005123788
0.003903912
0.003903912
0.005856646
0.008783413
0.008783413
0.007076522
0.005856646
0.005856646
0.005856646
0.005856646
0.00341534
0.006343663
-0.0002442863
0.0007313028
-0.002195464
0.005123788
0
0.0009755891
-0.001464162
0.002928323
-0.0004885725
-0.001708448
-0.008783413
-0.006343663
-0.008296397
-0.009760559
-0.006343663
-0.006832235
-0.01000329
-0.01000329
-0.01415149
-0.008052111
-0.008296397
-0.01439577
-0.01024758
-0.01268733
-0.01268733
-0.01024758
-0.02342347
-0.03293975
-0.04367589
-0.05538763
-0.05758465
-0.04587136
-0.04270031
-0.03220844
-0.02830453
-0.03904068
-0.01976385
0.009516273
0.009516273
0.08418074
0.1271238
0.2354593
0.3125635
0.3486758
0.3864966
0.3864966
0.5241123
0.618052
0.7622556
0.8191074
0.8603435
0.8962116
0.9625797
1.001132
1.056277
1.056277
1.056277
1.056277
-0.2898713
-0.2898713
-0.3132963
-0.3389153
-0.3752719
-0.3752719
-0.4284641
-0.4977605
-0.5555879
-0.5680324
-0.5926758
-0.6502604
-0.6502604
-0.691008
-0.7317556
-0.7551806
-0.7456644
-0.7634755
-0.7646953
-0.8056887
-0.8664445
-0.9203679
-0.9855161
-0.9777083
-1.02358
-1.037975
-1.038953
-1.057739
-1.028461
-1.007475
-1.007475
-1.013332
-0.1642117
-0.1642117
-0.1788518
-0.192272
-0.192272
-0.192272
-0.1812915
-0.1881238
-0.1778762
-0.1790961
-0.1729967
-0.1729967
-0.1695798
-0.16714
-0.1720195
-0.1720195
-0.1539641
-0.1632361
-0.1168762
-0.1105325
-0.1037003
-0.1097997
-0.1320033
-0.1239527
-0.09296415
-0.06856353
-0.07173613
-0.09930781
-0.1769006
-0.09881923
-0.05904726
-0.05270359
-0.07490875
-0.1268795
-0.1093127
-0.09369545
-0.09369545
-0.1002834
-0.1178518
-0.103456
-0.1112638
-0.124684
-0.09003583
-0.09003583
-0.1063843
-0.1146807
-0.09906352
