0.07881266
0.08784036
-0.9955194
-0.9942995
-0.9921041
-0.9921041
-0.9921041
-0.9921041
-0.9921041
-0.9911284
-0.9911284
-0.9979607
-0.9962522
-0.9962522
-0.9921041
-0.9901513
-0.9916155
-0.9911284
-0.9882001
-0.9896643
-0.9928353
-0.9947881
-0.9989363
-0.9989363
-0.9942995
-0.9928353
-0.9913728
-0.9930797
-0.9921041
-0.9916155
-0.9916155
-0.9930797
-0.9886887
-0.9940552
-0.9921041
-0.9921041
-0.9908842
-0.9940552
-0.9940552
-0.9942995
-0.9967393
-0.9974721
-0.9957637
-0.9964966
-1.013088
-1.034804
-1.043588
-1.057252
-1.086777
-1.085799
-1.075796
-1.045785
-1.015285
-0.9903956
-0.9642881
-0.9406204
-0.9406204
-0.9223207
-0.8247197
-0.7864119
-0.7712833
-0.7539607
-0.7278517
-0.6954005
-0.6797833
-0.63928
-0.6182963
-0.6200048
-0.5919445
-0.535824
-0.5355797
-0.5568078
-0.4638436
-0.4638436
-0.4638436
-0.4638436
-0.4638436
-0.4638436
-0.9686806
-0.9686806
-0.9394005
-0.8993842
-0.8993842
-0.8388728
-0.8203273
-0.8215487
-0.8215487
-0.8215487
-0.8330162
-0.8427767
-0.8193517
-0.7893403
-0.7893403
-0.7676237
-0.7119917
-0.6880797
-0.6546514
-0.6378158
-0.6004837
-0.5614445
-0.5116677
-0.3679527
-0.3679527
-0.3359885
-0.3147605
-0.2005683
-0.1268795
-0.08100812
-0.03781925
0.03440391
-1.095072
-1.105808
-1.068233
-1.068233
-1.068233
-1.029923
-1.037733
-1.026264
-0.9935682
-0.9889315
-0.9955194
-0.9808794
-0.9808794
-0.9550161
-0.9755128
-1.018456
-1.018456
-0.9877115
-0.9862474
-0.9916155
-0.9542832
-0.9623353
-0.9701447
-0.98942
-0.98942
-1.006256
-0.9433044
-0.9930797
-1.048467
-1.041148
-1.041148
-0.9706318
-0.9418402
-0.9396448
-0.9479396
-0.9586757
-0.9503794
-0.9242718
-0.9269559
-0.9235405
-0.9645324
-0.9901513
-0.9342767
-0.9342767
-0.916464
-0.9240276
-0.9445242
-0.9391562
-0.9501366
-0.9491594
-0.9491594
-0.9574559
-0.9372035
-0.9276887
-0.9528207
-0.9501366
-0.9354966
-0.9662408
-0.9352522
-0.9686806
-0.9516008
-0.9567246
-0.9240276
-0.9240276
-0.9318354
-0.9391562
-0.8910878
-0.9220763
-0.9303728
-0.9437914
-0.92842
-0.92842
-0.9152442
-0.9218321
