-0.9964966
-0.9928353
-0.9925926
-0.9852718
-0.9923484
-0.9911284
-0.9913728
-0.9913728
-0.998692
-0.9957637
-0.9935682
-0.9886887
-0.9879559
-0.9964966
-0.9964966
-0.9955194
-0.9947881
-0.9933239
-0.9916155
-0.9940552
-0.9945438
-0.9945438
-0.9982035
-1.000156
-1.007233
-1.016747
-1.027728
-1.031387
-1.031387
-1.01626
-1.028703
-1.044808
-1.044563
-1.080431
-1.125085
-1.09678
-0.9677035
-0.9406204
-0.9123158
-0.8166676
-0.7871448
-0.8152035
-0.8152035
-0.8539999
-0.8237442
-0.8327718
-0.8398484
-0.8398484
-0.8400927
-0.8144721
-0.8188646
-0.8561953
-0.8415568
-0.8357002
-0.8403354
-0.8454607
-0.8454607
-0.82228
-0.8032475
-0.8232556
-0.8344803
-0.8344803
-0.8327718
-0.8269168
-0.8188646
-0.8313077
-0.8271595
-0.8154477
-0.8047116
-0.8047116
-0.8642474
-0.8732767
-0.8744966
-0.9328125
-0.9933239
-1.051884
-1.119716
-1.12362
-1.060912
-1.050909
-1.048956
-1.027972
-1.027972
-1.01626
-1.021873
-1.010892
-1.002352
-1.006744
-0.9977164
-0.9977164
-0.9462327
-0.9950324
-1.015772
-1.01748
-1.026508
-1.026508
-1.01626
-1.004304
-1.00772
-0.9889315
-0.9906399
-0.9742914
-0.9872246
-1.002596
-1.002596
-0.9969836
-1.0004
-1.019431
-1.003329
-1.003329
-1.009917
-0.9803923
-1.00406
-1.0004
-1.046028
-0.9745357
-0.9745357
-0.9977164
-0.9711204
-1.013332
-1.03578
-1.030656
-1.017236
-1.017236
-0.9950324
-0.9872246
-1.018456
-0.9557474
-1.006256
-0.9374477
-0.9518435
-0.9518435
-0.9559917
-0.9550161
-1.01992
-1.01992
-0.956236
-1.027239
-1.002596
-0.9991806
-0.9511122
-0.9474526
-0.9657522
