0.01464006
0.01415149
-0.9950324
-0.9950324
-0.9972278
-0.9935682
-0.9896643
-0.9921041
-0.9921041
-0.9860047
-0.9899086
-0.9882001
-0.9940552
-0.9857604
-0.9842963
-0.9796594
-0.9918598
-0.9969836
-0.9969836
-0.9957637
-0.9930797
-0.9874673
-0.9884444
-0.9891757
-0.9911284
-0.9911284
-0.9901513
-0.9830763
-0.9901513
-0.9916155
-0.9889315
-0.9908842
-0.9908842
-0.9874673
-0.9891757
-0.9840519
-0.9840519
-0.980148
-0.9942995
-0.9942995
-0.9598956
-0.965508
-0.9642881
-0.9611155
-0.9625797
-0.9835634
-0.9835634
-0.9701447
-0.9769754
-0.9415959
-0.8747393
-0.8078842
-0.8281366
-0.9323239
-0.9821008
-0.9557474
-0.9635568
-0.9181725
-0.9040194
-0.8988956
-0.8335047
-0.7764086
-0.7988565
-0.8569282
-0.9079233
-0.89792
-0.89792
-0.8705927
-0.8293565
-0.7629884
-0.7954396
-0.8332604
-0.8332604
-0.8640047
-0.8439966
-0.8601008
-0.8842556
-0.8959673
-0.8915763
-0.9208565
-0.9574559
-0.9811236
-0.9877115
-0.9703875
-0.9035324
-0.9223207
-0.9162197
-0.9162197
-0.8927963
-0.8862083
-0.8971887
-0.8820601
-0.8825487
-0.9313484
-0.9313484
-0.9903956
-0.9889315
-0.9777083
-0.9581887
-0.9552604
-0.9706318
-0.9857604
-1.019189
-1.00772
-0.9828321
-0.9872246
-0.9869803
-0.9869803
-0.9928353
-1.008453
-0.9884444
-0.9794167
-1.009672
-1.004304
-1.013332
-0.9877115
-0.9623353
-0.9730715
-1.008453
-1.005524
-1.02358
-1.017967
-1.001132
-0.9903956
-0.9933239
-0.9845405
-0.9882001
-0.9882001
-0.9879559
-1.00406
-1.020164
-0.9635568
-0.9828321
-0.9828321
-0.9874673
-0.9923484
-0.9850276
-0.9842963
-0.9855161
-0.9830763
-0.9830763
-0.9725845
-1.008208
-0.9799038
-0.9982035
-1.001865
-1.018212
-1.018212
-1.043832
-1.029681
-1.004304
-0.9635568
-0.9796594
-0.9620926
-0.9620926
-0.9372035
-0.9359836
-0.9586757
-0.9345194
-0.9145113
-0.9113402
-0.904508
-0.8940161
-0.8842556
-0.8857197
-0.9089005
-0.9120715
-0.9503794
-0.9503794
-0.9008484
-0.9149998
-0.9149998
-0.9003598
-0.8844998
-0.8764477
-0.8764477
-0.9052393
-0.8752279
-0.8610764
-0.8676643
-0.8732767
-0.8776676
