-0.9962522
-0.9950324
-0.9942995
-1.002107
-1.001865
-0.9952767
-0.9938125
-0.9899086
-0.9967393
-0.9984477
-1.002596
-1.000645
-0.9933239
-0.9964966
-0.9938125
-1.003816
-1.003816
-1.001865
-0.9950324
-1.00284
-1.01992
-1.041148
-1.053835
-1.06506
-1.09434
-1.097511
-1.103368
-1.233176
-1.228296
-1.012112
-0.9613598
-0.9613598
-0.8601008
-0.7434673
-0.6422083
-0.6182963
-0.6065845
-0.57828
-0.5826725
-0.5902361
-0.5731562
-0.5731562
-0.5511954
-0.5511954
-0.5587605
-0.5565634
-0.5629086
-0.5785243
-0.5785243
-0.5814527
-0.6239086
-0.6117083
-0.6185406
-0.6378158
-0.6302523
-0.6456237
-0.6326921
-0.6761237
-0.6824673
-0.6824673
-0.6546514
-0.65514
-0.6885683
-0.6885683
-0.7439559
-0.7366366
-0.8159363
-0.8159363
-0.8008077
-0.8008077
-0.8347246
-0.797148
-0.8432637
-0.9396448
-0.9396448
-1.044808
-1.057984
-1.118252
-1.121181
-1.122887
-1.093607
-1.071159
-1.06506
-1.053348
-1.049689
-1.039197
-0.9903956
-0.9825878
-0.9803923
-0.9803923
-0.9781953
-0.9835634
-0.9945438
-0.9847832
-1.00284
-0.986736
-0.9967393
-0.9908842
-0.9652637
-1.005524
-1.002107
-0.9833207
-0.9828321
-0.9828321
-0.9942995
-0.9899086
-0.9816122
-0.97478
-0.9906399
-0.9906399
-0.9711204
-0.9711204
-0.9767327
-1.004791
-1.004304
-1.004304
-0.9703875
-0.9921041
-0.9977164
-0.9642881
-0.9984477
-0.9938125
-0.9794167
-0.9730715
-0.9796594
-0.9918598
-0.9913728
-0.9877115
-0.9786839
-0.9864917
-0.9864917
-0.9860047
-0.9874673
-0.9957637
-0.9623353
-0.9940552
-0.9940552
-0.9935682
-0.9674607
-0.9794167
-0.9818565
-0.9872246
-0.9921041
-0.9891757
-1.012601
-1.000888
-0.9923484
-0.9947881
-0.9581887
-0.9581887
-0.956236
-0.9955194
-1.035291
-1.048225
-1.020896
-1.028948
-1.028948
-0.9889315
-0.9625797
-0.9601399
-0.9337881
-0.9550161
-0.9586757
-0.9569673
-0.9523321
-0.9481839
-0.9574559
-0.9552604
-0.9533077
-0.9472083
-0.9637995
-0.9630682
-0.9640438
-0.9447685
-0.94428
-0.9352522
-0.9308598
-0.9215878
-0.9215878
-0.9274445
-0.9616041
-0.9142686
-0.9489167
-0.9618484
-0.9486725
-0.9498923
-0.940376
-0.9298842
-0.9420845
-0.9445242
