0.1141922
0.1015033
-0.9830763
-0.9847832
-0.9855161
-0.9767327
-0.9808794
-0.9845405
-0.9845405
-0.9855161
-0.9855161
-0.9857604
-0.9847832
-0.9845405
-0.9852718
-0.9852718
-0.986736
-0.9835634
-0.9808794
-0.9835634
-0.9830763
-0.9872246
-0.9860047
-0.9825878
-0.9813679
-0.9745357
-0.9821008
-0.9850276
-0.9850276
-0.9891757
-0.9840519
-0.9645324
-0.9696562
-0.9699005
-0.949648
-0.949648
-0.9411073
-0.9508679
-0.9296399
-0.9018239
-0.9057279
-0.9142686
-0.8722996
-0.8662001
-0.8530242
-0.8073956
-0.7978794
-0.8852327
-0.8852327
-0.8098354
-0.8015406
-0.7817767
-0.7341954
-0.7498125
-0.7976366
-0.7976366
-0.8176448
-0.7283403
-0.6487963
-0.6219559
-0.6304966
-0.5587605
-0.557052
-0.6258599
-0.6165879
-0.5890162
-0.5763273
-0.6373273
-0.6373273
-0.6585553
-0.6512361
-0.6634364
-0.7180927
-0.7310243
-0.7649396
-0.7649396
-0.8003207
-0.7359038
-0.7424917
-0.7205324
-0.7027197
-0.7561562
-0.803736
-0.8152035
-0.8183761
-0.8349673
-0.8659559
-0.8583924
-0.8720552
-0.8720552
-0.9374477
-0.9428158
-0.9464754
-0.9245161
-0.9506236
-0.9899086
-0.9899086
-0.9594086
-0.9740487
-0.9040194
-0.9982035
-1.029192
-0.9918598
-1.032852
-0.9942995
-0.9584315
-0.9662408
-0.9777083
-0.9777083
-0.9738044
-0.9184167
-0.9184167
-0.9679477
-0.9842963
-0.9689233
-0.9620926
-0.9335438
-0.9335438
-0.9330568
-0.9506236
-1.009917
