0.0697834
0.07344458
-0.9950324
-0.9864917
-0.9882001
-0.9979607
-0.9979607
-0.9979607
-0.9991806
-1.001132
-0.9969836
-0.9955194
-0.9889315
-0.9942995
-0.9911284
-0.9889315
-0.9884444
-0.9884444
-0.9864917
-0.9857604
-0.9916155
-0.9950324
-0.9923484
-0.9923484
-0.9957637
-0.998692
-0.9925926
-0.9911284
-0.9884444
-0.9945438
-0.9908842
-0.9901513
-0.9916155
-0.9938125
-0.9884444
-0.9977164
-0.9799038
-0.9799038
-0.9581887
-0.9262246
-0.9089005
-0.8986514
-0.8808402
-0.8476562
-0.8225242
-0.8225242
-0.7603044
-0.7812881
-0.7505438
-0.7088207
-0.6836888
-0.6705113
-0.6029234
-0.5619316
-0.5121562
-0.5858436
-0.6839315
-0.6736839
-0.6736839
-0.6475764
-0.5890162
-0.3894234
-0.3894234
-0.3894234
-0.3894234
0.9503794
0.9503794
0.9667279
0.9764884
0.9525763
0.940376
1.010404
1.029192
1.029192
0.9791725
1.063107
1.081651
1.103856
1.167541
1.147777
1.006988
0.9267116
0.7573761
0.6758794
0.5943843
0.5943843
0.44164
0.1717753
0.08100812
-0.004636771
-0.1256596
-0.1554283
-0.13664
-0.1371286
-0.1371286
-0.1224886
-0.09101141
-0.9342767
-0.9581887
-0.9581887
-0.9806366
-1.00894
-1.00894
-1.016992
-1.016992
-1.017967
-0.9691676
-0.9691676
-0.9711204
-0.9586757
-0.9784396
-0.9784396
-0.9855161
-0.9577001
-0.9723402
-0.9647767
-0.9803923
-0.9991806
-0.998692
-1.012357
-0.9803923
-0.9430601
-0.9972278
-0.9794167
-0.9789281
-0.9789281
-0.9647767
-0.9203679
-0.9606284
-0.9252474
-0.9027995
-0.8708354
-0.8708354
-0.8630276
-0.9201236
-0.9586757
-0.9408646
-0.9015797
-0.8823044
-0.8993842
-0.9054836
-0.9154884
-0.8957246
-0.8408239
-0.82228
-0.8386285
-0.8386285
-0.8354559
-0.8378956
