-0.9882001
-0.9969836
-0.9977164
-0.9928353
-0.9889315
-1.002107
-0.9933239
-0.9833207
-0.9838077
-0.9884444
-0.9964966
-0.9950324
-0.9862474
-0.9823435
-0.9808794
-0.9923484
-0.9942995
-0.9925926
-0.9955194
-0.9940552
-0.9818565
-0.9882001
-0.9994233
-0.9994233
-0.9955194
-0.9833207
-0.9845405
-0.9803923
-0.9789281
-0.9789281
-0.9901513
-1.016016
-1.044321
-1.057497
-1.063596
-1.072624
-1.070917
-1.027484
-1.027484
-0.9984477
-0.9989363
-0.9091448
-0.8823044
-0.8823044
-0.9272001
-0.8688842
-0.83692
-0.8330162
-0.8432637
-0.7981237
-0.7981237
-0.7461514
-0.7378565
-0.7129673
-0.7017442
-0.6917393
-0.6634364
-0.6536758
-0.6019478
-0.575596
-0.5504641
-0.4189478
-0.4189478
-0.4189478
-0.4189478
-0.4189478
-0.9437914
-0.9437914
-0.9091448
-0.9091448
-0.9091448
-0.9091448
-0.9091448
-0.9091448
-0.9091448
-0.7395634
-0.7395634
-0.7395634
-0.6731954
-0.6129282
-0.6129282
-0.5577833
-0.5111806
-0.4755553
-0.4213876
-0.3789316
-0.3274478
-0.2776726
-0.2276514
-0.1908078
-0.1590879
-0.131272
-0.02391205
-0.02391205
0.04196744
0.08027527
0.09881923
0.1973957
0.246684
0.2901156
0.2901156
0.3198843
0.3008518
0.2723045
0.2659593
0.2100846
0.2100846
-0.9742914
-0.9742914
-0.9742914
-0.9796594
-0.9796594
-0.9796594
-0.9872246
-0.9872246
-1.046516
-1.046516
-1.071892
-0.9855161
-0.9855161
-1.018944
-1.018944
-0.9874673
-0.9306155
-0.8405797
-0.8339917
-0.8766921
-0.8866953
-0.8825487
-0.9037767
-0.8908435
-0.8500959
-0.8181318
-0.8205715
-0.8347246
-0.8347246
-0.8442393
-0.8120324
-0.8288679
-0.83814
-0.8259396
-0.8483875
-0.8483875
-0.8708354
-0.8444836
-0.8610764
-0.9252474
-0.8910878
-0.8669315
-0.8352116
-0.8561953
-0.8366758
-0.8420438
-0.8874282
-0.8671758
-0.8671758
-0.8683956
-0.8591236
-0.8830357
-0.8920634
-0.8666887
-0.864736
-0.864736
-0.8644917
-0.8576595
-0.8688842
-0.8844998
-0.8681514
-0.8561953
-0.8354559
-0.8791318
-0.8791318
-0.8901122
-0.9142686
-0.8701041
-0.8701041
-0.8225242
-0.8281366
-0.7942197
-0.9706318
-0.7366366
-0.7366366
-0.8486318
-0.8032475
-0.9052393
-0.8957246
-0.8957246
-0.8193517
-0.8003207
-0.8003207
-0.9901513
-0.8422881
-0.9394005
-0.9272001
-0.9084119
-0.919148
-0.8615634
-0.8508288
-0.8793761
-0.8986514
-0.9023125
-0.9252474
-0.9252474
-0.8803517
-0.892552
-0.8937718
-0.9037767
-0.8991399
