0.02366776
0.00561236
0.002928323
0.005856646
0.002928323
0.002928323
0.003659626
0.006099377
0.006099377
0.005123788
0.001952734
0.003172609
0.007076522
0.007076522
0.004148198
-0.0007313028
0.005123788
0.007563538
0.001464162
-0.002195464
0.003659626
0.006832235
0.009760559
0.009271986
0.004636771
0.002684037
-0.001464162
-0.001219875
0
-0.004879501
-0.007076522
-0.01146745
-0.007807824
-0.007807824
-0.006587949
-0.00561236
-0.006099377
-0.01171174
-0.009516273
-0.01220031
-0.01220031
-0.01927527
-0.02610751
-0.03879639
-0.03708794
-0.02659608
-0.02171658
-0.02391205
-0.04026055
-0.05612049
-0.07417589
-0.06734365
-0.06197558
-0.03733223
-0.03733223
-0.01683552
-0.0007313028
0.04050328
0.04196744
0.05319216
0.04343161
0.04343161
0.1024804
0.07295601
0.06026869
0.1017476
0.1666515
0.1654316
0.1239527
0.1215114
0.176412
0.176412
0.176412
0.176412
0.1629918
0.1629918
0.1698241
0.2215521
0.2176482
0.2176482
0.2293599
0.2044723
0.1734837
0.1668957
0.03025571
-0.03611235
-0.03611235
-0.03049999
-0.05538763
-0.07881266
-0.1039446
-0.07295601
-0.09174427
-0.1200472
-0.124684
-0.1180961
-0.08198372
-0.1349316
-0.143228
-0.09833222
-0.09784365
-0.1146807
-0.1317605
-0.1505472
-0.1505472
-0.1354202
-0.157868
-0.157868
-0.140544
-0.1241954
-0.1241954
-0.1241954
-0.1078485
-0.1378599
-0.1180961
-0.1185846
-0.09686806
-0.09686806
-0.112728
-0.1115081
-0.1222443
-0.1222443
-0.1415195
-0.1295635
-0.1071156
-0.1005277
-0.1207801
-0.1442036
-0.1378599
-0.1478648
-0.1200472
-0.1107753
-0.1063843
-0.1244397
-0.1625033
-0.1642117
-0.1383485
-0.1146807
-0.09930781
-0.09881923
-0.1237084
-0.1288322
-0.1288322
-0.1276123
-0.1810472
-0.1788518
-0.1310277
-0.07783552
-0.07368731
-0.07368731
-0.05026384
-0.04733552
-0.05490061
