0.07685993
0.04367589
0.02610751
0.02171658
0.02171658
0.04196744
0.04196744
0.04294459
0.04294459
0.02195931
0.02195931
0.02195931
0.02195931
0.03513677
0.03025571
0.0263518
0.0263518
0.01903255
0.01683552
0.02000813
0.02000813
0.01756838
0.01610422
0.02610751
0.02513192
0.01098043
0.01098043
0.01488435
0.01659124
0.01878826
0.0222036
0.0222036
0.02171658
0.02415633
0.02122801
0.02342347
0.0180554
0.0180554
0.0180554
0.01659124
0.007563538
0.0124446
-0.01049186
0.00341534
0.006832235
-0.02879155
-0.04050328
-0.03879639
-0.05758465
-0.07149185
-0.03757652
-0.02903583
-0.02903583
-0.1037003
-0.0829593
-0.0690521
-0.1010163
-0.06954067
-0.03001142
-0.03001142
-0.07173613
-0.1407882
-0.1002834
-0.06148856
-0.07100328
-0.07100328
-0.04831266
-0.06783222
-0.06856353
-0.05563192
-0.05026384
-0.01951956
0.02122801
0.02122801
0.004148198
0.008540683
0.01049186
0.005123788
0.005123788
0.01829969
-0.006343663
-0.06124428
-0.05001955
-0.0353795
-0.04977527
-0.04977527
-0.09759936
-0.0871075
-0.06539247
-0.0690521
-0.04245602
-0.03757652
-0.07905539
-0.03342832
0.03001142
0.0263518
-0.003659626
-0.05050813
-0.03245273
-0.03245273
-0.0007313028
0.03904068
0.03318403
0.03220844
0.03684366
0.02342347
0.04123614
0.005368074
-0.00341534
-0.003659626
0.01976385
0.006099377
-0.01171174
-0.01171174
0.02049671
0.05148372
0.02903583
0.01390876
0.002928323
0.002928323
0.009516273
0.01073615
-0.04928825
-0.01903255
-0.04123614
0.02903583
0.04099186
0.04099186
0.06124428
0.03342832
0.006832235
-0.01122472
0.00341534
-0.01585994
-0.02928012
-0.03904068
-0.03001142
-0.01415149
-0.02806024
-0.03001142
-0.03001142
-0.02952441
-0.03562378
-0.0312313
