-0.00341534
-0.01390876
-0.01390876
-0.01098043
-0.01195602
-0.01390876
-0.01878826
-0.01683552
-0.01415149
-0.0124446
-0.01512863
-0.01659124
-0.01756838
-0.01781267
-0.01854397
-0.01756838
-0.01756838
-0.01610422
-0.01707981
-0.01366447
-0.01073615
-0.0090277
-0.01903255
-0.02806024
-0.002195464
0.005123788
-0.01781267
-0.01585994
0.03220844
-0.02586322
0.02708466
0.02708466
0.04148043
-0.01000329
0.04123614
0.0905244
0.1695798
0.1842199
0.2115488
0.2442442
0.2432687
0.2432687
0.2437557
0.2437557
0.2479039
0.2330195
0.2349723
0.2354593
0.2354593
0.2181367
0.2017882
0.2022752
0.194956
0.1973957
0.1969087
0.1944674
0.1854397
0.1754364
0.1712882
0.1507915
0.1585993
0.1515244
0.1351759
0.1351759
0.1224886
0.1415195
0.1371286
0.1371286
0.08857166
0.08857166
0.06954067
0.006343663
0.01049186
0.0173241
0.0173241
0.006099377
-0.0180554
-0.002195464
-0.004636771
-0.02708466
-0.05270359
-0.06831924
-0.07929967
-0.06587949
-0.07612862
-0.100772
-0.1144364
-0.1117524
-0.1088241
-0.1088241
-0.1019918
-0.07759123
-0.08735178
-0.08735178
-0.08344787
-0.1019918
-0.08808465
-0.09271986
-0.09149998
-0.1015033
-0.1222443
-0.1129723
-0.1032117
-0.1032117
-0.09028011
-0.1249283
-0.1705554
-0.1417638
-0.09003583
-0.09003583
-0.1429837
-0.1429837
-0.1110195
-0.09564818
-0.1010163
-0.1010163
-0.1268795
-0.06734365
-0.1910521
-0.1488404
-0.1195602
-0.1237084
-0.1322476
-0.143228
-0.1388355
-0.1224886
-0.1232199
-0.1383485
-0.1359087
-0.1332247
-0.1332247
-0.1300521
-0.1444479
-0.2098403
-0.1151677
-0.09442831
-0.09442831
-0.09393974
-0.1510358
-0.1259039
-0.1390798
-0.1295635
-0.1195602
-0.1300521
-0.1237084
-0.1124837
-0.1073599
-0.08930452
-0.1407882
-0.1407882
-0.03049999
0.04831266
0.08857166
0.09662377
0.05148372
-0.0002442863
-0.0002442863
-0.0829593
-0.216184
-0.2588843
-0.2583957
-0.2718159
-0.2535162
-0.2869445
-0.3037801
-0.3059755
-0.2893843
-0.3035358
-0.2967035
-0.3096367
-0.2937768
-0.2784039
-0.2630325
-0.2849918
-0.3237882
-0.3276921
-0.3125635
-0.3272035
-0.3272035
-0.3247638
-0.3457475
-0.3230554
-0.3140276
-0.2949966
-0.3062198
-0.3145162
-0.3240325
-0.3320846
-0.3040244
-0.31964
