-0.08198372
-0.08930452
-0.08100812
-0.08369216
-0.08784036
-0.09564818
-0.09442831
-0.09028011
-0.09808794
-0.09271986
-0.09418402
-0.09028011
-0.08686477
-0.08759607
-0.09271986
-0.09003583
-0.09003583
-0.09784365
-0.1251726
-0.1083355
-0.05904726
-0.05904726
-0.05880453
-0.0649039
-0.08588763
-0.09491532
-0.09223129
-0.09101141
-0.09101141
-0.09076868
-0.1000407
-0.1024804
-0.1056515
-0.1119967
-0.1266368
-0.1266368
-0.1051645
-0.1195602
-0.1295635
-0.1471319
-0.1471319
-0.1556726
-0.1439593
-0.1244397
-0.09686806
-0.06636807
-0.04782409
-0.04245602
-0.04245602
-0.07295601
-0.09149998
-0.02684037
-0.04782409
-0.06831924
-0.09613676
-0.1334674
-0.173728
-0.176412
-0.1786075
-0.1930033
-0.2020325
-0.1959316
-0.1842199
-0.1842199
-0.1961759
-0.1798274
-0.1615277
-0.1598208
-0.1598208
-0.155184
-0.1327361
-0.1322476
-0.1420081
-0.1444479
-0.1310277
-0.1310277
-0.1461563
-0.1607964
-0.1280994
-0.09296415
-0.08808465
-0.08198372
-0.1144364
-0.2061807
-0.2357036
-0.2159397
-0.2066677
-0.1871482
-0.1773876
-0.1769006
-0.1769006
-0.1473762
-0.1507915
-0.0946726
-0.07661564
-0.07661564
-0.1054087
-0.1254153
-0.1166319
-0.1212687
-0.1173648
-0.1163876
-0.1163876
-0.1249283
-0.1532313
-0.1751921
-0.1803159
-0.2152084
-0.2200879
-0.2012997
-0.1861726
-0.1803159
-0.1895879
-0.2078876
-0.2166726
-0.2464397
-0.2464397
-0.2286286
-0.298412
-0.2244804
-0.1898322
-0.2142313
-0.1566482
-0.1298078
-0.1259039
-0.1259039
-0.1215114
-0.1010163
-0.09515961
-0.1359087
-0.1373713
-0.1373713
-0.1717753
-0.1686042
-0.2008126
-0.2156954
-0.2191123
-0.2191123
-0.19764
-0.1790961
-0.1934918
-0.2113045
-0.2017882
-0.2217964
-0.2152084
-0.1910521
