-0.09247557
-0.1046759
-0.1017476
-0.1017476
-0.1063843
-0.1071156
-0.1032117
-0.1039446
-0.1039446
-0.1093127
-0.1093127
-0.1102882
-0.1049202
-0.103456
-0.1066286
-0.1129723
-0.1049202
-0.09930781
-0.09930781
-0.1054087
-0.1110195
-0.1117524
-0.1122394
-0.1063843
-0.1085798
-0.1085798
-0.1156563
-0.1141922
-0.1068713
-0.1076042
-0.1071156
-0.1058958
-0.1058958
-0.1112638
-0.1137036
-0.1124837
-0.1083355
-0.1129723
-0.1112638
-0.1112638
-0.1073599
-0.1159006
-0.1268795
-0.1581123
-0.1525
-0.1244397
-0.1244397
-0.1171205
-0.1412753
-0.1649446
-0.1986156
-0.2413159
-0.2759641
-0.2615683
-0.2152084
-0.1481075
-0.08540061
-0.0690521
-0.03977198
-0.08003253
-0.04343161
-0.003659626
0.01464006
-0.004148198
0.02806024
0.01683552
0.01683552
-0.01342018
-0.02976869
-0.1017476
-0.06173129
-0.02732738
-0.02732738
-0.009271986
-0.02244788
-0.04318732
-0.06612378
-0.07002769
-0.08198372
-0.08540061
-0.08393645
-0.05221658
-0.008296397
-0.01781267
-0.1022361
-0.051728
-0.08857166
-0.08857166
-0.1568925
-0.09686806
0.01220031
0.002684037
-0.0336726
-0.04367589
-0.04367589
0.03220844
0.01854397
-0.02293646
-0.04221173
-0.006099377
0.0004885725
0.001219875
0
0.01439577
-0.001952734
-0.08515632
-0.05856024
-0.05856024
-0.03586807
-0.05490061
-0.02854726
-0.0090277
-0.01024758
0.006587949
0.02269217
0.01024758
-0.06465962
-0.09613676
-0.1029674
-0.1361515
-0.07954396
-0.04806838
-0.05490061
-0.09345272
-0.1356644
-0.1539641
-0.0780798
-0.0780798
-0.06612378
-0.0509967
-0.06636807
-0.1305407
-0.10614
-0.10614
-0.1024804
-0.07344458
-0.09320843
-0.06954067
-0.0829593
-0.07881266
-0.07881266
-0.1134593
-0.3603876
-0.1161433
0.02171658
-0.002928323
0.04294459
0.04294459
0.09418402
0.08100812
0.05245931
-0.1237084
-0.1542084
-0.2020325
-0.2020325
-0.2156954
-0.2386319
-0.222772
-0.2684006
-0.2923126
-0.2910928
-0.3172003
-0.3664885
-0.4108957
-0.4108957
-0.4172394
-0.4169966
-0.5868207
-0.5868207
-0.4248045
-0.4531074
-0.4531074
-0.4370048
-0.4777524
-0.4955634
-0.4955634
-0.5038599
-0.4943436
-0.4950764
-0.5072768
-0.5006872
-0.4916596
