0.01829969
0.01439577
0.01390876
0.01439577
0.0180554
0.0180554
0.0180554
0.0180554
0.0180554
0.01464006
0.01464006
0.004636771
0.007807824
0.007807824
0.006832235
0.01268733
0.0180554
0.01098043
0.01098043
0.007319252
0.01220031
0.01415149
0.009760559
0.009760559
0.01024758
0.01220031
0.01439577
0.01146745
0.01049186
0.009760559
0.009760559
0.006832235
0.007319252
0.009271986
0.006832235
0.006832235
0.007076522
0.01146745
0.009271986
0.01000329
0.0090277
0.00561236
0.006343663
0.007319252
0.002195464
-0.01000329
-0.01439577
-0.01122472
-0.01707981
-0.0007313028
0.008783413
0.01293161
0.004879501
0.01220031
0.02708466
0.0566075
0.0566075
0.06343974
0.07661564
0.0566075
0.04050328
0.02513192
0.06124428
0.07466446
0.1012605
0.1283436
0.1622605
0.1827557
0.1573795
0.1076042
0.07246744
0.07588433
0.07051627
0.07051627
0.07051627
0.07051627
0.07051627
0.07051627
0.08735178
0.08735178
0.09833222
0.1178518
0.1178518
0.13664
0.1442036
0.1407882
0.1407882
0.1407882
0.1361515
0.1300521
0.1205358
0.1302964
0.1302964
0.1317605
0.1168762
0.1166319
0.1095554
0.0863762
0.07076055
0.06709937
0.07173613
0.05001955
0.05001955
0.07368731
0.04709123
0.05123943
0.03586807
0.02440062
-0.007076522
-0.05538763
-0.03659937
-0.02586322
-0.05880453
-0.05880453
-0.05880453
-0.07515148
-0.03708794
-0.0312313
-0.1046759
-0.08832738
-0.02098372
-0.009760559
-0.009760559
-0.01195602
-0.01024758
-0.01268733
-0.01268733
-0.04221173
-0.04489577
-0.04050328
-0.06587949
-0.07929967
-0.04782409
-0.04977527
-0.04977527
-0.0131759
0.00341534
0.04757981
0.1793403
0.2818208
0.2818208
0.1815358
0.04562863
-0.05245931
-0.01903255
-0.03708794
-0.1715325
-0.3189087
-0.3440406
-0.3145162
-0.2288713
-0.2923126
-0.3647801
-0.3647801
-0.3967442
-0.4265113
-0.3679527
-0.3679527
-0.3530683
-0.3201286
-0.3201286
-0.3662442
-0.3401367
-0.3498957
-0.3018273
-0.3254966
-0.3362313
-0.2476596
-0.2637638
-0.2725488
-0.3311075
-0.3469674
-0.3420879
-0.3420879
-0.356728
-0.3579478
-0.4262686
-0.3913761
-0.3886921
-0.3908876
-0.3957686
-0.3957686
-0.392596
-0.3830797
