-0.1373713
-0.1490846
-0.1485961
-0.1542084
-0.1424967
-0.1585993
-0.1581123
-0.1485961
-0.1485961
-0.1485961
-0.1525
-0.1554283
-0.1554283
-0.1546954
-0.1539641
-0.1493274
-0.1490846
-0.1393241
-0.1307834
-0.1307834
-0.1320033
-0.1500602
-0.1500602
-0.1417638
-0.1395684
-0.1395684
-0.1439593
-0.1546954
-0.1607964
-0.1481075
-0.1383485
-0.1637247
-0.1637247
-0.1776319
-0.13664
-0.1080912
-0.1137036
-0.1134593
-0.1058958
-0.0912557
-0.0912557
-0.155184
-0.1412753
-0.1625033
-0.1712882
-0.1712882
-0.1944674
-0.1683599
-0.1632361
-0.1720195
-0.1854397
-0.1573795
-0.1381042
-0.1468876
-0.1693355
-0.1942247
-0.2008126
-0.2261873
-0.2520521
-0.2520521
-0.2056921
-0.1495717
-0.3037801
-0.3037801
-0.3037801
-0.2305798
-0.1561596
-0.1224886
-0.1224886
-0.1224886
-0.2217964
-0.2217964
-0.1937361
-0.1498159
-0.1498159
-0.08759607
-0.05343645
-0.06929639
-0.07466446
-0.07466446
-0.07002769
-0.05050813
-0.04514005
-0.1720195
-0.1732394
-0.1520114
-0.1520114
-0.1400554
-0.1071156
-0.08173943
-0.1090684
-0.1117524
-0.1117524
-0.1195602
-0.1210244
-0.1429837
-0.1981286
-0.1925162
-0.1549397
-0.1888566
-0.1888566
-0.1888566
-0.1690928
-0.1932475
-0.1898322
-0.1549397
-0.1654316
-0.1773876
-0.1329804
-0.1329804
-0.03781925
-0.1105325
-0.1105325
-0.1651873
-0.1427394
-0.05368074
-0.06636807
-0.1847084
-0.2430244
-0.2540033
-0.2405846
-0.2147198
-0.3479445
-0.3589234
-0.3462361
-0.3059755
-0.3059755
-0.3206156
-0.2981677
-0.2969478
-0.2969478
-0.3623403
-0.4082117
-0.4004039
-0.4948322
-0.5499755
-0.5499755
-0.5458273
-0.5458273
-0.5536367
-0.5307002
-0.5419234
-0.5414364
