-0.03001142
-0.03659937
-0.03196416
-0.02562049
-0.03171987
-0.03196416
-0.04074757
-0.04074757
-0.03733223
-0.02952441
-0.0353795
-0.03562378
-0.04318732
-0.03904068
-0.03025571
-0.02879155
-0.02366776
-0.0312313
-0.05026384
-0.05026384
-0.04977527
-0.05978011
-0.002439751
0.001952734
0.003172609
-0.02195931
-0.007076522
-0.007076522
0.01171174
0.006343663
-0.04050328
-0.02928012
-0.02781596
-0.03391533
-0.05294788
0.0214723
0.0566075
0.06465962
0.05563192
-0.05465633
-0.0780798
-0.0780798
-0.08198372
-0.1002834
-0.1881238
-0.06221987
-0.06221987
-0.06221987
-0.0468485
-0.02976869
-0.02976869
0.005368074
0.005368074
0.06221987
0.03464819
0.0263518
0.02415633
0.07588433
0.07588433
0.02269217
-0.009271986
-0.02318074
-0.04953254
-0.009516273
-0.009516273
0.08613191
0.09271986
0.05221658
0.01951956
0.03269546
-0.03025571
-0.03025571
-0.05026384
-0.03342832
-0.04367589
-0.04489577
-0.06685664
-0.06685664
-0.09662377
-0.09662377
-0.1349316
-0.1349316
-0.1349316
-0.1686042
-0.1686042
-0.1686042
-0.1688485
-0.2044723
-0.2044723
-0.1971515
-0.1156563
-0.1144364
-0.1144364
-0.1144364
-0.1015033
-0.1603078
-0.176412
-0.1559153
-0.1571368
-0.1861726
-0.2017882
-0.1917834
-0.1654316
-0.1464006
-0.1461563
-0.1527443
-0.1622605
