0.06587949
0.0395277
0.08442346
0.0509967
0.04855539
0.05026384
0.04831266
0.04831266
0.04538434
0.04782409
0.04611564
0.04709123
0.03830782
0.04440875
0.04196744
0.04538434
0.04392018
0.04733552
0.03904068
0.03513677
0.04733552
0.0395277
0.0395277
0.03928341
0.03464819
0.03806353
0.02952441
0.02610751
0.03147558
0.03147558
0.03635664
0.03440391
0.0222036
0.02952441
0.03513677
0.051728
0.05416775
0.05441204
0.05416775
0.04782409
0.03781925
0.03635664
0.03635664
0.03318403
0.02928012
0.03684366
0.04953254
0.04367589
0.03781925
0.03708794
0.03708794
0.03074428
0.03196416
0.03147558
0.02928012
0.02928012
0.02732738
0.03098857
0.03025571
0.03562378
0.03098857
0.02976869
0.02976869
0.02708466
0.03074428
0.02732738
0.03196416
0.02684037
0.02928012
0.02928012
0.02488763
0.02269217
0.01878826
0.02610751
0.02806024
0.02366776
0.02464335
0.01683552
0.02708466
0.02366776
0.01707981
0.01561565
0.01439577
0.03220844
0.03147558
0.03147558
0.02659608
0.03928341
0.04587136
0.04196744
0.04196744
0.03586807
0.02830453
0.02830453
0.04196744
0.04172472
0.03806353
0.03977198
0.03977198
0.03611235
0.03733223
0.04709123
0.04026055
0.02415633
0.02415633
0.02415633
0.01829969
0.03171987
0.0312313
0.02976869
0.02976869
0.0336726
0.03171987
0.03342832
0.03757652
0.03708794
0.03635664
0.03098857
0.03806353
0.04196744
0.0353795
0.02659608
0.0263518
0.03611235
0.03635664
0.0468485
0.04733552
0.04392018
0.03611235
0.03855211
0.03098857
0.03098857
0.02610751
0.02708466
0.03269546
0.03562378
0.05563192
0.04148043
0.03001142
0.03001142
0.02562049
0.02854726
0.0353795
0.04953254
0.05368074
0.04660422
0.05538763
0.05294788
0.04538434
0.03342832
0.03855211
0.03855211
0.03342832
0.02488763
0.02049671
0.01829969
0.03245273
0.03977198
0.03977198
0.03342832
0.03635664
0.0353795
0.03781925
0.03318403
0.02879155
0.02757167
0.02757167
0.02757167
0.02854726
0.02440062
0.02171658
0.02171658
0.02879155
0.03001142
0.03074428
0.02488763
0.0214723
0.01439577
0.01073615
0.01073615
0.0263518
0.02415633
0.02464335
0.02464335
0.02562049
0.01756838
0.02757167
0.02952441
0.03293975
0.03318403
0.02464335
0.02903583
0.02415633
0.01781267
0.01707981
0.01049186
0.01049186
0.01049186
0.02000813
0.02073944
0.01951956
0.009516273
0.01707981
0.02342347
0.02342347
0.03245273
0.02952441
0.02830453
0.02562049
0.02391205
0.02391205
0.03293975
0.02781596
0.01927527
0.02025242
0.02098372
0.01781267
0.03489248
0.03489248
0.02781596
0.02195931
0.03147558
0.02830453
0.02830453
0.03830782
0.04416447
0.04196744
0.03904068
0.02732738
0.01512863
0.01512863
0.0312313
0.03611235
0.03440391
0.009516273
0.03001142
0.03513677
0.02976869
0.03415962
0.03415962
0.03049999
0.02195931
0.0131759
0.0131759
0.01293161
0.02366776
0.02952441
0.0395277
0.04270031
0.0353795
0.0353795
0.03220844
0.03025571
0.02952441
0.03074428
0.0468485
0.04221173
0.04562863
0.04074757
0.04074757
0.03611235
0.02806024
0.02830453
0.02440062
0.0214723
0.03611235
0.03611235
0.03977198
0.03928341
0.03635664
0.03318403
0.03464819
0.03928341
0.04416447
0.04196744
0.03684366
0.03440391
0.02708466
0.03171987
0.03611235
0.03147558
0.02684037
0.02269217
0.01659124
0.01659124
0.01854397
0.01854397
0.0173241
0.007076522
0.001219875
0.006587949
0.01000329
0.01585994
0.02708466
0.02122801
0.02000813
0.01366447
0.01146745
0
0.007319252
0.006343663
0.01146745
0.003659626
0.008296397
0.01610422
0.01781267
0.01781267
0.01293161
0.01512863
0.02342347
0.01220031
0.01366447
0.01561565
0.01024758
0.01781267
0.01512863
0.009271986
0.01195602
0.01073615
0.009516273
0.00561236
0.003172609
-0.0090277
-0.0004885725
-0.002439751
-0.01024758
-0.01024758
-0.006343663
-0.006587949
-0.004636771
0.004392485
-0.01049186
0.0004885725
0.0004885725
-0.004392485
-0.01829969
-0.03781925
-0.01951956
-0.02122801
-0.01927527
-0.03147558
-0.04099186
-0.04855539
-0.05245931
-0.05319216
-0.05636477
-0.07051627
-0.07149185
-0.07149185
-0.06831924
-0.07515148
-0.07539576
-0.07612862
-0.07612862
-0.07295601
-0.07588433
-0.07515148
-0.07344458
-0.07124756
-0.07954396
-0.07588433
-0.06636807
-0.0649039
-0.07198042
-0.06661235
-0.06587949
-0.06612378
-0.06612378
-0.05831595
-0.05758465
-0.05490061
-0.05490061
-0.05001955
-0.05148372
-0.05953583
-0.07929967
-0.07271173
-0.07124756
-0.07124756
-0.07002769
-0.08149669
-0.08832738
-0.06880782
-0.05953583
-0.06734365
-0.06734365
-0.07027198
-0.0690521
-0.06392831
-0.0641726
-0.06465962
-0.05050813
-0.0607557
-0.0607557
-0.05123943
-0.05197229
-0.05612049
-0.06343974
-0.07124756
-0.06880782
-0.06880782
-0.0607557
-0.06441533
-0.0558762
-0.06026869
-0.05197229
-0.05538763
-0.05026384
-0.04977527
-0.04611564
-0.04660422
-0.05123943
-0.05221658
-0.05026384
-0.05026384
-0.05001955
-0.04245602
-0.04709123
-0.04270031
-0.03025571
-0.03025571
-0.01707981
-0.04245602
-0.04562863
-0.02586322
-0.01610422
-0.01610422
-0.01634851
-0.0131759
-0.01610422
-0.001219875
0.006587949
0.01098043
0.01098043
-0.005856646
0.01098043
0.07027198
0.0773485
0.07954396
0.08564334
0.08564334
0.09930781
0.1124837
0.1054087
0.1344446
0.1327361
0.1327361
0.07978825
0.1024804
0.1012605
0.1224886
0.1149235
0.1000407
0.09881923
0.1029674
0.09101141
0.103456
0.1012605
0.08271657
0.07002769
0.07002769
0.07295601
0.07832409
0.05368074
0.06685664
0.0829593
0.0780798
0.04611564
0.05148372
0.06636807
0.07881266
0.08198372
0.06734365
0.05563192
0.05563192
0.07222471
0.08515632
0.0690521
0.05270359
0.04123614
0.0697834
0.06880782
0.06880782
0.06051142
0.1107753
0.1017476
0.08442346
0.0829593
0.0829593
0.08369216
0.06051142
0.05685179
0.08515632
0.08418074
0.05929154
0.06197558
0.04221173
0.05978011
0.05880453
0.05001955
0.04562863
0.04562863
0.06099999
0.06295273
0.01000329
0.07124756
0.09515961
0.1046759
0.1046759
-0.04196744
0.06221987
0.1107753
0.1019918
0.08466775
-0.00561236
0.02269217
0.07832409
0.05416775
0.0946726
0.04489577
0.04953254
0.03830782
0.03830782
0.06465962
0.07100328
0.0690521
0.05368074
0.06173129
0.0600244
0.05148372
0.06148856
0.06539247
0.06343974
0.05831595
0.0600244
0.06026869
0.05758465
0.05904726
0.05197229
0.04660422
0.03464819
0.03464819
0.03977198
0.04270031
0.04538434
0.04367589
0.05221658
0.05563192
0.05123943
0.05123943
0.04733552
0.07978825
0.07539576
0.08027527
0.08442346
0.08442346
0.08173943
0.06758794
0.07905539
0.0829593
0.07929967
0.08954725
0.08954725
0.09247557
0.08857166
0.09564818
0.09369545
0.08540061
0.08076384
0.07929967
0.07929967
0.09686806
0.1205358
0.1090684
0.1090684
0.1071156
0.1200472
0.1310277
0.1234641
0.1185846
0.1215114
0.1212687
0.1290765
0.1305407
0.127368
0.1227313
0.1227313
0.1293192
0.1293192
0.1454235
0.1454235
0.1478648
0.1437166
0.1483518
0.1373713
0.1146807
0.1215114
0.1144364
0.1166319
0.1212687
0.1227313
0.1146807
0.1066286
0.08954725
0.1037003
0.1095554
0.1132166
0.0946726
0.0912557
0.08881595
0.08881595
0.08759607
0.05538763
0.08954725
0.1024804
0.1256596
0.112728
0.112728
0.1212687
0.1032117
0.09589247
0.09955209
0.09955209
0.1058958
0.09247557
0.0946726
0.07490875
0.0905244
0.115412
0.1049202
0.1110195
0.1110195
0.1105325
0.1005277
0.103456
0.09906352
0.07368731
0.07368731
0.0871075
0.09881923
0.100772
0.1049202
0.09589247
0.09271986
0.08808465
0.1056515
0.09857651
0.09857651
0.08369216
0.08369216
0.09589247
0.0946726
0.09149998
0.08442346
0.09320843
0.09540389
0.0905244
0.0905244
0.08857166
0.1017476
0.09515961
0.08442346
0.082228
0.09003583
0.08784036
0.07466446
0.07685993
0.08100812
0.08735178
0.06783222
0.07783552
0.08515632
0.08930452
0.08173943
0.08149669
0.08808465
0.08808465
0.09076868
0.06758794
0.08564334
0.0829593
0.08881595
0.07490875
0.07246744
0.07246744
0.07149185
0.08906023
0.08393645
0.0905244
0.08979154
0.08906023
0.0946726
0.0946726
0.09198856
0.08613191
0.1037003
0.1151677
0.1080912
0.1080912
0.0905244
0.09369545
0.1102882
0.1200472
0.1151677
0.1188274
0.1068713
0.1056515
0.09857651
0.07978825
0.07978825
0.09930781
0.09930781
0.09491532
0.1049202
0.1088241
0.1039446
0.1044316
0.09662377
0.09662377
0.09906352
0.1090684
0.08100812
0.1097997
0.09833222
0.09247557
0.1122394
0.1071156
0.103456
0.09491532
0.1046759
0.1073599
0.1110195
0.1083355
0.1083355
0.1122394
0.1071156
0.09637949
0.09637949
0.1037003
0.09613676
0.09613676
0.1156563
0.1146807
0.1015033
0.1066286
0.1163876
0.1168762
0.1002834
0.1054087
0.09686806
0.1000407
0.1046759
0.1046759
0.09393974
0.1066286
0.1107753
0.1141922
0.1076042
0.1076042
0.103456
0.1088241
0.1124837
0.1078485
0.1039446
0.1024804
0.09637949
0.09637949
0.09979638
0.1024804
0.1024804
0.1151677
0.1205358
0.122
0.1112638
0.1044316
0.1029674
0.1068713
0.1141922
0.09881923
0.09881923
0.1002834
0.1000407
0.1041873
0.1022361
0.1015033
0.1012605
0.1032117
0.1032117
0.100772
0.1041873
0.09369545
0.1032117
0.09369545
0.09223129
0.09491532
0.09198856
0.1032117
0.09857651
0.09881923
0.09174427
0.09174427
0.09906352
0.09784365
0.100772
0.09003583
0.07905539
0.08418074
0.1010163
0.09881923
0.09759936
0.07881266
0.08930452
0.09101141
0.1024804
0.09662377
0.08735178
0.09198856
0.08515632
0.08393645
0.08662049
0.08466775
0.08466775
0.08784036
0.08247229
0.08076384
0.08881595
0.09662377
0.09662377
0.09540389
0.07490875
0.07978825
0.0905244
0.09442831
0.09515961
0.08491204
0.08832738
0.08759607
0.08198372
0.08051955
0.07759123
0.07759123
0.08344787
0.08369216
0.08662049
0.09564818
0.09174427
0.100772
0.1002834
0.1002834
0.09271986
0.09418402
0.09369545
0.09613676
0.08881595
0.08881595
0.0739316
0.09271986
0.09784365
0.09686806
0.09442831
0.09198856
0.09540389
0.09662377
0.0905244
0.09223129
0.07929967
0.07442018
0.08369216
0.08247229
0.08247229
0.08564334
0.08125241
0.08613191
0.08247229
0.08759607
0.1022361
0.1000407
0.09589247
0.08418074
0.09540389
0.09515961
0.08759607
0.08759607
0.07124756
0.07368731
0.08491204
0.08247229
0.07954396
0.07954396
0.08027527
0.08173943
0.08344787
0.08100812
0.08198372
0.08125241
0.08125241
0.0946726
0.08003253
0.08613191
0.0912557
0.08540061
0.07685993
0.09198856
0.09198856
0.0871075
0.08540061
0.07978825
0.07978825
0.100772
0.1002834
0.0863762
0.08686477
0.1015033
0.08344787
0.0773485
0.07442018
0.07564005
0.07149185
0.07027198
0.07490875
0.1010163
0.10614
0.08881595
0.09003583
0.09564818
0.09711234
0.09247557
0.0732003
0.05929154
0.05929154
0.07637135
0.07954396
0.0649039
0.07783552
0.07515148
0.07515148
0.09515961
0.09589247
0.1010163
0.103456
0.1029674
0.1029674
0.1080912
0.09955209
0.0905244
0.08051955
0.08051955
0.0912557
0.09174427
0.0871075
0.09149998
0.09149998
0.09613676
0.09442831
0.09784365
0.09174427
0.09174427
0.08662049
0.08808465
0.08784036
0.08662049
0.08954725
0.08393645
0.07173613
0.08344787
0.08832738
0.08613191
0.08418074
0.07149185
0.08003253
0.08003253
0.07783552
0.07490875
0.07905539
0.07515148
0.08149669
0.08149669
0.07100328
0.07515148
0.08735178
0.09515961
0.08247229
0.08442346
0.07881266
0.08198372
0.08564334
0.08393645
0.08027527
0.08832738
0.08344787
0.08344787
0.08442346
0.07881266
0.07783552
0.07759123
0.07759123
0.07929967
0.07929967
0.08149669
0.07222471
0.08003253
0.08100812
0.08198372
0.08247229
0.08954725
0.08466775
0.07661564
0.082228
0.08051955
0.08125241
0.0780798
0.07881266
0.08076384
0.08173943
0.08564334
0.08173943
0.08173943
0.08588763
0.08588763
0.08369216
0.08003253
0.07954396
0.07661564
0.07759123
0.07759123
0.0697834
0.07564005
0.07881266
0.07905539
0.08857166
0.08735178
0.08881595
0.08662049
0.07783552
0.08418074
0.10614
0.08491204
0.07124756
0.08247229
0.08247229
0.07490875
0.08271657
0.07344458
0.07344458
0.06831924
0.05953583
0.07856838
0.07856838
0.0829593
0.09003583
0.08759607
0.0739316
0.0739316
0.06587949
0.0690521
0.08271657
0.07661564
0.07661564
0.06880782
0.0600244
0.05929154
0.06954067
0.07929967
0.07368731
0.06880782
0.07344458
0.06563676
0.08149669
0.07832409
0.0780798
0.07076055
0.06612378
0.06392831
0.06856353
0.06661235
0.06465962
0.06929639
0.07612862
0.07710421
0.07710421
0.07198042
0.07978825
0.08393645
0.07612862
0.0732003
0.0732003
0.0739316
0.0739316
0.06831924
0.06270844
0.05880453
0.06319545
0.0697834
0.07417589
0.06319545
0.06197558
0.07027198
0.05441204
0.0600244
0.07124756
0.06563676
0.06685664
0.06441533
0.06709937
0.06880782
0.06880782
0.07124756
0.06465962
0.06270844
0.06709937
0.0732003
0.0732003
0.07954396
0.08125241
0.07832409
0.07783552
0.07198042
0.07173613
0.07173613
0.07027198
0.0641726
0.05636477
0.05319216
0.06246415
0.06734365
0.06734365
0.06587949
0.06343974
0.0739316
0.0780798
0.07149185
0.07661564
0.07661564
0.06661235
0.06246415
0.06319545
0.05685179
0.06563676
0.08027527
0.0773485
0.07905539
0.07417589
0.082228
0.08442346
0.08442346
0.08784036
0.07978825
0.0871075
0.06831924
0.06099999
0.06709937
0.07515148
0.08881595
0.08857166
0.07588433
0.07368731
0.07442018
0.07295601
0.06392831
0.06807651
0.07173613
0.07051627
0.06465962
0.05953583
0.051728
0.06246415
0.06368402
0.06563676
0.06441533
0.06831924
0.06758794
0.06636807
0.06636807
0.0641726
0.07295601
0.07198042
0.06929639
0.06685664
0.06441533
0.051728
0.05538763
0.05953583
0.06758794
0.07515148
0.06685664
0.06685664
0.05807167
0.06612378
0.07564005
0.06661235
0.06929639
0.06124428
0.05490061
0.05001955
0.05343645
0.06246415
0.07124756
0.07246744
0.06392831
0.06392831
0.06343974
0.06246415
0.06465962
0.06661235
0.06636807
0.05441204
0.05441204
0.05441204
0.05904726
0.05978011
0.06343974
0.07246744
0.07198042
0.07637135
0.07637135
0.06368402
0.0558762
0.05270359
0.04977527
0.05563192
0.06246415
0.06246415
0.06246415
0.06051142
0.06099999
0.06685664
0.07149185
0.07149185
0.05245931
0.05245931
0.0509967
0.05734036
0.05734036
0.05734036
0.07027198
0.06319545
0.06758794
0.07442018
0.06880782
0.06709937
0.05612049
0.05636477
0.05978011
0.05075242
0.05026384
0.06465962
0.07978825
0.07978825
0.07490875
0.05270359
0.0468485
0.05514335
0.05514335
0.06051142
0.06758794
0.06441533
0.06465962
0.06124428
0.0558762
0.0558762
0.05148372
0.05075242
0.04904397
0.05343645
0.05636477
0.05294788
0.06392831
0.07783552
0.08784036
0.08076384
0.07954396
0.07417589
0.08759607
0.08759607
0.09515961
0.09906352
0.1012605
0.09979638
0.1010163
0.0946726
0.09662377
0.082228
0.07222471
0.06856353
0.07027198
0.07173613
0.06685664
0.0690521
0.07051627
0.07051627
0.06880782
0.06124428
0.05245931
0.06051142
0.06612378
0.06368402
0.06587949
0.06539247
0.06392831
0.06929639
0.06929639
0.07856838
0.07588433
0.06173129
0.05904726
0.06148856
0.06124428
0.06124428
0.0649039
0.07002769
0.07100328
0.06783222
0.06514819
0.06392831
0.05758465
0.04831266
0.05831595
0.04928825
0.0353795
0.04489577
0.05392347
0.05758465
0.05026384
0.05221658
0.05001955
0.05026384
0.051728
0.051728
0.04343161
0.04514005
0.05416775
0.06051142
0.06197558
0.05538763
0.04587136
0.05343645
0.04806838
0.06465962
0.05782738
0.05050813
0.03904068
0.04733552
0.04733552
0.06148856
0.07246744
0.08125241
0.08125241
0.08125241
0.08906023
0.08857166
0.09028011
0.09662377
0.09345272
0.09003583
0.09174427
0.08857166
0.09296415
0.09906352
0.1039446
0.1112638
0.1117524
0.1166319
0.09028011
0.09028011
0.082228
0.06954067
0.07710421
0.07685993
0.07368731
0.07368731
0.05685179
0.04977527
0.04587136
0.04709123
0.05563192
0.05563192
0.08051955
0.07978825
0.08735178
0.09271986
0.09198856
0.07832409
0.07002769
0.05734036
0.05197229
0.04343161
0.05441204
0.04050328
0.04050328
0.0395277
0.04465148
0.04050328
0.05123943
0.05978011
0.05978011
0.05978011
0.05953583
0.0566075
0.04123614
0.05075242
0.04318732
0.04270031
0.04709123
0.05050813
0.05514335
0.05978011
0.05563192
0.06026869
0.05343645
0.05123943
0.04050328
0.04343161
0.05856024
0.05734036
0.05245931
0.05075242
0.04343161
0.04172472
0.04099186
0.04123614
0.04392018
0.04050328
0.03318403
0.03049999
0.05026384
0.05026384
0.03855211
0.04514005
0.04514005
0.04489577
0.04148043
0.04172472
0.05294788
0.03879639
0.03318403
0.04392018
0.04392018
0.04928825
0.05880453
0.04416447
0.04709123
0.04562863
0.04562863
0.05343645
0.05075242
0.0600244
0.05270359
0.05075242
0.04904397
0.04782409
0.05538763
0.0732003
0.07539576
0.0690521
0.06465962
0.06539247
0.06319545
0.06319545
0.06563676
0.05807167
0.06173129
0.0558762
0.0558762
0.06856353
0.05197229
0.06295273
0.06368402
0.05343645
0.05245931
0.04757981
0.0566075
0.0566075
0.06173129
0.06612378
0.07100328
0.07100328
0.07929967
0.08100812
0.08369216
0.07856838
0.06148856
0.07344458
0.08686477
0.08735178
0.09369545
0.09515961
0.09223129
0.08466775
0.07954396
0.08930452
0.08930452
0.0905244
0.08564334
0.08784036
0.0732003
0.06295273
0.0739316
0.08784036
0.08784036
0.08418074
0.0829593
0.08393645
0.07515148
0.07515148
0.07295601
0.07027198
0.07246744
0.07295601
0.07783552
0.08564334
0.08344787
0.08027527
0.08027527
0.07783552
0.07124756
0.06051142
0.06539247
0.06539247
0.05538763
0.06441533
0.08393645
0.07954396
0.06539247
0.0558762
0.07051627
0.08076384
0.06807651
0.06563676
0.06124428
0.06636807
0.06685664
0.06392831
0.06636807
0.07539576
0.07539576
0.06807651
0.05343645
0.06319545
0.05148372
0.05148372
0.05075242
0.05245931
0.05807167
0.05709608
0.05709608
0.0509967
0.04172472
0.04782409
0.0395277
0.04538434
0.04538434
0.04562863
0.04245602
0.05050813
0.04855539
0.04562863
0.03025571
0.005368074
0.03025571
0.03025571
0.02318074
0.03904068
0.03440391
0.02854726
0.02854726
0.03001142
0.02879155
0.03049999
0.03611235
0.03879639
0.03708794
0.03001142
0.02903583
0.02952441
0.03635664
0.03611235
0.04148043
0.04123614
0.0395277
0.04270031
0.03196416
0.03708794
0.03977198
0.04001627
0.03635664
0.03635664
0.04196744
0.04392018
0.04148043
0.04392018
0.04733552
0.04733552
0.04635993
0.04562863
0.04148043
0.04148043
0.03830782
0.04587136
0.03977198
0.04001627
0.04050328
0.04416447
0.04757981
0.03977198
0.0395277
0.0395277
0.04172472
0.04245602
0.04001627
0.04562863
0.04343161
0.04343161
0.04733552
0.05123943
0.04782409
0.05197229
0.06270844
0.01781267
0.01024758
0.04635993
0.05075242
0.04367589
0.04367589
0.03489248
0.03757652
0.03781925
0.04538434
0.04538434
0.03245273
0.03757652
0.03977198
0.04904397
0.05123943
0.05123943
0.05685179
0.05685179
0.03977198
0.03977198
0.01561565
0.04148043
0.05368074
0.05026384
0.04026055
0.01854397
0.02708466
0.02073944
0.02073944
0.01024758
0.009516273
0.02440062
0.03464819
0.04123614
0.051728
0.051728
0.03806353
0.01024758
0.01439577
0.04733552
0.05416775
0.0566075
0.03074428
0.0180554
0.01781267
0.02000813
0.02122801
0.02610751
0.0263518
0.02537621
0.02537621
0.02928012
0.04099186
0.03171987
0.02684037
0.03391533
0.03220844
0.02708466
0.03147558
0.02757167
0.03001142
0.03513677
0.02854726
0.02854726
0.02122801
0.04318732
0.03074428
0.03245273
0.02464335
0.03001142
0.03147558
0.03147558
0.03513677
0.03806353
0.03928341
0.03733223
0.03684366
0.03684366
0.03684366
0.03806353
0.03928341
0.03830782
0.03415962
0.03586807
0.04294459
0.03977198
0.04123614
0.03318403
0.03757652
0.03611235
0.02562049
0.02562049
0.0214723
0.01610422
0.02976869
0.01878826
0.02488763
0.02171658
0.01976385
0.02244788
0.02659608
0.02659608
0.02830453
0.0263518
0.03440391
0.03464819
0.03147558
0.04026055
0.03928341
0.03928341
0.03220844
0.03196416
0.03586807
0.03196416
0.02318074
0.01976385
0.01171174
0.01171174
0.01488435
0.02122801
0.0180554
0.01878826
0.02073944
0.02440062
0.02732738
0.02342347
0.02708466
0.02269217
0.01951956
0.02806024
0.02318074
0.02415633
0.03098857
0.02269217
0.02684037
0.01488435
0.01878826
0.01878826
0.02586322
0.01390876
0.01659124
0.01756838
0.01976385
0.02195931
0.02195931
0.02195931
0.02073944
0.02171658
0.02342347
0.02806024
0.02342347
0.02562049
0.01976385
0.02903583
0.03171987
0.02684037
0.02488763
0.02488763
0.02976869
0.02976869
0.02952441
0.02464335
0.02732738
0.02781596
0.03342832
0.03147558
0.02952441
0.03001142
0.03147558
0.02440062
0.02976869
0.02976869
0.02757167
0.02976869
0.02610751
0.02269217
0.01951956
0.01951956
0.03269546
0.03342832
0.03342832
0.02976869
0.02513192
0.03489248
0.03635664
0.04099186
0.03684366
0.03196416
0.04392018
0.03098857
0.03269546
0.03318403
0.04465148
0.03489248
0.03489248
0.04465148
0.03855211
0.03855211
0.04196744
0.04245602
0.04270031
0.03611235
0.04514005
0.04855539
0.03611235
0.03611235
0.03757652
0.0395277
0.03635664
0.03562378
0.03855211
0.03342832
0.03708794
0.03904068
0.03855211
0.04367589
0.04074757
0.04099186
0.0353795
0.0353795
0.03708794
0.03440391
0.03293975
0.03318403
0.03147558
0.03147558
0.03440391
0.03171987
0.03464819
0.03025571
0.03025571
0.03269546
0.03635664
0.03781925
0.03489248
0.03342832
0.03684366
0.03611235
0.04221173
0.04221173
0.03781925
0.03684366
0.03635664
0.03245273
0.03245273
0.0353795
0.0353795
0.03733223
0.04611564
0.04904397
0.04611564
0.04074757
0.03684366
0.03293975
0.02488763
0.02562049
0.02903583
0.02757167
0.02391205
0.02366776
0.02781596
0.03635664
0.03904068
0.03562378
0.03562378
0.03074428
0.02806024
0.03196416
0.03391533
0.03830782
0.0336726
0.03586807
0.03733223
0.03733223
0.03659937
0.03171987
0.03318403
0.03635664
0.0336726
0.02854726
0.02854726
0.03196416
0.03855211
0.03562378
0.03269546
0.03269546
0.03147558
0.03318403
0.0353795
0.03318403
0.03001142
0.02952441
0.03879639
0.03977198
0.04172472
0.04221173
0.03415962
0.03245273
0.02976869
0.03318403
0.0395277
0.03586807
0.03684366
0.03464819
0.03757652
0.03562378
0.03562378
0.03342832
0.03342832
0.03098857
0.02684037
0.03562378
0.0353795
0.04343161
0.04001627
0.05856024
0.04635993
0.04757981
0.051728
0.051728
0.03855211
0.04221173
0.02806024
0.01098043
0.04440875
0.02269217
0.02049671
0.02049671
0.01342018
0.006099377
0.01000329
0.02513192
0.02781596
0.03708794
0.03708794
0.008540683
0.001708448
0.03318403
0.03708794
0.0312313
0.03879639
0.03708794
0.0222036
0.003172609
-0.02025242
-0.06368402
0.01610422
0.05563192
0.04757981
0.04635993
0.05294788
0.02366776
0.02854726
-0.02195931
-0.06026869
-0.06026869
-0.0607557
-0.0468485
-0.03464819
-0.004148198
-0.004148198
-0.002195464
-0.01488435
0.0004885725
-0.01000329
0.01976385
0.03977198
0.007076522
0
0
0
0
-0.6487963
-0.6487963
-0.6487963
-0.6487963
-0.6487963
-0.6487963
-0.6487963
-0.6487963
-0.6487963
-0.6487963
-0.6487963
-0.6487963
-0.6487963
-0.6487963
-0.6487963
-0.6487963
-0.725412
-0.725412
-0.725412
-0.7007686
-0.7007686
-0.5612002
-0.5707165
-0.6724641
-0.6775879
-0.6680716
-0.6807604
-0.6741725
-0.6739282
-0.6702686
-0.6444038
-0.6607523
-0.6607523
-0.6944234
-0.7522523
-0.6690487
-0.7473713
-0.6766123
-0.6766123
-0.66978
-0.7061366
-0.7395634
-0.7451758
-0.6922279
-0.6514803
-0.6758794
-0.7900715
-0.7834836
-0.6519673
-0.7654282
-0.8305764
-0.5982882
-0.6463565
-0.6634364
-0.7390764
-0.7900715
-0.8178875
-0.6436725
-0.618052
-0.618052
-0.7393207
-0.8152035
-0.7285845
