-0.09759936
-0.1097997
-0.1093127
-0.10614
-0.1076042
-0.09906352
-0.1068713
-0.1049202
-0.1049202
-0.1054087
-0.1054087
-0.1093127
-0.1024804
-0.1105325
-0.1017476
-0.1017476
-0.1005277
-0.1037003
-0.1022361
-0.100772
-0.1005277
-0.1024804
-0.1017476
-0.1066286
-0.1080912
-0.1141922
-0.1090684
-0.1198045
-0.1198045
-0.1293192
-0.1198045
-0.1163876
-0.1183404
-0.1168762
-0.1132166
-0.1132166
-0.1241954
-0.1115081
-0.1056515
-0.1210244
-0.09735663
-0.07076055
-0.05050813
-0.06539247
-0.103456
-0.09613676
-0.07149185
0.03440391
0.03440391
0.02391205
-0.03391533
-0.1037003
-0.1832443
-0.1790961
-0.1803159
-0.1803159
-0.1564039
-0.1693355
-0.1244397
-0.1473762
-0.1202915
-0.1041873
-0.0946726
-0.1241954
-0.1241954
-0.09198856
-0.06709937
-0.05758465
-0.05758465
-0.08857166
-0.08857166
-0.06612378
-0.1093127
-0.1324918
-0.1112638
-0.1112638
-0.08564334
-0.06319545
-0.04635993
-0.07661564
-0.1146807
-0.1529886
-0.1720195
-0.1668957
-0.1354202
-0.1532313
-0.1564039
-0.1561596
-0.1381042
-0.1381042
-0.1566482
-0.1532313
-0.1585993
-0.1759235
-0.1534756
-0.2249674
-0.2249674
-0.1371286
-0.1673843
-0.1532313
-0.1146807
-0.1051645
-0.08881595
-0.1168762
-0.1193159
-0.1434723
-0.1207801
-0.1171205
-0.145912
-0.1424967
-0.07637135
-0.07637135
-0.1298078
-0.06124428
0.01585994
-0.04440875
-0.1415195
-0.1415195
-0.2242361
-0.2405846
-0.2666921
