0.07100328
0.0697834
0.06954067
0.06954067
0.07466446
0.07466446
0.07759123
0.07051627
0.07198042
0.07198042
0.06563676
0.07442018
0.07076055
0.07076055
0.07198042
0.07466446
0.08686477
0.08686477
0.1049202
0.1049202
0.1263925
0.1263925
0.1166319
0.1183404
0.1163876
0.1163876
0.1244397
0.1244397
0.1254153
0.1337117
0.08198372
0.08198372
0.08686477
0.08686477
0.03196416
0.03659937
0.03830782
0.06173129
0.03855211
0.03855211
0.02586322
0.02586322
0.03464819
0.03464819
0.009760559
0.009760559
0.003172609
0.01976385
-0.009760559
-0.003172609
-0.002195464
0.01049186
0.009760559
0.01049186
0.007076522
0.01171174
0.01171174
0.009760559
0.003659626
-0.01000329
-0.01000329
-0.004879501
0.005368074
-0.002195464
-0.001708448
