0.08247229
0.08051955
0.0780798
0.07612862
0.0780798
0.0773485
0.0773485
0.07929967
0.07929967
0.0780798
0.06954067
0.06954067
0.06661235
0.06880782
0.06880782
0.07783552
0.07783552
0.05978011
0.05197229
0.05197229
0.05807167
0.07100328
0.07100328
0.08491204
0.08491204
0.09369545
0.09369545
0.08247229
0.08247229
0.06807651
0.07198042
0.07198042
0.08881595
0.0946726
0.0946726
0.09418402
0.08832738
0.1005277
0.1129723
0.1129723
0.08247229
0.08247229
0.08247229
0.08930452
0.08906023
0.0912557
0.0912557
0.1078485
0.1078485
0.07100328
0.06099999
0.06099999
0.08149669
0.07637135
0.07637135
0.07832409
0.04148043
0.04343161
0.04587136
0.04587136
0.04245602
0.04245602
0.04001627
0.04001627
0.03977198
0.02879155
0.01512863
0.01098043
0.01220031
0.01220031
0.01512863
0.02195931
