0.03904068
0.05734036
0.05392347
0.0468485
0.05148372
0.06563676
0.0607557
0.06173129
0.06661235
0.06661235
0.04709123
0.04709123
0.05197229
0.05197229
0.03415962
0.02293646
0.003903912
0.01854397
0.01854397
0.006343663
0.006343663
0.02708466
0.02708466
0.0912557
0.09198856
0.1227313
0.1227313
0.05392347
0.05392347
0.04221173
0.04221173
0.1690928
0.1690928
0.3125635
0.2537605
0.2537605
0.1893436
0.1893436
0.1422524
0.110044
0.09906352
0.09906352
0.09857651
0.09857651
0.1093127
0.1290765
0.1290765
