0.05782738
0.06197558
0.05978011
0.06246415
0.07173613
0.08100812
0.07442018
0.07442018
0.08198372
0.08198372
0.09369545
0.09369545
0.07929967
0.06270844
0.06197558
0.06197558
0.07661564
0.05416775
0.04416447
0.04416447
0.07271173
0.07710421
0.04782409
0.04782409
0.06319545
0.07783552
0.07710421
0.07222471
0.07100328
0.07100328
0.06563676
0.05514335
0.04953254
0.05245931
0.04953254
0.04953254
0.05831595
0.05831595
0.05294788
0.05294788
0.04977527
0.04977527
0.05441204
0.05612049
0.05221658
0.04782409
0.06343974
0.06343974
0.0566075
0.0566075
