0.01415149
0.03318403
0.03196416
0.03074428
0.03293975
0.04855539
0.04440875
0.02879155
0.01195602
0.01195602
-0.005123788
-0.003903912
-0.01439577
-0.01439577
0.02732738
0.02732738
0.04879968
0.04879968
0.01903255
0.02757167
0.03659937
0.03659937
0.03977198
0.1058958
0.1102882
0.1102882
0.1129723
0.1129723
0.09101141
0.1024804
0.1329804
0.1329804
0.09442831
0.04635993
0.03171987
0.04099186
0.06807651
0.08930452
0.08930452
0.07685993
0.07685993
0.0690521
0.07173613
0.07173613
0.07564005
0.06587949
0.06587949
0.06197558
0.06197558
0.04026055
