-0.8513158
-0.8513158
-0.8727881
-0.8459477
-0.8849884
-0.8849884
-0.8488761
-0.8493646
-0.8457035
-0.8442393
-0.8352116
-0.8352116
-0.7986122
-0.7793354
-0.7793354
-0.7656725
-0.7134559
-0.7051595
-0.7337083
-0.8147165
-0.8147165
-0.8701041
-0.8349673
-0.8349673
-0.8503402
-0.8986514
-0.8986514
-1.033829
-1.048467
-0.8386285
-0.8386285
-1.019189
-1.150948
-1.185352
-1.185352
-1.293689
-1.293689
-1.092632
-1.092632
-0.9989363
-0.9989363
-0.8061758
-0.8525357
-0.8903565
-0.8903565
-0.8718125
-0.8718125
-0.9874673
-0.9603842
