-0.8352116
-0.8352116
-0.8893794
-0.8893794
-0.8652246
-0.8652246
-0.8881595
-0.8881595
-0.8801073
-0.8801073
-0.8757164
-0.8537556
-0.77592
-0.77592
-0.7754315
-0.7754315
-0.8159363
-0.8159363
-0.7371237
-0.6824673
-0.8293565
-0.9918598
-1.045052
-1.009184
-0.6993044
-0.6993044
-0.9664836
-0.9664836
-0.9664836
-0.7542035
-1.101417
-1.101417
-1.191453
-1.074576
-0.9281757
-0.9281757
-1.187791
-1.187791
-0.9537963
-0.9537963
-0.9018239
-0.9018239
-0.8976758
-0.8976758
-0.8918207
-0.8908435
-0.8827914
-0.8425324
-0.8256953
-0.8256953
-0.8305764
-0.8708354
-0.8571725
