-0.9406204
-0.8730324
-0.8730324
-0.8398484
-0.8603435
-0.8603435
-0.8603435
-0.8786448
-0.8786448
-0.8842556
-0.8425324
-0.8464363
-0.9337881
-0.8786448
-0.9159755
-0.9613598
-0.9625797
-0.9625797
-0.9625797
-0.9447685
-0.9062164
-0.9062164
-0.9245161
-0.9245161
-0.8486318
-0.8486318
-0.8964559
-0.8964559
-0.8701041
-0.8701041
-0.8701041
-0.8327718
-0.7898273
-0.7627442
-0.7549363
-0.7549363
-0.7678679
-0.7678679
-0.7678679
-0.7729917
-0.7607914
-0.71492
-0.71492
-0.71492
-0.71492
-0.7202882
-0.7017442
-0.7085764
-0.7280959
-0.7305357
-0.7405406
-0.7405406
-0.7710406
-0.7905601
-0.8003207
