-0.9752685
-0.9752685
-0.9752685
-0.9425715
-0.9425715
-0.8610764
-0.83814
-0.83814
-0.8396041
-0.8127637
-0.8127637
-0.7217523
-0.7217523
-0.7373679
-0.7456644
-0.7456644
-0.7456644
-0.6351318
-0.6380602
-0.6380602
-0.6602637
-0.7156514
-0.7156514
-0.8561953
-0.8561953
-0.77714
-0.7651839
-0.7651839
-0.8225242
-0.8225242
-0.8225242
-0.8083728
-0.7607914
-0.6595324
-0.6595324
-0.5621758
-0.5621758
-0.5538794
-0.5538794
-0.5333843
-0.5346041
-0.5346041
-0.5824282
-0.5824282
-0.5929201
-0.5929201
-0.5773044
