0.02318074
0.02464335
0.06173129
0.06173129
0.02757167
0.02757167
0.04343161
0.06685664
0.08759607
0.08759607
0.07612862
0.07612862
0.07905539
0.08466775
0.08076384
0.08076384
0.06270844
0.06270844
-0.01634851
-0.01634851
-0.1383485
-0.1383485
-0.2169153
-0.2293599
-0.2293599
-0.2813322
-0.3167117
-0.3167117
-0.435052
-0.5050797
-0.6404999
-0.6404999
-0.8078842
-0.8078842
-0.862052
-0.9293956
-0.9696562
-0.9696562
-0.9630682
-0.9630682
-0.9852718
-0.9852718
-1.040172
-1.072379
-1.159244
-1.159244
-1.01992
