0.2432687
0.2296042
0.2300928
0.225456
0.2156954
0.2054479
0.2054479
0.2213078
0.2213078
0.2110602
0.2125244
0.2125244
0.2335081
0.2186238
0.2186238
0.1881238
0.1881238
0.1590879
0.1500602
0.1500602
0.1639674
0.1632361
0.1632361
0.1581123
0.1581123
0.1298078
0.1298078
0.1395684
0.1395684
0.1110195
0.08832738
0.08832738
0.06929639
0.04318732
0.04318732
0.01634851
-0.01561565
-0.03757652
-0.06026869
-0.06026869
-0.08857166
-0.08857166
-0.08857166
-0.1266368
-0.19764
-0.2503436
-0.2503436
-0.3174445
-0.3174445
-0.4248045
-0.4338322
-0.4338322
-0.4538403
-0.5392393
-0.5392393
-0.5453403
-0.5868207
-0.5826725
-0.6134152
-0.6134152
-0.6007279
-0.6007279
-0.6317165
-0.6317165
-0.6983273
-0.6583126
-0.6268354
-0.6243957
-0.6385487
-0.6385487
-0.6156123
-0.6112198
