0.2191123
0.2808436
0.2808436
0.1886123
0.1905635
0.1905635
0.1905635
0.1571368
0.1571368
0.1554283
0.07856838
0.01439577
-0.1332247
-0.1244397
-0.2452198
-0.3484316
-0.3659999
-0.3659999
-0.3659999
-0.4587198
-0.4387117
-0.4387117
-0.6031677
-0.6031677
-0.6009722
-0.6009722
-0.6512361
-0.6512361
-0.6304966
-0.6304966
-0.6304966
-0.7166285
-0.6514803
-0.6651433
-0.71492
-0.71492
-0.7368794
-0.7368794
-0.7368794
-0.7488354
-0.7571318
-0.7495683
-0.7495683
-0.7495683
-0.7402963
-0.7259005
-0.7224836
-0.7278517
-0.7219966
-0.7317556
-0.7422475
-0.7422475
-0.7417604
-0.7542035
-0.7620113
