0.4528647
0.4004039
0.3664885
0.3935716
0.4233403
0.4226075
0.3860081
0.3586807
0.4077246
0.4077246
0.4113843
0.4233403
0.3882035
0.3882035
0.3523355
0.3523355
0.164456
0.164456
0.3225683
0.3796644
0.1378599
0.1378599
0.1776319
0.007319252
-0.1688485
-0.1688485
-0.1934918
-0.1934918
-0.3120765
-0.2969478
-0.4435927
-0.4435927
-0.4858045
-0.65514
-0.6868598
-0.6619722
-0.5890162
-0.5582719
-0.5582719
-0.5314316
-0.5314316
-0.57828
-0.6400113
-0.6400113
-0.6092686
-0.6336676
-0.6336676
-0.6690487
-0.6690487
-0.5455846
