0.1283436
0.1283436
0.1283436
0.09955209
0.09955209
0.1427394
0.1705554
0.1705554
0.1890993
0.1195602
0.1195602
0.01976385
0.01976385
-0.04806838
-0.05465633
-0.05465633
-0.05465633
-0.2012997
-0.3342801
-0.3342801
-0.6051204
-0.7251676
-0.7251676
-0.9247604
-0.9247604
-1.0492
-1.020164
-1.020164
-1.071404
-1.071404
-1.071404
-1.101417
-1.079944
-0.9440357
-0.9440357
-0.8335047
-0.8335047
-0.7995878
-0.7995878
-0.8166676
-0.8159363
-0.8159363
-0.8376514
-0.8376514
-0.8293565
-0.8293565
-0.7908044
