0.2945081
0.2923126
0.3035358
0.3118322
0.3208599
0.3208599
0.3218355
0.3218355
0.3294006
0.3242768
0.31964
0.3135406
0.3264723
0.3445276
0.3496514
0.3496514
0.3633159
0.3572165
0.3457475
0.3457475
0.3457475
0.3354999
0.3354999
0.3252524
0.3252524
0.3384283
0.2198436
0.2047165
0.2047165
0.1817801
0.1315162
0.1315162
0.05904726
-0.004879501
-0.1410325
-0.173728
-0.2383876
-0.2540033
-0.3030488
-0.3296433
-0.389912
-0.389912
-0.4160195
-0.4409087
-0.4384674
-0.4213876
-0.3852768
-0.3608761
-0.3106123
-0.3106123
-0.2603485
