0.1449364
0.1449364
0.1439593
0.1495717
0.1495717
0.1673843
0.1673843
0.1673843
0.1280994
0.1280994
0.1280994
0.1307834
0.1712882
0.1712882
0.01098043
-0.127368
-0.2381433
-0.2088647
-0.2088647
-0.5414364
-0.7014999
-0.7014999
-0.6914966
-0.7671366
-0.9267116
-1.109469
-1.109469
-1.181203
-1.2932
-1.2932
-1.314428
-1.198527
-1.198527
-1.069453
-1.034316
-0.9620926
-0.8827914
-0.8827914
-0.7915357
-0.7915357
-0.7915357
-0.8247197
-0.8247197
-0.7747002
-0.7766514
-0.7766514
-0.8335047
-0.8335047
-0.8335047
-0.8186204
