0.05001955
0.04806838
0.05612049
0.05612049
0.08344787
0.09857651
0.1110195
0.1276123
0.1276123
0.1388355
0.1388355
0.1249283
0.1249283
0.08564334
0.08100812
0.05197229
0.05197229
0.02830453
0.0002442863
-0.0214723
-0.03806353
-0.05319216
-0.08808465
-0.1656759
-0.1656759
-0.2244804
-0.2244804
-0.2627882
-0.2793795
-0.3015846
-0.3015846
-0.3157361
-0.3601433
-0.3994282
-0.3994282
-0.5109364
-0.5109364
-0.6263484
-0.6263484
-0.6675845
-0.6712442
-0.667096
-0.6614836
-0.6602637
-0.6602637
-0.7263875
-0.7410276
-0.7410276
-0.7156514
-0.7156514
-0.7005243
-0.7005243
-0.6934478
-0.6846644
-0.7075993
-0.7075993
-0.7134559
-0.712236
-0.712236
-0.6958875
-0.6832002
-0.6634364
-0.6534315
-0.648552
-0.6422083
-0.6607523
-0.6997914
-0.6997914
