-0.02440062
-0.02440062
-0.0336726
-0.02391205
-0.02391205
-0.03025571
-0.02586322
-0.02073944
-0.02073944
-0.00561236
-0.00561236
0.0007313028
0.0007313028
-0.007563538
-0.01366447
-0.02122801
-0.03074428
-0.04587136
-0.04757981
-0.05465633
-0.09247557
-0.09247557
-0.1139479
-0.1402997
-0.1402997
-0.1698241
-0.19764
-0.2361921
-0.2361921
-0.2764527
-0.3045114
-0.4313924
-0.4899527
-0.4923924
-0.4923924
-0.5275276
-0.5275276
-0.6014608
-0.6014608
-0.6119527
-0.6256155
-0.633912
-0.6229315
-0.6402556
-0.6314722
-0.6278126
-0.6278126
-0.6258599
-0.6258599
-0.6258599
-0.6078044
-0.5999966
