0.07759123
0.05636477
0.01756838
0.0180554
0.03757652
0.02195931
0.02195931
0.01683552
0.01683552
0.03049999
0.03049999
0.03562378
0.03611235
0.03684366
0.03684366
0.03757652
0.04587136
0.0566075
0.0566075
0.06734365
0.06734365
0.100772
0.100772
0.124684
0.124684
0.1239527
0.1239527
0.115412
0.115412
0.115412
0.05563192
0.04318732
0.04318732
-0.001464162
-0.001464162
-0.02195931
-0.02195931
-0.04465148
-0.04465148
-0.04465148
-0.08247229
-0.08247229
-0.1146807
-0.1146807
-0.1227313
-0.1532313
-0.2305798
-0.3093924
-0.3093924
-0.3999153
-0.3999153
-0.4657963
-0.4657963
-0.526552
-0.526552
-0.526552
-0.5880406
-0.6212246
-0.6212246
-0.6483077
-0.6751481
-0.6751481
-0.7068679
-0.7129673
-0.7178484
-0.749324
-0.7312686
-0.7312686
-0.7312686
-0.7054038
-0.7637197
-0.8188646
-0.8188646
