-0.02952441
-0.02586322
-0.02586322
-0.03391533
-0.03415962
-0.03171987
-0.02318074
-0.02488763
-0.01610422
0.001952734
0.001952734
0.0124446
0.0124446
-0.04123614
-0.04123614
-0.0607557
-0.0871075
-0.112728
-0.112728
-0.1481075
-0.1481075
-0.194956
-0.2510765
-0.2630325
-0.2920683
-0.2920683
-0.3071954
-0.3071954
-0.3137834
-0.3481873
-0.3723436
-0.3894234
-0.3894234
-0.4779966
-0.4779966
-0.5143517
-0.5346041
-0.572912
-0.572912
-0.6168321
-0.6297637
-0.6505048
-0.6609966
-0.6734396
-0.6734396
-0.6700243
-0.6700243
-0.6141481
-0.5953599
-0.5980439
-0.6063403
-0.6063403
-0.5934086
-0.5934086
