0.2376563
0.2396075
0.2674234
0.2674234
0.2615683
0.2810879
0.3174445
0.3496514
0.3616075
0.3857638
0.4025993
0.4423713
0.4423713
0.5082523
0.4906839
0.5092279
0.5092279
0.4679918
0.4679918
0.3352557
0.06954067
-0.1183404
-0.2261873
-0.3020716
-0.3020716
-0.725412
-0.725412
-0.7363924
-0.8447279
-1.14314
-1.14314
-1.205604
-1.205604
-1.3115
-1.374452
-1.013088
-0.7873875
-0.7873875
-0.7729917
-0.8159363
-0.8159363
-0.7876318
-0.7876318
-0.8020276
-0.8020276
-0.8293565
-0.8681514
-0.8491204
-0.8335047
