0.06197558
0.04879968
0.05026384
0.04660422
0.03781925
0.03781925
0.03269546
0.03269546
0.03293975
0.03293975
0.03049999
0.0353795
0.03074428
0.03074428
0.03049999
0.03049999
0.03098857
0.03635664
0.03855211
0.04172472
0.05148372
0.05148372
0.05856024
0.07124756
0.07417589
0.07222471
0.07173613
0.07173613
0.08857166
0.1027247
0.1027247
0.1327361
0.05831595
0.006099377
-0.06026869
-0.1207801
-0.1991042
-0.1991042
-0.2315554
-0.2315554
-0.2535162
-0.2701075
-0.2701075
-0.2959723
-0.3013403
-0.3037801
-0.3037801
-0.3842996
-0.4277328
-0.4477394
-0.4706758
-0.53314
-0.5594918
-0.5931644
-0.5931644
-0.6158565
-0.6158565
-0.6553842
-0.6553842
-0.6741725
-0.6741725
-0.7083321
-0.7249234
-0.7805552
-0.7805552
-0.7815324
-0.7561562
-0.7166285
