0.01464006
0.01683552
0.02879155
0.02879155
0.02903583
0.02903583
0.03245273
0.04367589
0.01659124
0.01073615
-0.01878826
-0.01878826
-0.05368074
-0.05368074
-0.06954067
-0.07515148
-0.1083355
-0.1083355
-0.1368843
-0.1590879
-0.2288713
-0.2288713
-0.2601042
-0.2801123
-0.3113436
-0.3437963
-0.3818599
-0.3818599
-0.3818599
-0.4101644
-0.432368
-0.4433484
-0.4601839
-0.4689674
-0.4858045
-0.493368
-0.4967833
-0.5072768
-0.5411921
-0.5704722
-0.5704722
-0.6048761
-0.6048761
-0.6058517
-0.6058517
-0.6041448
-0.6041448
-0.5753517
-0.5807198
-0.5792556
-0.5694966
-0.5694966
-0.5721806
-0.5877963
-0.5680324
-0.5616872
-0.5602247
-0.5602247
-0.5402165
-0.542412
-0.542412
-0.5436319
