0.3569722
0.3828355
0.4252915
0.4252915
0.4252915
0.4699445
0.5006872
0.5048354
0.4967833
0.5304559
0.5304559
0.5304559
0.5748647
0.5748647
0.5748647
0.4187035
0.338184
0.338184
0.3035358
0.3035358
0.279868
0.279868
0.279868
-0.1590879
-0.1590879
-0.2903599
-0.2903599
-0.3176873
-0.4077246
-0.5299674
-0.5299674
-0.5648599
-0.5687637
-0.5687637
-1.146312
-1.146312
-1.383969
-1.383969
-1.278316
-1.278316
-1.278316
-1.117764
-1.117764
-1.051151
-0.92842
-0.92842
-0.8637604
-0.7737246
-0.7581074
-0.7581074
-0.8327718
-0.8417996
-0.8461921
