-0.01927527
-0.006343663
0.02976869
0.02976869
0.03879639
0.03879639
0.008296397
0.008052111
0.008052111
-0.001464162
-0.001464162
0.007807824
0.009760559
0.01268733
0.01268733
0.01415149
0.01415149
0.008052111
0.008052111
0.01024758
0.01024758
0.01195602
0.003172609
0.01268733
0.01268733
0.01683552
0.01683552
0.05612049
0.05612049
0.05758465
0.05953583
0.06563676
0.06563676
0.08613191
0.06197558
0.06197558
-0.004636771
-0.2698647
-0.2698647
-0.4467638
-0.4467638
-0.5231367
-0.5231367
-0.5863321
-0.5863321
-0.5719364
-0.5316758
-0.5297247
-0.5297247
-0.5226481
-0.5226481
-0.5482686
-0.5482686
-0.5375324
-0.5375324
-0.5114234
-0.4948322
-0.4906839
-0.4906839
-0.4899527
-0.4899527
-0.4901954
-0.5060553
-0.4958077
