0.03806353
0.03318403
0.03318403
0.04001627
0.03684366
0.03684366
0.04635993
0.04635993
0.04635993
0.04806838
0.04026055
0.04318732
0.04318732
0.04318732
0.03781925
0.03781925
0.03781925
0.04635993
0.04514005
0.04514005
0.04611564
0.04611564
0.05197229
0.05197229
0.05197229
0.08979154
0.1058958
0.1058958
0.1141922
0.1141922
0.1000407
0.1000407
0.1000407
0.04660422
0.03025571
0.03025571
-0.03147558
-0.03147558
-0.05270359
-0.05270359
-0.1015033
-0.1959316
-0.1959316
-0.1959316
-0.2810879
-0.2810879
-0.2810879
-0.4504234
-0.5075195
-0.6407442
-0.6407442
-0.6407442
-0.7349282
-0.7349282
-0.8174005
-0.8310634
-0.8576595
-0.8457035
-0.8457035
-0.8291122
-0.8291122
-0.8291122
-0.8025162
-0.7944641
-0.7944641
-0.7766514
-0.7690879
-0.7515194
-0.7515194
-0.7278517
-0.7261432
-0.7261432
-0.7261432
-0.7197996
