0.09076868
0.08540061
0.08442346
0.07539576
0.08173943
0.09320843
0.09808794
0.1066286
0.1066286
0.1315162
0.1315162
0.1576238
0.1576238
0.1876367
0.1876367
0.1649446
0.1649446
0.1444479
0.1444479
0.1132166
0.1132166
0.08466775
0.08466775
0.04196744
0.01122472
-0.006587949
-0.03147558
-0.100772
-0.100772
-0.1317605
-0.1483518
-0.16714
-0.1898322
-0.2296042
-0.2296042
-0.2569316
-0.2752313
-0.3406237
-0.3733208
-0.4399315
-0.5067882
-0.5470487
-0.5470487
-0.603412
-0.7093077
-0.7222393
-0.7649396
-0.7624999
-0.770552
-0.7610357
-0.76128
-0.7681122
-0.7666481
-0.7590845
-0.773236
-0.7671366
-0.7671366
-0.7703077
