-0.9225634
-0.9225634
-0.9225634
-0.9228077
-0.9228077
-0.9228077
-0.9598956
-0.9825878
-0.9825878
-0.9089005
-0.8815715
-0.8815715
-0.8627848
-0.8339917
-0.8339917
-0.8152035
-0.8152035
-0.8152035
-0.6853957
-0.6727083
-0.6727083
-0.6063403
-0.5855993
-0.5855993
-0.6924722
-0.6924722
-0.6734396
-0.6734396
-0.6734396
-0.7183354
-0.7183354
-0.8566839
-0.9296399
-0.9296399
-0.8779119
-0.8776676
-0.8776676
-0.8542442
-0.8542442
-0.8542442
-0.8537556
-0.8193517
-0.8193517
-0.7051595
-0.7051595
-0.6980845
-0.6692914
