-0.9535519
-0.9569673
-0.9516008
-0.9552604
-0.9572116
-0.9472083
-0.9452556
-0.94428
-0.95892
-0.95892
-0.95892
-0.9613598
-0.9613598
-0.9694119
-0.9694119
-0.965508
-0.965508
-0.9669721
-0.9601399
-0.9525763
-0.9525763
-0.9564803
-0.9547718
-0.9547718
-0.9389119
-0.9389119
-0.9574559
-0.9318354
-0.9286643
-0.9286643
-0.9213435
-0.9318354
-0.9242718
-0.9242718
-0.9242718
-0.8991399
-0.8991399
-0.8710797
-0.8500959
-0.8044673
-0.8044673
-0.7929999
-0.7929999
-0.7205324
-0.7205324
-0.7373679
-0.6946676
-0.6946676
-0.6363517
-0.6363517
-0.6490406
-0.6214674
-0.6214674
-0.6292768
-0.6292768
-0.5858436
-0.5863321
-0.5707165
-0.5592475
-0.5592475
-0.4879999
-0.450912
-0.4374918
-0.47214
-0.4550602
-0.4499364
-0.4438355
-0.4438355
-0.4306596
-0.4021123
-0.4021123
-0.4162638
-0.4128484
-0.4079674
-0.4079674
