-0.9935682
-0.9786839
-0.9740487
-0.9855161
-0.9855161
-0.9789281
-0.9789281
-0.9779526
-0.9779526
-0.9657522
-0.9552604
-0.9420845
-0.9908842
-0.965508
-0.965508
-0.9647767
-0.9674607
-0.9674607
-0.9293956
-0.9347637
-0.9347637
-0.9511122
-0.9640438
-0.919148
-0.9023125
-0.9023125
-0.8776676
-0.86742
-0.86742
-0.8964559
-0.8964559
-0.935008
-0.892552
-0.8976758
-0.8352116
-0.8347246
-0.8347246
-0.8569282
-0.8569282
-0.8327718
-0.8383842
-0.8383842
-0.8396041
-0.8303321
-0.8144721
-0.8144721
-0.8305764
-0.8325276
