-0.9450113
-0.9511122
-0.9511122
-0.9415959
-0.9533077
-0.9625797
-0.9625797
-0.9586757
-0.9586757
-0.9289086
-0.9289086
-0.92842
-0.92842
-0.9213435
-0.9206122
-0.9210992
-0.9210992
-0.9157327
-0.9174396
-0.9057279
-0.9110959
-0.9110959
-0.9142686
-0.935008
-0.9640438
-0.9640438
-0.9696562
-0.9516008
-0.909876
-0.909876
-0.8842556
-0.8842556
-0.8818158
-0.8557083
-0.8220357
-0.8008077
-0.8232556
-0.8310634
-0.8439966
-0.8439966
-0.8439966
-0.8447279
-0.8447279
-0.8386285
-0.8339917
-0.8339917
-0.8200845
-0.7720162
-0.7707963
-0.7576204
-0.7588403
-0.76128
-0.76128
-0.7276074
-0.7146758
-0.7166285
-0.6997914
-0.6997914
-0.694912
-0.694912
-0.7502996
-0.7502996
-0.7456644
