-0.9547718
-0.9584315
-0.9650194
-0.9650194
-0.9652637
-0.9640438
-0.9640438
-0.9540405
-0.9279315
-0.9186594
-0.9269559
-0.9269559
-0.9269559
-0.9235405
-0.9201236
-0.9274445
-0.9123158
-0.9123158
-0.9123158
-0.9306155
-0.9533077
-0.9808794
-0.9808794
-0.9906399
-0.9725845
-0.9725845
-0.8910878
-0.8910878
-0.8698598
-0.8698598
-0.8325276
-0.8234999
-0.8086155
-0.8283794
-0.8283794
-0.8391155
-0.8278924
-0.7956839
-0.7395634
-0.7151644
-0.7173598
-0.7341954
-0.7471285
-0.7471285
-0.7912914
-0.7993435
-0.797148
-0.7417604
-0.7380993
-0.7315113
-0.7483484
-0.7632327
-0.7729917
-0.7671366
-0.74664
-0.7185797
-0.718824
-0.718824
-0.7066237
-0.7066237
-0.7127246
-0.7276074
-0.7356595
