-0.9696562
-0.9896643
-0.9921041
-1.012601
-0.9762442
-0.9762442
-0.9525763
-0.9525763
-0.9618484
-0.9618484
-0.9608728
-0.9613598
-0.9711204
-0.9711204
-0.9799038
-0.9799038
-0.9928353
-1.000888
-0.9930797
-0.9767327
-0.9652637
-0.9652637
-0.9752685
-0.9764884
-0.9750242
-0.9728288
-0.9713646
-0.9713646
-0.9540405
-0.9411073
-0.9411073
-0.8898679
-0.8608321
-0.8854755
-0.9394005
-0.9699005
-1.007475
-1.007475
-0.9982035
-0.9982035
-0.9999119
-0.9659966
-0.9659966
-0.9250047
-0.8913321
-0.8622963
-0.8622963
-0.8664445
-0.8525357
-0.8322833
-0.8305764
-0.8242327
-0.8152035
-0.8015406
-0.8015406
-0.7710406
-0.7710406
-0.7698207
-0.7698207
-0.7463956
-0.7463956
-0.7439559
-0.7398077
-0.7781155
-0.7781155
-0.779824
-0.7544478
-0.7190683
