-1.006013
-1.00406
-1.00406
-0.9252474
-0.9328125
-0.9328125
-0.9269559
-0.9269559
-0.8759607
-0.8437523
-0.7949526
-0.8308207
-0.8483875
-0.8483875
-0.7559119
-0.7449315
-0.8105683
-0.8105683
-0.8715683
-0.8715683
-0.6029234
-0.5287475
-0.5287475
-0.7434673
-0.6097556
-0.4919038
-0.6239086
-0.6239086
-0.7005243
-0.5319201
-0.3813713
-0.5302116
-0.5302116
-0.6614836
-0.4962963
-0.6099999
-0.6099999
-0.3840553
-0.2986563
-0.5297247
-0.5702279
-0.5028843
-0.5028843
-0.4875113
-0.4875113
-0.5409478
-0.5409478
