-0.9303728
-0.9520878
-0.9157327
-0.9391562
-0.9591643
-0.9379363
-0.9379363
-0.9445242
-0.9445242
-0.9486725
-0.9486725
-0.95892
-0.9808794
-0.9982035
-0.9982035
-1.00284
-0.9891757
-0.9667279
-0.9667279
-0.9557474
-0.9557474
-0.9391562
-0.9391562
-0.9223207
-0.9223207
-0.9347637
-0.9347637
-0.9289086
-0.9289086
-0.9289086
-0.9513565
-0.956236
-0.956236
-0.9254917
-0.9254917
-0.9030438
-0.9030438
-0.8805959
-0.8805959
-0.8805959
-0.8764477
-0.8764477
-0.8754721
-0.8754721
-0.8625405
-0.8549755
-0.8598565
-0.8161806
-0.8161806
-0.8225242
-0.8225242
-0.82228
-0.82228
-0.8215487
-0.8215487
-0.8215487
-0.7559119
-0.7312686
-0.7312686
-0.7461514
-0.7598158
-0.7598158
-0.7512767
-0.7788484
-0.7981237
-0.7990993
-0.7659168
-0.7659168
-0.7659168
-0.7156514
-0.7158957
-0.7032083
-0.7032083
