-0.9459884
-0.9869803
-0.9869803
-1.040417
-1.089461
-0.9577001
-0.9577001
-1.015527
-1.017725
-0.9828321
-0.9828321
-0.9738044
-0.9984477
-1.021384
-1.013576
-1.013088
-0.9882001
-1.037
-1.037
-0.9633125
-0.9633125
-0.9840519
-1.020164
-1.011379
-0.9672164
-0.9577001
-0.9003598
-0.9003598
-0.8986514
-0.8539999
-0.8549755
-0.7851921
-0.6109755
-0.4984918
-0.6780764
-0.7305357
-0.7305357
-0.3933273
-0.3933273
-0.6263484
-0.6656318
-0.6004837
-0.6004837
-0.7097963
-0.9799038
-1.012357
-0.83692
-0.6717327
-0.691008
-0.6407442
-0.5429006
-0.4701872
-0.4467638
-0.5089837
-0.5472915
-0.499956
-0.499956
-0.5631514
-0.5882833
-0.4731156
-0.4201677
-0.5111806
-0.5097165
-0.5206954
