-0.9877115
-0.9984477
-0.9840519
-0.9840519
-0.9830763
-0.9691676
-0.9706318
-0.9738044
-0.9601399
-0.9601399
-0.9435487
-0.9435487
-0.9520878
-0.9520878
-0.9479396
-0.9320797
-0.9218321
-0.9218321
-0.9240276
-0.9174396
-0.8986514
-0.8744966
-0.8518044
-0.8518044
-0.8408239
-0.8408239
-0.7854363
-0.7585959
-0.8032475
-0.8032475
-0.8137393
-0.8083728
-0.8098354
-0.8171562
-0.7944641
-0.8069086
-0.8169119
-0.8169119
-0.8300878
-0.8300878
-0.8139836
-0.8061758
-0.8066643
-0.8066643
-0.8266725
-0.8266725
-0.8288679
-0.8283794
-0.8552197
-0.8552197
-0.8552197
