-0.9696562
-0.9942995
-0.9942995
-1.007233
-1.012357
-0.9874673
-0.9845405
-0.9781953
-0.9864917
-1.025044
-1.025044
-1.056764
-1.056764
-1.000156
-1.000156
-0.9311041
-0.8884038
-0.9167083
-0.9167083
-0.9264688
-0.9264688
-0.9408646
-0.9498923
-0.9657522
-0.9445242
-0.9445242
-0.9132914
-0.9132914
-0.9037767
-0.9008484
-0.8764477
-0.8676643
-0.8676643
-0.8466806
-0.8466806
-0.8449721
-0.85278
-0.8632718
-0.8632718
-0.88328
-0.8627848
-0.8322833
-0.8357002
-0.8571725
-0.8571725
-0.7895845
-0.7895845
-0.7517637
-0.7947083
-0.8176448
-0.8252083
-0.8252083
-0.8237442
-0.8237442
