-0.9035324
-0.9035324
-0.940376
-0.9472083
-0.9379363
-0.9440357
-0.946964
-0.956236
-0.9672164
-0.9481839
-0.8444836
-0.8327718
-0.8327718
-0.8454607
-0.7912914
-0.7912914
-0.7539607
-0.7539607
-0.7539607
-0.7090634
-0.7090634
-0.6436725
-0.6290324
-0.6290324
-0.6290324
-0.6346433
-0.6544086
-0.7129673
-0.8515601
-0.9833207
-0.9833207
-0.6727083
-0.557052
-0.557052
-0.7017442
-0.7017442
-0.7032083
-0.5965797
-0.5965797
-0.4940993
-0.5658354
-0.6473321
-0.5707165
-0.5707165
-0.4479837
-0.4987361
-0.5746204
-0.5746204
-0.4365162
-0.3950358
-0.4238273
-0.4233403
-0.4233403
-0.4233403
