0.225456
0.2257003
0.2257003
0.2278957
0.216184
0.2127687
0.2152084
0.2015439
0.1991042
0.1995928
0.2083762
0.2083762
0.2056921
0.2056921
0.2320439
0.237412
0.2300928
0.2269201
0.2269201
0.2366807
0.2418045
0.2418045
0.1864153
0.1864153
0.1864153
0.1844641
0.1844641
0.1759235
0.1759235
0.164456
0.1476205
0.1476205
0.1259039
0.1363958
0.1556726
0.1959316
0.1959316
0.1803159
0.1803159
0.1900765
0.1210244
0.08564334
0.08564334
0.06368402
0.06368402
-0.001952734
-0.001952734
-0.001952734
0.03049999
0.02098372
0.02098372
0.008540683
0.01781267
0.04635993
0.04635993
0.03562378
0.03928341
0.04538434
0.03757652
0.009271986
-0.01683552
-0.002439751
0.01439577
0.00341534
0.00341534
