0.04416447
0.05050813
0.05050813
0.08466775
0.01878826
0.01878826
0.05807167
0.04221173
0.04514005
0.04953254
0.04611564
0.1690928
0.04123614
0.06856353
0.06856353
-0.07954396
-0.07954396
-0.6627035
-0.6627035
-0.1063843
-0.03342832
-0.1066286
-0.1066286
-0.04538434
-0.04538434
-0.2357036
-0.1749479
-0.07564005
-0.1781205
-0.08515632
-0.1661644
-0.1359087
-0.08369216
-0.08369216
-0.1166319
-0.1166319
-0.1032117
-0.131272
-0.131272
-0.131272
-0.09028011
-0.08857166
-0.08857166
-0.08857166
-0.1363958
-0.1363958
-0.1930033
-0.1930033
