0.2635195
0.2635195
0.2666921
0.2659593
0.2569316
0.2684006
0.2503436
0.2503436
0.2510765
0.2476596
0.246684
0.246684
0.2444885
0.2444885
0.2469283
0.2469283
0.2554674
0.2554674
0.2483924
0.2483924
0.2632768
0.2632768
0.2371677
0.2371677
0.2403403
0.2403403
0.2525406
0.2366807
0.2259446
0.2259446
0.2052036
0.2052036
0.2113045
0.1971515
0.1769006
0.1769006
0.2047165
0.2047165
0.2000798
0.2000798
0.1890993
0.1890993
0.1500602
0.1500602
0.1320033
0.1320033
0.1478648
0.1715325
0.1751921
0.1603078
0.1812915
0.1588436
0.1483518
0.1473762
0.1305407
0.1261482
0.124684
0.1039446
0.1022361
