-0.006587949
0.01610422
0.03098857
0.04831266
0.0600244
0.0600244
0.03171987
0.05538763
0.04245602
0.04196744
0.03659937
0.05636477
0.07368731
0.07368731
0.04123614
0.002439751
-0.01561565
0.008540683
0.01829969
0.01488435
0.0090277
0.0090277
0.01585994
0.03293975
0.01049186
-0.02903583
-0.01293161
0.03586807
0.03586807
0.05758465
0.02976869
-0.01342018
-0.03611235
-0.008296397
0.04221173
0.04221173
0.04733552
0.01683552
0.04172472
0.04489577
0.04465148
0.03440391
0.0353795
0.05880453
0.08344787
0.05612049
0.05612049
0.05514335
0.04343161
0.07149185
0.07856838
0.07612862
0.04709123
0.08369216
0.08369216
0.06612378
0.04172472
0.02757167
