-0.1029674
-0.0905244
-0.0905244
-0.08125241
-0.07344458
-0.08051955
-0.06661235
-0.07539576
-0.07564005
-0.08442346
-0.08442346
-0.08954725
-0.09296415
-0.09418402
-0.09442831
-0.09759936
-0.09759936
-0.1090684
-0.1090684
-0.1149235
-0.1122394
-0.1022361
-0.1000407
-0.09174427
-0.09247557
-0.09247557
-0.1010163
-0.09857651
-0.09686806
-0.09198856
-0.08588763
-0.08198372
-0.08100812
-0.07173613
-0.07173613
-0.06612378
-0.06661235
-0.0600244
-0.06563676
-0.06343974
-0.06954067
-0.07929967
-0.08173943
-0.08173943
-0.07954396
-0.07490875
-0.07490875
-0.07612862
-0.08832738
-0.1088241
-0.1088241
-0.09930781
-0.1041873
-0.1134593
-0.1244397
-0.131272
-0.1285879
-0.1368843
-0.1368843
-0.1424967
-0.1388355
-0.143228
-0.1434723
-0.1420081
-0.1454235
-0.1595765
-0.1595765
-0.1698241
-0.1742166
-0.1815358
-0.1808045
-0.1634804
-0.1771433
-0.1771433
-0.1478648
-0.1478648
-0.1515244
-0.1661644
-0.1666515
-0.1637247
-0.1822687
-0.1798274
-0.1798274
-0.1820244
-0.1686042
-0.1827557
-0.1820244
-0.1861726
-0.1866596
-0.1854397
-0.1844641
-0.1688485
-0.1688485
-0.1607964
-0.1498159
-0.143228
-0.1344446
-0.1307834
-0.1285879
-0.1285879
-0.1285879
-0.1363958
-0.1483518
-0.1583566
-0.157868
-0.164456
-0.164456
-0.164456
-0.1564039
-0.1371286
-0.1283436
-0.1283436
-0.1212687
-0.1378599
-0.1373713
-0.1373713
-0.1215114
-0.1237084
-0.1234641
-0.1097997
-0.09174427
-0.07929967
-0.07929967
-0.06270844
-0.05245931
-0.04562863
-0.02976869
-0.03781925
-0.05734036
-0.05904726
-0.05904726
-0.0353795
-0.04074757
-0.03074428
0.00341534
-0.01610422
-0.04977527
