0
0
0.4911725
0.4862915
0.4862915
0.4838517
0.4838517
0.4777524
0.4794608
0.4726286
0.465552
0.4726286
0.469456
0.4797035
0.4797035
0.4821433
0.4884885
0.4879999
0.4862915
0.4789722
0.4789722
0.4965406
0.5106921
0.4955634
0.4511563
0.4511563
0.4594527
0.438956
0.4526204
0.462868
0.4538403
0.4448126
0.4504234
0.4504234
0.4689674
0.4779966
0.4699445
0.4377361
0.4843403
0.4533517
0.4728713
0.4028436
0.4028436
0.3635602
0.3808843
0.3147605
0.2261873
0.2000798
0.1988599
0.1988599
0.2581514
0.3137834
0.2491238
0.1783648
0.2293599
0.2449756
0.2415602
0.2415602
-0.004879501
-0.004879501
0.02952441
0.1393241
0.1937361
0.16714
0.09637949
0.124684
0.124684
0.145912
0.1798274
0.2303355
0.2562003
0.1647003
0.1434723
0.1046759
0.09759936
0.09759936
0.1661644
0.1961759
0.1725081
0.1973957
0.1703126
0.1849527
0.2437557
0.2437557
0.2874316
0.3018273
0.2954837
0.2910928
0.2147198
0.3162247
0.3162247
0.3164674
0.3391596
0.3376954
0.2959723
0.3130521
0.3101237
0.3450162
0.3450162
0.3752719
0.3367198
0.3113436
0.322324
0.3716123
0.3694153
0.3679527
0.298412
0.298412
0.3459918
0.3401367
0.3267165
0.3193957
0.3272035
0.3218355
0.3218355
0.3159804
0.331596
0.3523355
0.322324
0.3213485
0.3213485
0.3455032
0.4801921
0.5292361
0.4797035
0.4797035
0.3923517
0.368684
0.4123599
0.4723843
0.4052834
0.4052834
0.3616075
0.3386725
0.3267165
0.359412
0.3860081
0.3398924
0.3398924
0.2776726
0.3240325
0.3838126
0.4289527
0.4289527
0.3908876
0.3891807
0.3877165
0.3877165
0.3264723
0.3420879
0.3159804
0.3125635
0.3201286
0.3328159
0.3574592
0.3574592
0.2979234
0.2532719
0.2030081
0.2427801
0.2532719
0.1947117
0.1947117
0.1978843
0.1295635
0.1434723
0.1466433
0.131272
0.1105325
0.09223129
0.09223129
0.07222471
0.06026869
0.06246415
0.06246415
0.001219875
-0.04001627
-0.01000329
-0.01000329
-0.01146745
-0.02879155
-0.04611564
-0.04440875
-0.07271173
-0.07490875
-0.07490875
-0.1076042
-0.1207801
-0.1207801
-0.1302964
-0.1500602
-0.1276123
-0.1461563
-0.1554283
-0.1607964
-0.1607964
-0.1632361
-0.1654316
-0.1759235
-0.1727524
-0.16714
-0.1734837
-0.1705554
-0.1705554
-0.1839756
-0.216184
-0.1964201
-0.1622605
-0.1556726
-0.2247247
-0.2349723
-0.246684
-0.246684
-0.2476596
-0.2383876
-0.2313126
-0.2352165
-0.2684006
-0.3081726
-0.3252524
-0.3252524
-0.3442834
-0.3591677
-0.3901563
-0.3984527
-0.3725879
-0.3725879
-0.4174837
-0.4728713
-0.4240716
-0.3823484
-0.3491644
-0.3079283
-0.3115879
-0.3269593
-0.3269593
-0.31964
-0.295728
-0.2566873
-0.2469283
-0.2754755
-0.3684397
-0.3930846
-0.3559966
-0.3101237
-0.3101237
-0.3013403
-0.3296433
-0.3813713
-0.3767361
-0.3577035
-0.3333045
-0.3333045
-0.3603876
-0.3625846
-0.3306204
-0.3081726
-0.3069527
-0.3547752
-0.3681954
-0.3681954
-0.3389153
-0.3203713
-0.3420879
-0.3659999
-0.3472117
-0.3447719
-0.3391596
-0.3391596
-0.3267165
-0.3206156
-0.3128078
-0.2906042
-0.2901156
-0.3320846
-0.3203713
-0.3203713
-0.3254966
-0.3176873
-0.3218355
-0.3364755
-0.3411123
-0.3174445
-0.2935325
-0.2935325
-0.2969478
-0.291824
-0.3079283
-0.3281807
-0.3359885
-0.3174445
-0.3174445
-0.3201286
-0.3225683
-0.3084153
-0.3013403
-0.3342801
-0.3418436
-0.3193957
-0.291824
-0.291824
-0.2808436
-0.2637638
-0.279868
-0.2859674
-0.2954837
-0.3157361
-0.3362313
-0.3418436
-0.3418436
-0.3206156
-0.2888957
-0.2784039
-0.2837719
-0.3098795
-0.3252524
-0.3520927
-0.3520927
-0.3054885
-0.3320846
-0.3350114
-0.3215927
-0.3037801
-0.3069527
-0.3069527
-0.3110993
-0.3110993
-0.2854804
-0.2681563
-0.2527834
-0.2766954
-0.2762084
-0.2762084
-0.2278957
-0.1886123
-0.1959316
-0.1554283
-0.09833222
-0.1546954
-0.13664
-0.1603078
-0.1603078
-0.1400554
-0.1354202
-0.1251726
-0.1754364
-0.1276123
-0.1398126
-0.1398126
-0.1259039
-0.1185846
-0.1188274
-0.1151677
-0.1344446
-0.155184
-0.09711234
-0.1151677
-0.07564005
-0.04050328
-0.04050328
-0.01854397
0.02952441
0.008540683
0.001464162
0.02269217
0.07417589
-0.03928341
-0.03928341
-0.0607557
-0.02025242
-0.07368731
-0.1417638
-0.1959316
-0.2066677
-0.2415602
-0.2415602
-0.2264316
-0.1771433
-0.2737687
-0.3335488
-0.3545325
-0.340868
-0.340868
-0.2971921
-0.2427801
-0.2078876
-0.1895879
-0.206912
-0.1744593
-0.1022361
-0.1022361
-0.08954725
-0.1090684
-0.082228
-0.09442831
-0.1317605
-0.1117524
-0.1102882
-0.1102882
-0.08857166
-0.1129723
-0.1129723
-0.06539247
-0.01195602
-0.01024758
-0.01415149
-0.01585994
-0.01585994
-0.02391205
-0.04416447
0.04709123
-0.05294788
-0.07856838
-0.07124756
0.103456
0.103456
0.003172609
0.06636807
0.01415149
-0.0558762
-0.03611235
-0.0336726
0.008783413
0.001219875
0.001219875
0.02269217
-0.09613676
-0.05221658
-0.1168762
-0.1168762
-0.08857166
-0.06173129
-0.0336726
-0.03611235
-0.0336726
-0.02415633
-0.02684037
-0.03245273
-0.04709123
-0.04440875
-0.04440875
-0.04196744
-0.04367589
-0.03977198
-0.01342018
-0.005856646
-0.0214723
-0.0214723
-0.02513192
-0.006587949
-0.006587949
0.01268733
0.0180554
0.01707981
0.03611235
0.05050813
0.05050813
0.06368402
0.05465633
0.05319216
0.04587136
0.03757652
0.02806024
0.02806024
0.02366776
0.02025242
-0.01464006
0.02879155
0.004636771
0.0090277
0.01585994
0.01585994
