0.1388355
0.1539641
0.1539641
0.1525
0.1568925
0.1620162
0.1595765
0.1520114
0.1520114
0.1346873
0.1346873
0.1827557
0.1661644
0.1851954
0.1503045
0.1224886
0.1332247
0.1481075
0.1261482
0.1261482
0.1017476
0.04831266
0.03464819
0.06343974
0.08003253
0.0607557
0.0607557
0.01707981
0.01756838
0.005368074
-0.01634851
0.0131759
0.05001955
0.05001955
0.05465633
0.03513677
0.0353795
0.07076055
0.0829593
0.08735178
0.08930452
0.08881595
0.08881595
0.1095554
0.1095554
0.09296415
0.08881595
0.1129723
0.1493274
0.1376156
0.1085798
0.1266368
0.1266368
0.1500602
0.1481075
0.1195602
0.09345272
0.09345272
0.1012605
