-0.02415633
0.004636771
0.01342018
0.02073944
0.02073944
0.02781596
-0.01098043
-0.0336726
-0.08076384
-0.08320359
-0.06734365
-0.06734365
-0.05416775
-0.005368074
0.06148856
0.07466446
0.08564334
0.0395277
0.07344458
0.03562378
0.03562378
0.02708466
0.09637949
0.09149998
0.1598208
0.1024804
0.05880453
0.122
0.122
0.09320843
0.05221658
0.02391205
0.0739316
0.09393974
0.07515148
0.07515148
0.01512863
0.04196744
0.02732738
0.05245931
0.1012605
0.1637247
0.1320033
0.1146807
0.09515961
0.09515961
0.1039446
0.0946726
0.08418074
0.08540061
0.06246415
0.04733552
0.04733552
0.02318074
-0.01951956
-0.008296397
0.004148198
0.01073615
0.02000813
0.009271986
0.02122801
0.02122801
0.03659937
0.04465148
0.04757981
0.03708794
0.03318403
0.04221173
0.04440875
0.04440875
0.04099186
0.0600244
0.06099999
0.04611564
0.05026384
0.0566075
0.05563192
0.05563192
0.04489577
0.04709123
0.04270031
0.05807167
0.05685179
0.05123943
0.06368402
0.06368402
0.07759123
0.07027198
0.06612378
0.05563192
0.02684037
0.009516273
0.009516273
0.0124446
0.009271986
0.004879501
0.0214723
0.03074428
0.04538434
0.06026869
0.06026869
0.09198856
0.1022361
0.1176075
0.1137036
0.09955209
0.08686477
0.06173129
0.07783552
0.07783552
0.08418074
0.1000407
0.1193159
0.1327361
0.1295635
0.1105325
0.1146807
0.1146807
0.100772
0.1185846
0.1429837
0.1102882
0.1163876
0.1102882
0.1054087
0.1054087
0.1117524
0.1315162
0.1422524
0.1437166
0.1310277
0.1442036
0.1495717
0.1495717
0.1688485
0.188368
0.1861726
0.1595765
0.1986156
0.2432687
0.2705961
0.2705961
0.2596156
0.2954837
0.3110993
0.2388762
0.1307834
0.09028011
0.08515632
0.08515632
0.08100812
0.0912557
0.1251726
0.1300521
0.0697834
-0.03342832
-0.07027198
-0.07100328
-0.07100328
-0.08100812
-0.04660422
-0.0353795
-0.04172472
0.0131759
0.08003253
0.1373713
0.1373713
0.2005683
0.1812915
0.1163876
0.05416775
0.05001955
0.02879155
0.03171987
0.03171987
0.009516273
-0.02464335
-0.01585994
0.03147558
0.05685179
-0.01073615
-0.0558762
-0.0558762
-0.002928323
0.04245602
0.05441204
0.06563676
-0.02879155
-0.04855539
-0.03611235
-0.03611235
0.01878826
0.0649039
0.008052111
0.06124428
0.1151677
0.09955209
0.06270844
0.06270844
0.05904726
0.09881923
0.1261482
0.08930452
0.08491204
0.0863762
0.08808465
0.08808465
0.05904726
0.09808794
0.1620162
