0.05856024
0.02391205
0.0180554
0.03977198
0.03977198
0.07612862
0.1041873
0.09979638
0.07198042
0.05368074
0.0395277
0.04806838
0.05319216
0.0773485
0.0773485
0.07051627
0.04440875
0.03464819
0.0004885725
0.02195931
0.02537621
0.02537621
0.0090277
0.01707981
-0.002195464
0.0009755891
0.03513677
0.03757652
0.02830453
0.02830453
0.0131759
0.003659626
0.004636771
-0.001952734
-0.002439751
0.02171658
0.02537621
0.02537621
0.0009755891
0.0009755891
0.008540683
0.01415149
0.001219875
0.0004885725
0.005856646
0.005856646
0
0.003659626
-0.005123788
-0.005368074
0.0007313028
0.004879501
-0.007563538
-0.007563538
-0.01293161
-0.0090277
-0.00341534
0.00561236
0.006832235
-0.001952734
0.001708448
0.001708448
-0.008052111
-0.008052111
-0.00341534
0.0007313028
0.002195464
-0.00561236
-0.004392485
-0.002195464
0.01342018
0.01342018
0.002195464
-0.01512863
