0.04709123
0.0558762
0.07344458
0.08320359
0.08320359
0.08442346
0.082228
0.07954396
0.06880782
0.0697834
0.06636807
0.06197558
0.06197558
0.06051142
0.05612049
0.05221658
0.05685179
0.06295273
0.05831595
0.06343974
0.06709937
0.06709937
0.07490875
0.07442018
0.07027198
0.07076055
0.06563676
0.07246744
0.06880782
0.06880782
0.06587949
0.06563676
0.06880782
0.06783222
0.06636807
0.07442018
0.08808465
0.08808465
0.09686806
0.0905244
0.09735663
0.09930781
0.1019918
0.09491532
0.09491532
0.08613191
0.08613191
0.08662049
0.08320359
0.08662049
0.07783552
0.07100328
0.06783222
0.06783222
0.07954396
0.08076384
0.0829593
0.08662049
0.06831924
0.0641726
0.06197558
0.05148372
0.04367589
0.04367589
0.04294459
0.02928012
0.01634851
0.03342832
0.04294459
0.04294459
0.04318732
0.05416775
0.05416775
0.06197558
0.0558762
0.0558762
0.04879968
0.02732738
0.01342018
0.01342018
0.009516273
-0.005368074
-0.01927527
-0.02684037
-0.03635664
-0.02318074
-0.02318074
0.004148198
0.01171174
0.002684037
-0.01585994
-0.02073944
-0.03513677
-0.04245602
-0.04245602
-0.04099186
-0.04270031
-0.0468485
-0.04855539
-0.05490061
-0.0558762
-0.05563192
-0.06051142
-0.06051142
-0.05978011
-0.06173129
-0.05880453
-0.051728
-0.05807167
-0.06441533
-0.0739316
-0.07124756
-0.07124756
-0.06514819
-0.06392831
-0.05416775
-0.04294459
-0.03464819
-0.01976385
-0.01976385
-0.01293161
-0.01098043
-0.02440062
-0.02440062
-0.02586322
-0.02586322
-0.03635664
-0.04270031
-0.01976385
-0.01976385
-0.01707981
-0.0263518
-0.03513677
-0.03611235
-0.03415962
-0.03269546
-0.02879155
-0.02879155
-0.0173241
-0.02293646
-0.02049671
-0.02659608
-0.03342832
-0.03586807
-0.05538763
-0.05538763
-0.06319545
-0.06343974
-0.05734036
-0.05001955
-0.03513677
-0.02732738
-0.02732738
-0.03391533
-0.0353795
-0.03415962
-0.03318403
-0.03001142
-0.03635664
-0.04587136
-0.04416447
-0.04416447
-0.04782409
-0.05465633
-0.05929154
-0.05075242
-0.04148043
-0.03220844
-0.03074428
-0.03074428
-0.04270031
-0.04050328
-0.03977198
-0.04514005
