-0.1073599
-0.09515961
-0.1019918
-0.1097997
-0.1097997
-0.1146807
-0.1173648
-0.1259039
-0.1290765
-0.1415195
-0.1415195
-0.1283436
-0.1029674
-0.1029674
-0.09906352
-0.1078485
-0.1324918
-0.1171205
-0.1102882
-0.07466446
-0.1271238
-0.1271238
-0.1144364
-0.1119967
-0.1171205
-0.1141922
-0.1229756
-0.1088241
-0.1188274
-0.1188274
-0.1222443
-0.1171205
-0.1237084
-0.1383485
-0.1359087
-0.1471319
-0.1461563
-0.1456677
-0.1456677
-0.1451807
-0.1434723
-0.1490846
-0.1449364
-0.1437166
-0.1461563
-0.1461563
-0.1444479
-0.1412753
-0.1237084
-0.1376156
-0.1376156
-0.1210244
-0.1176075
-0.1176075
-0.1237084
-0.1193159
-0.1237084
-0.1168762
-0.1151677
-0.1066286
-0.1129723
-0.1139479
-0.1139479
-0.1078485
-0.1066286
-0.115412
-0.1139479
-0.1032117
-0.1027247
-0.1010163
-0.1010163
-0.09223129
-0.08930452
-0.09101141
-0.0863762
-0.07685993
-0.08540061
-0.09711234
-0.1029674
-0.1029674
-0.1022361
-0.1019918
-0.1039446
-0.1039446
-0.09979638
-0.09198856
-0.09198856
-0.08906023
-0.1205358
-0.09003583
-0.09076868
-0.0829593
-0.1161433
