0.06954067
0.08076384
0.1115081
0.1188274
0.09442831
0.09442831
0.09808794
0.09808794
0.1054087
0.09003583
0.0690521
0.0697834
0.09320843
0.09564818
0.09564818
0.09149998
0.06856353
0.03342832
0.04538434
0.07222471
0.09271986
0.05490061
0.05490061
0.03342832
0.03781925
0.04855539
0.05929154
0.05465633
0.06514819
0.1093127
0.1176075
0.09247557
0.08515632
0.09003583
0.09003583
0.08954725
0.06783222
0.04538434
0.04538434
0.03147558
0.03391533
0.03635664
0.02586322
0.02513192
0.02293646
0.04245602
0.05538763
0.05538763
0.06954067
0.06441533
0.04001627
0.04343161
0.06636807
0.1083355
0.1083355
0.1198045
0.07002769
-0.006587949
-0.02562049
0.04831266
0.1337117
0.16714
0.1593322
0.1593322
0.1337117
0.1280994
0.1117524
0.1254153
0.1332247
0.173728
0.173728
0.225456
0.2469283
0.2498566
0.1900765
0.1442036
0.1229756
0.1156563
