-0.01366447
-0.0090277
-0.0090277
-0.003172609
-0.002928323
-0.001464162
-0.001464162
-0.005123788
-0.005123788
-0.0131759
-0.0131759
-0.01342018
-0.02122801
-0.02122801
-0.02269217
-0.02269217
-0.01976385
-0.01488435
-0.006099377
-0.01146745
-0.01268733
-0.02073944
-0.02049671
-0.01342018
-0.03806353
-0.03806353
-0.03489248
-0.03489248
-0.03196416
-0.02049671
-0.0336726
-0.0336726
-0.03562378
-0.04148043
-0.02464335
-0.02464335
-0.03879639
-0.03879639
-0.02000813
-0.02073944
-0.01268733
-0.01268733
