0.01951956
0.01951956
0.02049671
0.00561236
0.00561236
0.01049186
0.01049186
0.01049186
0.01000329
0.01098043
0.01195602
0.0173241
0.01781267
0.01585994
0.01585994
0.02244788
0.01829969
0.01829969
0.02195931
0.02195931
0.02195931
0.01903255
0.01903255
0.01903255
0.02122801
0.01488435
0.02049671
0.01903255
0.01756838
0.01073615
0.01073615
0.01073615
0.01683552
0.01878826
0.01000329
0.01000329
0.02952441
0.02732738
0.02732738
0.02025242
0.01390876
0.008540683
0.008540683
0.0214723
0.0214723
0.02171658
0.02562049
0.0214723
0.02391205
0.02391205
0.01903255
0.01903255
0.01756838
0.01464006
0.01464006
0.01146745
0.008296397
0.008296397
0.01707981
0.01707981
0.01707981
