-0.977464
-0.9337881
-0.9337881
-0.9445242
-0.9523321
-0.9657522
-0.9752685
-0.9752685
-0.9901513
-1.001865
-0.996008
-1.00894
-1.037733
-1.03578
-1.03578
-1.026264
-1.026264
-1.026508
-1.031876
-1.040417
-1.046028
-1.041879
-1.023093
-1.015041
-1.015041
-0.9962522
-0.9823435
-0.9830763
-1.00894
-1.010404
-0.9874673
-0.9735601
-0.9525763
-0.9525763
-0.9418402
-0.9337881
-0.9308598
-0.9235405
-0.9311041
-0.9159755
-0.9159755
-0.9115845
-0.9013354
-0.9013354
-0.9059721
-0.9208565
-0.9208565
-0.9235405
-0.9235405
-0.9196366
-0.9301285
-0.92842
-0.9372035
-0.9472083
-0.9518435
-0.956236
-0.9530634
-0.9530634
-0.9513565
-0.9645324
-0.970876
-0.9784396
-0.9598956
-0.9598956
-0.9591643
-0.9701447
-0.9821008
-0.9906399
