-0.9603842
-0.9328125
-0.9301285
-0.9301285
-0.9701447
-1.037975
-1.041148
-1.020651
-1.026996
-1.065791
-1.070428
-1.070428
-1.051884
-1.068964
-1.096291
-1.076285
-1.040904
-1.020651
-1.000888
-1.004304
-0.9786839
-0.9786839
-0.9596514
-0.9113402
-0.909876
-0.9232963
-0.9220763
-0.9169526
-0.9169526
-0.9086562
-0.9176839
-0.9228077
-0.9232963
-0.9118288
-0.9013354
-0.8842556
-0.8815715
-0.8815715
-0.9010926
-0.9159755
-0.9291514
-0.9301285
-0.9254917
-0.9352522
-0.9425715
-0.9425715
-0.9501366
-0.9489167
-0.9418402
-0.9313484
-0.9577001
-0.9840519
-0.9874673
-0.9874673
-0.9486725
-0.9457442
-0.9489167
