-1.031632
-1.033096
-1.039684
-1.035291
-1.035291
-1.030412
-1.019431
-1.013088
-1.001865
-1.013821
-1.008695
-1.015285
-1.015285
-1.00284
-0.9928353
-0.9982035
-1.009184
-1.007475
-1.007233
-1.020409
-1.020409
-0.9908842
-0.9520878
-0.9303728
-0.8264282
-0.7766514
-0.7402963
-0.7046725
-0.7046725
-0.6758794
-0.6651433
-0.6463565
-0.6412327
-0.6707556
-0.6863713
-0.6863713
-0.6958875
-0.6558728
-0.6414755
-0.6114641
-0.5851123
-0.54778
-0.5460716
-0.4555487
-0.4335879
-0.4335879
-0.4104087
-0.3847882
-0.3847882
-0.356728
-0.3396482
-0.3328159
-0.3345244
-0.3433078
-0.3486758
-0.3738078
-0.3801514
-0.3801514
-0.3864966
-0.389912
-0.3816156
-0.3850325
-0.3791758
-0.3847882
-0.3708794
-0.3708794
-0.3777117
-0.3813713
-0.3823484
-0.4074804
-0.4226075
-0.4282198
-0.4394445
-0.4394445
-0.4662834
-0.4921481
-0.5058126
-0.5324087
-0.5509527
-0.5909674
-0.5909674
-0.6109755
-0.6322035
-0.6322035
-0.6370845
-0.6514803
-0.6673403
-0.7032083
-0.7237035
-0.7237035
-0.7363924
-0.7883646
-0.8454607
-0.8918207
-0.9040194
-0.9215878
-0.9067035
-0.9067035
-0.9096318
-0.8967001
-0.8874282
-0.8874282
-0.8874282
-0.8808402
-0.8522914
-0.9276887
-0.9606284
-0.9577001
-1.081164
-1.081164
-1.134112
-1.127524
-1.127524
-1.090681
-1.065304
-1.042856
-1.024312
-1.013088
-1.002107
-0.9701447
-0.9574559
-0.9574559
-0.9603842
-0.9603842
-0.9557474
-0.968192
-0.9862474
-1.000156
-1.010648
-1.010648
-1.027484
-1.038464
-1.027239
-0.9940552
-1.017725
-1.086288
-1.087752
-1.087752
-1.0492
-0.9869803
-0.9642881
