-0.5724234
-0.5943843
-0.6324478
-0.6324478
-0.6897882
-0.7459086
-0.7534721
-0.7341954
-0.7605487
-0.7681122
-0.7681122
-0.7693321
-0.7620113
-0.7588403
-0.7956839
-0.8398484
-0.8654673
-0.8571725
-0.8571725
-0.8622963
-0.8649803
-0.8801073
-0.8766921
-0.8849884
-0.9123158
-0.9291514
-0.9291514
-0.8957246
-0.8957246
-0.9096318
-0.9196366
-0.9103646
-0.8840113
-0.8688842
-0.8691285
-0.8691285
-0.8598565
-0.843508
-0.8388728
-0.8305764
-0.80764
-0.79178
-0.7847035
-0.7847035
-0.8025162
-0.8105683
-0.8203273
-0.8117881
-0.7937327
-0.8198403
-0.8198403
-0.888648
