-0.691008
-0.73078
-0.7588403
-0.7754315
-0.7754315
-0.7912914
-0.8547327
-0.8547327
-0.8920634
-0.8605878
-0.8532686
-0.8942604
-0.9118288
-0.9118288
-0.9228077
-0.9418402
-0.9825878
-0.9982035
-0.9516008
-0.9440357
-0.9596514
-0.8945047
-0.8671758
-0.8671758
-0.7998321
-0.7690879
-0.7361481
-0.7322442
-0.7049168
-0.7049168
-0.6700243
-0.6426954
-0.6683158
-0.7007686
-0.7349282
-0.7361481
-0.7361481
-0.7329755
-0.7581074
-0.7605487
-0.7783598
-0.8054445
-0.8042246
-0.8054445
-0.79178
-0.7939755
-0.7939755
-0.7986122
-0.8086155
-0.8086155
-0.831552
-0.8649803
-0.8627848
-0.8627848
-0.8588794
-0.8557083
-0.8796204
