-0.6824673
-0.6885683
-0.6739282
-0.6749038
-0.6968647
-0.6968647
-0.7100406
-0.7100406
-0.7402963
-0.7671366
-0.7656725
-0.7595716
-0.7546921
-0.7546921
-0.7532279
-0.7532279
-0.7576204
-0.7700634
-0.7737246
-0.8003207
-0.8530242
-0.8757164
-0.8923077
-0.8923077
-0.8835242
-0.8720552
-0.8720552
-0.8691285
-0.8691285
-0.8449721
-0.8354559
-0.8510715
-0.8906008
-0.9228077
-0.9311041
-0.9581887
-0.9581887
-0.9640438
-0.9559917
-0.9559917
-0.9425715
-0.9084119
-0.9128044
-0.9128044
-0.9364721
-0.9364721
-0.9269559
-0.9269559
-0.9503794
-0.9564803
-0.9723402
-0.98942
-0.9706318
-0.9635568
-0.9635568
