-0.9508679
-0.9428158
-0.9428158
-0.9303728
-0.9296399
-0.9323239
-0.9323239
-0.9367164
-0.9408646
-0.9408646
-0.9464754
-0.9696562
-0.9930797
-1.013332
-1.041879
-1.069208
-1.0797
-1.0797
-1.061888
-1.03212
-1.011379
-1.031632
-1.058228
-1.05286
-1.013821
-0.9855161
-0.9855161
-0.9762442
-0.9840519
-0.9991806
-0.9882001
-0.9613598
-0.9267116
-0.9332995
-0.9332995
-0.9425715
-0.9816122
-0.9823435
-0.946964
-0.9281757
-0.9208565
-0.9108517
-0.9108517
-0.8949917
-0.8874282
-0.895236
-0.9006041
-0.8959673
-0.8893794
-0.8932848
-0.8932848
-0.89792
-0.9125601
-0.9120715
-0.9162197
-0.9254917
-0.9328125
-0.9386676
-0.94428
-0.9347637
-0.9537963
-0.9537963
-0.9555047
-0.9545276
-0.9545276
-0.9484282
-0.9345194
-0.9489167
