-0.4352963
-0.4911725
-0.4911725
-0.5199641
-0.5158159
-0.5121562
-0.5304559
-0.5751074
-0.5751074
-0.6514803
-0.6514803
-0.6204917
-0.6507475
-0.7134559
-0.7280959
-0.7327327
-0.7883646
-0.8332604
-0.8354559
-0.8354559
-0.8522914
-0.8932848
-0.9413517
-0.9508679
-0.925736
-0.9040194
-0.9040194
-0.9625797
-0.9132914
-0.9076806
-0.8957246
-0.8383842
-0.8244755
-0.8244755
-0.8588794
-0.8432637
-0.7995878
-0.79178
-0.7783598
-0.7483484
-0.7322442
-0.7346839
-0.7346839
-0.7034526
-0.7034526
-0.6912523
-0.6709999
-0.6531872
-0.6385487
-0.6439168
-0.6734396
-0.712236
-0.712236
-0.7219966
-0.7168728
-0.7227279
-0.7703077
-0.7703077
-0.7788484
