-0.9764884
-0.9821008
-0.9855161
-1.016992
-1.016992
-1.040904
-1.040172
-1.045296
-1.027972
-1.026264
-1.022604
-1.045052
-1.058472
-1.05164
-1.05164
-1.045785
-1.007475
-0.9982035
-0.9889315
-0.9759998
-0.9752685
-0.9752685
-0.9533077
-0.9408646
-0.9369607
-0.9315926
-0.9364721
-0.9359836
-0.9267116
-0.9267116
-0.9091448
-0.8986514
-0.8964559
-0.8996285
-0.9181725
-0.9181725
-0.9154884
-0.9154884
-0.9049966
-0.9049966
-0.919148
-0.919148
-0.9208565
-0.9189038
-0.9259803
-0.9259803
-0.9315926
-0.9528207
-0.9552604
-0.9484282
-0.9452556
-0.94428
-0.9523321
-0.9523321
-0.9586757
-0.9591643
-0.9606284
-0.9581887
-0.9537963
-0.9559917
-0.9616041
-0.9616041
-0.9720959
-0.9720959
-0.9764884
-0.9874673
-0.9935682
-0.9945438
-0.9842963
-0.9716073
-0.9828321
-0.9828321
-0.9933239
-0.9811236
