-0.7183354
-0.7300487
-0.7293158
-0.718824
-0.718824
-0.7044282
-0.7044282
-0.7019885
-0.7093077
-0.7117475
-0.7032083
-0.6829559
-0.6649005
-0.6649005
-0.6853957
-0.7786041
-0.8232556
-0.8781562
-0.8615634
-0.8032475
-0.8532686
-0.8532686
-0.8710797
-0.9123158
-0.8945047
-0.8615634
-0.8637604
-0.8493646
-0.91378
-0.91378
-0.909876
-0.8991399
-0.8988956
-0.9291514
-0.9454998
-0.95892
-0.9474526
-0.9430601
-0.9430601
-0.9457442
-0.9464754
-0.9547718
-0.9530634
-0.9547718
-0.970876
-0.970876
-0.9647767
-0.9706318
-0.9149998
-0.9720959
-0.9720959
-0.9537963
-0.9511122
-0.9511122
-0.9650194
-0.9657522
-0.9572116
-0.9459884
-0.9474526
-0.9389119
-0.9347637
-0.9335438
-0.9335438
-0.9269559
-0.9332995
-0.9413517
-0.9503794
-0.9447685
-0.9474526
-0.9479396
-0.9479396
-0.9408646
-0.9311041
-0.9215878
-0.9171953
-0.9228077
-0.9296399
-0.9286643
-0.9315926
-0.9315926
-0.9342767
-0.9179282
-0.9184167
-0.9184167
-0.9313484
-0.9130487
-0.9130487
-0.8908435
-0.8906008
-0.8918207
-0.9247604
-0.9315926
-0.9584315
