-0.7595716
-0.7500553
-0.7115048
-0.7115048
-0.7249234
-0.7249234
-0.7341954
-0.7341954
-0.7341954
-0.8105683
-0.8105683
-0.8940161
-0.9933239
-0.9933239
-1.09678
-1.09678
-1.044563
-1.005036
-1.005036
-0.9110959
-0.9110959
-0.8735194
-0.8735194
-0.8227686
-0.8227686
-0.810324
-0.9218321
-0.9167083
-0.9167083
-0.89792
-0.8971887
-0.8735194
-0.8417996
-0.7588403
-0.7429803
-0.7429803
-0.8017833
-0.8017833
-0.74542
-0.7915357
-0.8098354
-0.8147165
-0.8215487
-0.8332604
-0.8601008
-0.9340324
-0.8054445
-0.8532686
-0.8874282
