-0.7205324
-0.6646562
-0.6351318
-0.6226888
-0.6429396
-0.6688044
-0.6258599
-0.6258599
-0.5873078
-0.5680324
-0.5553436
-0.5399722
-0.5202084
-0.4926367
-0.4643322
-0.4643322
-0.4352963
-0.4043078
-0.3964999
-0.3862524
-0.377956
-0.3606319
-0.3401367
-0.3401367
-0.3118322
-0.2842605
-0.2622997
-0.2376563
-0.2164283
-0.1842199
-0.1488404
-0.1488404
-0.1173648
-0.09515961
-0.07442018
-0.04709123
-0.01342018
-0.0009755891
0.006832235
0.006832235
0.01342018
0.03489248
0.06270844
0.07832409
0.103456
0.1420081
0.1576238
0.1576238
0.1747036
0.1842199
0.2003241
0.2078876
0.2232605
0.2637638
0.298412
0.3057313
0.3057313
0.3154918
0.3291563
0.3569722
0.3928403
0.3984527
0.4025993
0.4199234
0.4199234
0.4147996
0.4394445
0.4767767
0.4709201
0.5360683
0.5780358
0.5111806
0.5111806
0.4775081
0.4584755
0.5124006
