-0.6744168
-0.6534315
-0.6148794
-0.5951155
-0.6007279
-0.6056074
-0.6056074
-0.6002393
-0.6099999
-0.5880406
-0.5575406
-0.5341156
-0.5214282
-0.5214282
-0.5104478
-0.4855602
-0.4626237
-0.4511563
-0.4489592
-0.4489592
-0.4716514
-0.4775081
-0.4667719
-0.4643322
-0.4745797
-0.4709201
-0.4330993
-0.3821042
-0.3821042
-0.3086596
-0.3020716
-0.3020716
-0.2388762
-0.1598208
-0.09711234
-0.05294788
-0.0124446
-0.0124446
0.02391205
0.06343974
0.09637949
0.110044
0.1254153
0.1451807
0.1451807
0.1959316
0.2230162
0.234728
0.2391205
0.2410716
0.2459527
0.2564445
0.2684006
0.2998762
0.2998762
0.3494087
0.4113843
0.4667719
0.5165488
0.5697393
0.6114641
0.657824
0.657824
0.6919836
0.7046725
0.7039396
0.7156514
0.7415162
0.7695764
0.7822637
0.7822637
0.7773842
0.7869005
0.7927556
0.834236
0.8776676
0.8776676
0.8903565
0.8959673
0.9252474
0.9581887
0.9899086
0.9872246
0.9791725
0.9777083
0.9777083
0.9608728
0.9362279
0.9237848
0.9096318
0.9174396
0.9142686
0.8596122
0.7764086
0.7764086
0.6968647
0.6253713
0.5738875
0.5102035
0.4587198
0.4501807
0.4635993
0.4635993
0.4811677
0.5009316
0.4772638
0.4596954
0.4650635
0.4452996
0.3550195
0.3550195
0.2632768
0.1908078
0.1442036
0.07954396
-0.05612049
-0.1683599
-0.1864153
-0.1864153
-0.1698241
-0.1871482
-0.2186238
-0.2354593
-0.244
-0.2554674
-0.2796237
-0.2796237
-0.2998762
-0.2837719
-0.2047165
-0.2176482
-0.2801123
-0.3437963
-0.3437963
-0.3789316
-0.3679527
