-0.6824673
-0.6744168
-0.6863713
-0.6863713
-0.7664038
-0.7664038
-0.7817767
-0.7446887
-0.7410276
-0.7756758
-0.7363924
-0.7363924
-0.7363924
-0.63928
-0.6453794
-0.5926758
-0.5397279
-0.5277719
-0.4977605
-0.3525797
-0.3391596
-0.3220797
-0.3220797
-0.194956
-0.1647003
-0.09393974
-0.09393974
0.004879501
0.004879501
0.2061807
0.2061807
0.1991042
0.2213078
0.3235439
0.3235439
0.438956
0.4699445
0.5285048
0.5346041
0.4779966
0.4779966
0.5072768
0.5072768
0.5692523
0.5692523
0.5128875
0.4687246
0.5099608
0.5099608
0.4953207
0.4953207
0.4970276
0.4916596
0.4916596
