0.2396075
0.3491644
0.3125635
0.3125635
0.2996319
0.3064641
0.2867003
0.2835276
0.2842605
0.2842605
0.3028045
0.3267165
0.3413566
0.3176873
0.249368
0.1944674
0.2025195
0.1659202
0.1659202
0.1066286
-0.004148198
-0.0780798
-0.2525406
-0.3818599
-0.3818599
-0.6404999
-0.6404999
-0.7349282
-0.8176448
-0.8757164
-0.8583924
-0.8422881
-0.8056887
-0.8056887
-0.8203273
-0.8566839
-0.8142279
-0.797148
-0.8374086
-0.9340324
-0.9723402
-0.9406204
-0.8364315
-0.8364315
-0.8801073
-0.9435487
-0.9742914
-0.9328125
-0.9384233
-0.9245161
-0.9245161
-0.9203679
-0.9193923
-0.8708354
-0.7822637
-0.773236
-0.7876318
-0.6580683
-0.6580683
-0.8083728
-0.8771806
-0.8793761
-0.7866562
