-0.2049593
-0.2283843
-0.2852361
-0.2852361
-0.3191514
-0.3162247
-0.2981677
-0.3020716
-0.3030488
-0.3030488
-0.2998762
-0.3093924
-0.3486758
-0.371368
-0.3813713
-0.4008924
-0.4147996
-0.4223647
-0.4382246
-0.4382246
-0.3852768
-0.3328159
-0.3172003
-0.3372084
-0.3250081
-0.2527834
-0.2527834
-0.1656759
-0.1334674
-0.1237084
-0.1073599
-0.06807651
-0.04026055
-0.008052111
0.01878826
0.01878826
0.07905539
0.1168762
0.1437166
0.1556726
0.1559153
0.1803159
0.2132557
0.2132557
0.2498566
0.2740114
0.2693762
0.2805993
0.3137834
0.3413566
0.3413566
0.3513599
0.3559966
0.3135406
0.3113436
0.3208599
0.3308647
0.3491644
0.3491644
0.3506286
0.3281807
0.307684
0.2903599
0.3035358
0.3135406
0.3225683
0.307684
0.3889364
0.3889364
0.3630716
0.2847475
0.2339967
0.2315554
0.2598599
0.3020716
