0.3628273
0.362096
0.3135406
0.3452605
0.3452605
0.3074397
0.2791367
0.2000798
0.2027638
0.2044723
0.2003241
0.2003241
0.1537199
0.1185846
0.0180554
-0.005368074
-0.1239527
-0.3667313
-0.5128875
-0.4740927
-0.4740927
-0.3503843
-0.3394039
-0.4633566
-0.6148794
-0.6980845
-0.7356595
-0.9691676
-0.9691676
-1.05408
-1.176813
-1.302472
-1.328093
-1.230005
-1.144604
-1.144604
-1.085799
-1.10776
-1.131184
-1.067744
-1.018456
-1.02358
-1.071892
-1.065549
-1.017725
-1.017725
-0.923052
-0.858148
-0.8827914
-0.8352116
-0.8203273
-0.7544478
-0.7544478
-0.6993044
-0.6153679
-0.6946676
-0.8413125
-1.046028
-1.178764
-1.246107
-1.258063
-1.258063
-1.232931
-1.18828
-1.119472
-1.031632
-0.9567246
-0.9391562
-0.9332995
-0.9332995
-0.9101204
-0.9147556
-0.9633125
-0.9662408
-0.9672164
-0.9847832
-0.9945438
-0.9945438
-0.9803923
-0.9742914
-0.9381806
-0.9408646
-0.9852718
-1.033096
-1.004549
-1.004549
-1.057497
-1.090681
-1.110444
-1.070917
-1.021384
-0.9847832
-0.9847832
-0.9313484
-0.8608321
-0.79178
-0.7683565
-0.7556676
-0.7576204
-0.7637197
-0.7637197
-0.8149607
-0.8171562
-0.8337474
-0.8535113
-0.9384233
-1.025044
-1.028703
-1.03456
-1.03456
-0.9674607
-0.8688842
-0.7964168
-0.8056887
-0.7632327
-0.6956448
-0.6709999
-0.6709999
-0.8066643
-0.9718516
-1.127769
-1.163879
-1.084824
-1.005524
-0.9006041
-0.9006041
-0.8054445
-0.8771806
-0.9518435
-1.004791
-0.9267116
-0.8764477
-0.8696155
-0.8696155
-0.8640047
-0.9084119
-0.9921041
-1.064571
-1.075063
-1.067011
-1.207557
-1.207557
-1.354931
-1.357128
-1.307352
-1.319552
-1.301497
-1.207557
-1.064571
-1.064571
-1.134601
-1.165832
-1.051396
-1.08214
-1.071159
-0.9481839
-0.916464
-0.8949917
-0.8949917
-0.7449315
-0.5277719
-0.3154918
-0.1876367
-0.09271986
0.01610422
0.09637949
0.09637949
0.2635195
0.4074804
0.5448517
0.6775879
0.7283403
0.7041839
0.7564005
0.7564005
0.9306155
0.8579038
0.8256953
0.8008077
0.7768956
0.7700634
0.7058924
0.7058924
0.6702686
0.6380602
0.5926758
0.3711237
0.4677475
0.5141074
0.3477003
0.3477003
0.2376563
0.2937768
0.1886123
0.07295601
0.0863762
0.03025571
-0.06831924
-0.06831924
-0.03098857
-0.08393645
0.01146745
0.007076522
-0.06051142
-0.06099999
-0.1417638
-0.1417638
-0.03806353
0.04172472
0.133956
