-0.7432246
-0.71614
-0.6746595
-0.6397686
-0.6151237
-0.6151237
-0.5753517
-0.5753517
-0.493368
-0.4514005
-0.4562801
-0.4123599
-0.3264723
-0.2420488
-0.2420488
-0.2047165
-0.1483518
-0.04953254
0.04123614
0.0222036
0.04660422
0.1320033
0.1320033
0.2064234
0.2286286
0.2549804
0.3179316
0.3457475
0.3723436
0.4345635
0.4499364
0.4448126
0.4440797
0.4282198
0.4282198
0.4384674
0.4611596
0.4809234
0.4809234
0.4794608
0.474824
0.4582328
0.4565243
0.4335879
0.4047963
0.3511156
0.356728
0.356728
0.3750276
0.3350114
0.2664478
0.2091075
0.216184
0.1927605
0.1927605
0.1300521
-0.01171174
-0.173728
-0.2047165
-0.1156563
-0.03879639
-0.1151677
-0.3525797
-0.3525797
-0.4882442
-0.5521725
-0.5355797
-0.5614445
-0.62464
-0.7605487
-0.7605487
-0.8286237
-0.7861676
-0.8073956
-0.83692
-0.8571725
-0.7905601
-0.7539607
