-0.8910878
-0.8471676
-0.8481448
-0.8715683
-0.8715683
-0.8025162
-0.7402963
-0.7402963
-0.7932442
-0.8181318
-0.7393207
-0.6146367
-0.5355797
-0.5355797
-0.5314316
-0.5060553
-0.4711644
-0.3750276
-0.2886514
-0.1769006
-0.06539247
-0.09271986
0.01024758
0.01024758
0.05197229
0.09491532
0.1664087
0.2747442
0.3320846
0.3320846
0.3452605
0.3232996
0.3311075
0.3689283
0.4167524
0.4435927
0.4435927
0.4582328
0.4704315
0.4516433
0.4845846
0.5294803
0.53314
0.5192327
0.4882442
0.481412
0.481412
0.4745797
0.4555487
0.4555487
0.4638436
0.4901954
0.4570113
0.4570113
0.4648207
0.4072361
0.4013794
