-0.949648
-0.8988956
-0.8569282
-0.8849884
-0.9328125
-0.9328125
-0.9415959
-0.9574559
-0.9672164
-1.017967
-1.045296
-1.104101
-1.063596
-1.137285
-1.137285
-1.150461
-1.15534
-1.152656
-1.074088
-1.010404
-0.9945438
-0.9945438
-0.919148
-0.7844607
-0.7075993
-0.6827116
-0.5460716
-0.5041041
-0.4889755
-0.4650635
-0.4650635
-0.3337915
-0.2757198
-0.2598599
-0.2425358
-0.1866596
-0.1271238
-0.05831595
-0.06246415
-0.06246415
-0.05880453
-0.05392347
0.02976869
0.1417638
0.1932475
0.1839756
0.1449364
0.1449364
0.1878795
0.2293599
0.2135
0.2135
0.2449756
0.2449756
0.1859283
0.1693355
0.1766563
0.1527443
0.1873925
0.1751921
0.1451807
0.1451807
0.1161433
0.1505472
0.1505472
0.1346873
0.1437166
0.1437166
0.1678713
0.1676286
0.09369545
0.1027247
0.1027247
0.140544
0.131272
0.3635602
0.1942247
-0.0009755891
-0.01171174
-0.01171174
0.02928012
