-0.06026869
-0.03830782
-0.01610422
0.006099377
0.006099377
-0.007319252
-0.03513677
-0.0395277
-0.006832235
0.01781267
0.0600244
0.07661564
0.07661564
0.10614
0.1417638
0.1595765
0.1722638
0.1971515
0.2317996
0.2820635
0.2820635
0.3145162
0.3496514
0.3699039
0.3943045
0.4021123
0.4233403
0.4560358
0.4560358
0.5055683
0.5416806
0.5802327
0.5873078
0.6226888
0.6763679
0.6763679
0.6878354
0.6971074
0.7176041
0.7481041
0.7849478
0.8317963
0.8847442
0.9340324
0.9528207
0.9528207
0.9542832
0.9684363
0.9684363
0.9918598
1.016016
1.011137
0.9940552
0.9886887
0.9901513
0.9828321
0.9613598
0.9613598
0.9452556
0.9379363
0.9423288
0.9594086
0.9545276
0.9406204
0.9559917
0.9559917
0.9669721
0.9664836
0.9686806
0.9628239
0.949648
0.9252474
0.9096318
0.9096318
0.9113402
0.9103646
0.8771806
0.8259396
0.7754315
0.7437116
0.7437116
0.7276074
0.7651839
0.7651839
0.7415162
0.6880797
0.6709999
0.6570927
0.6439168
0.6439168
0.5819396
0.5209396
0.4570113
0.4155325
0.3886921
0.3547752
0.3428208
0.3428208
0.3313518
0.3237882
0.3250081
0.3250081
0.3250081
0.3008518
0.2464397
0.2249674
0.2544918
0.2662036
0.1388355
0.1388355
0.06758794
0.02781596
0.02781596
0.001952734
-0.02195931
-0.03391533
-0.05050813
-0.08881595
-0.1124837
-0.1400554
-0.13664
-0.13664
-0.1088241
-0.07564005
-0.05831595
-0.04709123
-0.03074428
-0.006099377
0.004636771
0.004636771
-0.0131759
-0.03659937
0.04318732
0.1139479
0.01415149
-0.08881595
-0.2032524
-0.2032524
-0.1707997
-0.09320843
-0.002439751
