-1.417884
-1.353956
-1.257576
-1.20292
-1.127524
-1.05042
-0.940376
-0.940376
-0.8642474
-0.7766514
-0.6951562
-0.5973126
-0.4894641
-0.4360276
-0.4360276
-0.4235846
-0.3938159
-0.2791367
-0.1412753
-0.0090277
0.04026055
0.0773485
0.1808045
0.1808045
0.2574202
0.3999153
0.4970276
0.5058126
0.5497327
0.5704722
0.6160993
0.6160993
0.6546514
0.6795406
0.6988158
0.7232165
0.6892996
0.657824
0.6805162
0.6805162
0.7078435
0.7078435
0.6863713
0.6919836
0.6834445
0.66978
0.6534315
0.6534315
0.6160993
0.6109755
0.6261041
0.6024364
0.5909674
0.5912116
0.5797442
0.5553436
0.5697393
0.5697393
0.5241123
0.4823876
0.4843403
0.5165488
0.4496921
0.3791758
0.3791758
0.3562394
0.383324
0.374052
0.3625846
0.3928403
0.4421286
0.4599397
0.4599397
0.4797035
0.4984918
0.4255358
0.4169966
0.5609559
