0.009271986
0.01488435
0.01488435
0.03342832
0.0312313
0.02073944
0.02049671
0.02610751
0.02610751
0.03635664
0.03293975
0.03074428
0.02391205
0.02342347
0.02684037
0.02488763
0.02293646
0.02293646
0.03513677
0.03513677
0.03659937
0.03635664
0.03391533
0.03269546
0.02269217
0.004879501
0.004879501
0.01098043
0.02488763
0.03611235
0.0336726
0.02806024
0.03904068
0.05514335
0.06831924
0.06831924
0.06783222
0.06636807
0.07759123
0.08125241
0.08662049
0.07661564
0.07661564
0.07637135
0.07637135
0.08149669
0.08954725
0.08198372
0.08100812
0.07783552
0.07783552
0.08442346
0.09028011
0.09028011
0.08344787
0.07344458
0.06758794
0.0641726
0.06783222
0.06783222
0.07637135
0.07466446
0.07905539
0.09247557
0.08906023
0.08003253
0.07954396
0.07954396
0.07490875
0.08003253
0.07661564
0.07271173
0.0641726
0.07149185
0.07442018
0.06319545
0.06319545
0.05465633
0.0697834
0.09930781
0.04831266
0.08247229
0.08247229
0.06758794
