-0.09320843
-0.08466775
-0.08393645
-0.07442018
-0.06636807
-0.06246415
-0.05392347
-0.04928825
-0.05831595
-0.06148856
-0.0509967
-0.04099186
-0.0353795
-0.03562378
-0.03025571
-0.0173241
-0.01707981
-0.02708466
-0.02732738
-0.02049671
-0.003903912
0.009760559
0.01439577
0.01683552
0.01512863
0.01488435
0.02806024
0.0263518
0.0173241
0.02952441
0.05197229
0.05880453
0.05026384
0.04489577
0.04416447
0.04221173
0.04709123
0.0566075
0.05148372
0.05075242
0.04709123
0.03879639
0.03635664
0.03562378
0.03220844
0.02830453
0.0214723
0.0173241
0.01976385
0.01634851
0.01024758
0.009271986
0.01122472
0.01122472
0.008783413
0.006343663
0.007807824
0.008783413
0.006832235
0.009516273
0.009516273
0.008783413
0.005368074
0.0090277
0.001464162
0.004148198
0.002439751
0.007563538
0.01098043
0.01610422
0.02049671
0.03489248
0.04440875
0.04757981
0.04538434
0.03879639
0.03318403
0.03074428
0.0214723
0.02293646
0.0263518
0.02854726
0.01878826
-0.001708448
-0.0004885725
0.00561236
0.01049186
0.006832235
0.002928323
-0.002684037
-0.01439577
-0.02122801
-0.03391533
-0.03806353
-0.04074757
-0.04026055
-0.03904068
-0.03440391
-0.03806353
-0.04123614
-0.04562863
-0.04587136
-0.04831266
-0.05465633
-0.05343645
-0.05221658
-0.05416775
-0.06197558
-0.07002769
-0.07856838
-0.08100812
-0.08173943
-0.08393645
-0.0739316
-0.0697834
-0.06221987
-0.06368402
-0.07466446
-0.07539576
-0.07173613
-0.08344787
-0.0773485
-0.06295273
-0.07661564
-0.07564005
-0.07783552
-0.07881266
