0.01488435
-0.004879501
-0.02586322
-0.02586322
-0.01171174
0.0124446
0.02928012
0.02342347
0.004879501
0.004879501
0.004148198
0.006832235
0.006832235
0.01122472
0.01122472
0.005368074
0.005368074
-0.002684037
0.01268733
0.07124756
0.1302964
0.13664
0.13664
0.08662049
0.08662049
0.05563192
0.140544
0.1376156
0.1376156
0.2025195
0.2195993
0.1505472
0.1141922
0.1407882
0.1703126
0.1703126
0.1141922
0.1141922
0.1141922
0.09076868
0.1029674
0.1146807
0.1193159
0.1412753
0.1412753
0.1466433
0.1322476
0.112728
0.112728
0.112728
0.112728
0.1156563
