0.0649039
0.08979154
0.09369545
0.09369545
0.08491204
0.08271657
0.07685993
0.04221173
0.05978011
0.07881266
0.08149669
0.08149669
0.09735663
0.1117524
0.09686806
0.07173613
0.05221658
0.04392018
0.04148043
0.04148043
0.04270031
0.05343645
0.04806838
0.06929639
0.06636807
0.09442831
0.1012605
0.05026384
0.05026384
0.01293161
0.02708466
0.06929639
0.1054087
0.1029674
-0.009516273
-0.009516273
-0.05416775
-0.01415149
0.05123943
0.07783552
0.01659124
0.001464162
0.04440875
0.06441533
0.06441533
0.05953583
0.04635993
0.04904397
0.08759607
0.08344787
0.08100812
0.08100812
