-0.1930033
-0.2025195
-0.2103274
-0.2125244
-0.1937361
-0.1727524
-0.1739723
-0.1739723
-0.1761677
-0.1942247
-0.2020325
-0.2093518
-0.1959316
-0.1793403
-0.1793403
-0.1808045
-0.1581123
-0.1422524
-0.1283436
-0.1376156
-0.1793403
-0.2278957
-0.2198436
-0.2198436
-0.2174039
-0.2296042
-0.2288713
-0.2391205
-0.2383876
-0.2293599
-0.2293599
-0.2315554
-0.2344837
-0.2403403
-0.2486367
-0.2776726
-0.2830406
-0.2681563
-0.2681563
-0.2520521
-0.2278957
-0.206912
-0.2054479
-0.2225277
-0.2291156
-0.2149641
-0.2034967
-0.2034967
-0.2122801
-0.2156954
-0.2171596
-0.1849527
-0.1517687
-0.1454235
-0.1454235
-0.143228
-0.1224886
-0.1237084
-0.1183404
-0.1115081
-0.09906352
-0.07954396
-0.07954396
-0.07100328
-0.06270844
-0.0649039
-0.05978011
-0.06270844
-0.06807651
-0.06539247
-0.06368402
-0.04928825
-0.04928825
-0.0607557
-0.051728
-0.04099186
-0.03049999
-0.02171658
-0.01146745
-0.01195602
-0.01195602
-0.0131759
-0.01781267
-0.01000329
-0.01171174
-0.005123788
-0.01464006
-0.01464006
-0.01878826
-0.01488435
-0.01781267
-0.0124446
-0.01293161
-0.009271986
-0.006099377
-0.006099377
-0.004392485
0.00561236
0.006343663
0.01024758
-0.002684037
-0.01268733
-0.004148198
-0.004148198
-0.0009755891
0.005368074
-0.006832235
-0.01585994
-0.007807824
-0.006343663
-0.004636771
-0.008540683
-0.008540683
-0.008540683
-0.008296397
-0.003903912
-0.006099377
-0.01659124
-0.02122801
-0.03025571
-0.03025571
-0.04050328
-0.03879639
-0.04440875
-0.04953254
-0.04904397
-0.04953254
-0.04953254
-0.06026869
-0.07076055
-0.07637135
-0.0739316
-0.0600244
-0.05734036
-0.05734036
-0.05734036
-0.06124428
-0.08051955
-0.07978825
-0.07759123
-0.07149185
-0.06954067
-0.06661235
-0.0649039
-0.0649039
-0.06880782
-0.0600244
-0.06026869
-0.05758465
-0.06246415
-0.0607557
-0.0607557
