0.1890993
0.1786075
0.1786075
0.1532313
0.1090684
0.1212687
0.1395684
0.1171205
0.0773485
0.0773485
0.05563192
0.05782738
0.01659124
0.002195464
0.02440062
0.05221658
0.05221658
0.05856024
0.03293975
0.0124446
0.00561236
0.002684037
0.02684037
0.04221173
0.02732738
0.02732738
0.02757167
0.05123943
0.08149669
0.0912557
0.08442346
0.05856024
0.04635993
0.04635993
0.05343645
0.06539247
0.06685664
0.07685993
0.08369216
0.08784036
0.08784036
0.08515632
0.0905244
0.07685993
0.08418074
0.09955209
0.103456
0.103456
0.07783552
0.07783552
0.08906023
0.08906023
0.1044316
0.1232199
0.115412
0.1068713
0.1068713
0.1037003
0.1146807
0.1278566
0.1259039
0.1173648
0.10614
0.1195602
0.1417638
0.1417638
0.1429837
0.127368
0.1434723
0.1483518
0.1471319
