-0.05685179
-0.082228
-0.082228
-0.07027198
-0.07149185
-0.06368402
-0.07539576
-0.08149669
-0.08198372
-0.08442346
-0.08149669
-0.08149669
-0.08930452
-0.08491204
-0.08857166
-0.08906023
-0.09076868
-0.08808465
-0.1022361
-0.1022361
-0.09247557
-0.09149998
-0.07515148
-0.05343645
-0.05221658
-0.06295273
-0.07466446
-0.07466446
-0.07881266
-0.07978825
-0.07051627
-0.07149185
-0.06563676
-0.0732003
-0.07564005
-0.07564005
-0.05758465
-0.04538434
-0.05245931
-0.08906023
-0.05148372
-0.0124446
0.007319252
0.007319252
-0.02366776
-0.03879639
-0.03489248
-0.02464335
0.01220031
0.03415962
0.03220844
0.02366776
0.02366776
0.02513192
0.02342347
0.03562378
0.0690521
0.07881266
0.09076868
0.09076868
0.08954725
0.082228
0.07271173
0.07783552
0.07783552
0.08881595
0.07978825
0.07978825
0.07661564
0.0649039
0.0600244
0.07856838
0.08198372
0.07685993
0.07685993
0.0732003
0.0558762
0.09491532
0.07637135
0.04148043
0.05270359
0.04001627
0.05709608
0.05709608
0.05782738
0.03293975
