-0.02195931
-0.01220031
-0.001219875
-0.0090277
-0.01171174
0.007807824
0.01390876
0.01390876
-0.00561236
-0.02073944
-0.01829969
-0.01073615
-0.007076522
-0.007076522
-0.008052111
-0.01049186
-0.02098372
-0.01903255
-0.006587949
-0.0131759
-0.008540683
-0.01561565
-0.01561565
-0.007319252
0.001708448
0.007563538
-0.003903912
-0.006587949
-0.02049671
-0.02171658
-0.02171658
0.006343663
0.01829969
-0.004879501
-0.03635664
-0.03489248
-0.03489248
-0.007807824
0.02098372
0.02098372
-0.002439751
-0.02732738
-0.04514005
-0.01415149
0.02391205
0.02464335
0.02464335
0.00561236
0.0007313028
0.01195602
0.03220844
0.05148372
0.04172472
0.02976869
0.01610422
0.02391205
0.02391205
0.04831266
0.06929639
0.0732003
0.02879155
0.004636771
-0.001708448
-0.001708448
0.02122801
0.04318732
0.04977527
0.0336726
0.02025242
-0.02000813
-0.02000813
0.0395277
0.02293646
0.01878826
0.02976869
0.07978825
