-0.02342347
0.002928323
0.002928323
-0.03977198
-0.06392831
-0.04562863
-0.06392831
-0.03830782
-0.05636477
-0.04855539
-0.04855539
-0.03001142
-0.0214723
-0.01659124
-0.02293646
-0.04026055
-0.04465148
-0.04172472
-0.04172472
-0.03489248
-0.03196416
-0.03196416
-0.01927527
-0.01512863
-0.008052111
-0.008052111
0.01049186
0.01000329
-0.005123788
0.006832235
-0.006587949
-0.01171174
-0.0007313028
-0.01561565
-0.00561236
-0.00561236
-0.005368074
0.003172609
0.01537136
0.03293975
0.04148043
0.05709608
0.1234641
0.1234641
0.08491204
0.07929967
0.08173943
0.06954067
0.05441204
0.05441204
0.07198042
0.07612862
0.07222471
0.05953583
0.0863762
0.09686806
0.08320359
0.0829593
0.07783552
0.07783552
0.08515632
0.08613191
0.07515148
0.07466446
0.08100812
0.1141922
0.1556726
0.1556726
0.1283436
0.0649039
0.06954067
0.06514819
0.100772
0.08369216
0.08369216
0.06807651
0.07515148
0.1112638
0.09589247
0.06831924
0.05636477
0.05636477
0.05294788
0.03781925
0.05294788
0.05294788
0.03318403
-0.008783413
-0.03635664
-0.03293975
-0.007076522
-0.007076522
0.02366776
0.01634851
0.01512863
0.01293161
-0.009516273
-0.02025242
-0.02025242
0.01878826
0.01024758
-0.009271986
0.01366447
0.02098372
0.03318403
0.03196416
0.02098372
0.02098372
0.02391205
0.03245273
0.04465148
0.02562049
0.02806024
0.01561565
0.006832235
0.006832235
