-0.04514005
-0.03611235
-0.03440391
-0.03342832
-0.03464819
-0.03464819
-0.03733223
-0.03513677
-0.03489248
-0.03293975
-0.0222036
-0.0222036
-0.02586322
-0.01927527
-0.02000813
-0.0180554
-0.01903255
-0.0173241
-0.01878826
-0.02318074
-0.02171658
-0.02171658
-0.02440062
-0.01854397
-0.02098372
-0.01854397
-0.02366776
-0.03171987
-0.03171987
-0.03611235
-0.03830782
-0.03635664
-0.02195931
-0.01122472
0.0007313028
0.01146745
0.01146745
0.05050813
0.05880453
0.05880453
0.06954067
0.06758794
0.0468485
0.04562863
0.04562863
0.04635993
0.02879155
0.0180554
0.01049186
0.001219875
-0.01829969
-0.01829969
0.02025242
0.02025242
0.03586807
0.02415633
0.004392485
0.01683552
0.02073944
0.01390876
0.003172609
0.003172609
-0.02025242
-0.04074757
-0.07466446
-0.07637135
-0.05148372
-0.05148372
-0.04465148
-0.03757652
-0.02366776
-0.01634851
-0.01634851
-0.01585994
0.0002442863
-0.0009755891
-0.03708794
-0.03708794
-0.06246415
-0.05904726
-0.05343645
-0.05197229
-0.04709123
-0.04123614
-0.04123614
-0.03245273
-0.03196416
-0.0336726
-0.02757167
-0.02440062
-0.0214723
-0.01342018
-0.003172609
-0.003172609
-0.01195602
-0.01878826
-0.0090277
-0.002195464
-0.002439751
-0.009516273
-0.009516273
-0.02806024
-0.02806024
-0.03025571
-0.001952734
-0.008296397
-0.02757167
-0.01781267
-0.01756838
-0.01756838
-0.02610751
-0.0263518
-0.02440062
-0.0263518
-0.02171658
