-0.9669721
-0.9584315
-0.9228077
-0.9247604
-0.8998728
-0.8898679
-0.8844998
-0.8844998
-0.8535113
-0.8239884
-0.8161806
-0.7932442
-0.7886074
-0.7659168
-0.7659168
-0.773236
-0.773236
-0.7786041
-0.8098354
-0.8142279
-0.8069086
-0.7898273
-0.7898273
-0.7402963
-0.7017442
-0.6434282
-0.6314722
-0.6095113
-0.57828
-0.6026806
-0.6007279
-0.6007279
-0.5907246
-0.5858436
-0.6019478
-0.6114641
-0.5863321
-0.5929201
-0.5734006
-0.5734006
-0.5626644
-0.5851123
-0.5263078
-0.5338713
-0.5472915
-0.5519282
-0.5482686
-0.5482686
-0.5604674
-0.5414364
-0.5087394
-0.4848273
-0.4409087
-0.4021123
-0.4096758
-0.4089445
-0.4089445
-0.4035765
-0.3918647
-0.3874722
-0.3633159
-0.3415993
-0.3337915
-0.3337915
-0.3167117
-0.3342801
-0.3357442
-0.3386725
-0.3435521
-0.3608761
-0.3545325
-0.3545325
-0.4423713
-0.4277328
-0.4079674
-0.4157768
-0.4455439
-0.4572556
