-0.9699005
-0.9699005
-0.9364721
-0.9071921
-0.9001155
-0.9001155
-0.8962116
-0.9015797
-0.9008484
-0.9008484
-0.9179282
-0.9179282
-0.9206122
-0.9152442
-0.9089005
-0.9089005
-0.892552
-0.892552
-0.8464363
-0.8640047
-0.9206122
-0.9206122
-0.9701447
-0.9701447
-0.9701447
-0.9276887
-0.9325683
-0.9389119
-0.9437914
-0.9437914
-0.9547718
-0.9318354
-0.8854755
-0.8876725
-0.8483875
-0.8483875
-0.82228
-0.82228
-0.8230113
-0.8230113
-0.797148
-0.797148
-0.7925113
-0.77714
-0.7646953
-0.7681122
-0.7581074
-0.7380993
-0.7380993
-0.7022327
-0.7022327
-0.6846644
-0.691008
-0.691008
-0.7210194
-0.7246806
-0.7185797
