-0.9064607
-0.9372035
-0.895236
-0.895236
-0.8296008
-0.7559119
-0.6563599
-0.6563599
-0.6139038
-0.6136595
-0.6639234
-0.6639234
-0.6595324
-0.6285439
-0.6285439
-0.6285439
-0.7634755
-0.7634755
-0.6978403
-0.7063794
-0.7151644
-0.7151644
-0.6866155
-0.6751481
-0.6751481
-0.7966595
-0.8676643
-0.8893794
-0.8630276
-0.8337474
-0.8337474
-0.7502996
-0.7075993
-0.7075993
-0.566324
-0.5060553
-0.5060553
-0.4157768
-0.4157768
-0.465552
-0.465552
-0.5287475
-0.5275276
-0.5226481
-0.5226481
-0.5226481
