-0.9486725
-0.9745357
-0.9935682
-0.9935682
-0.9816122
-0.9411073
-0.9245161
-0.9071921
-0.8893794
-0.8791318
-0.862052
-0.862052
-0.8488761
-0.8542442
-0.8520487
-0.8391155
-0.8388728
-0.8252083
-0.8366758
-0.8535113
-0.8535113
-0.9157327
-0.9625797
-0.9833207
-0.9923484
-0.9952767
-1.011624
-1.035049
-1.035049
-1.072379
-1.087996
-1.040659
-1.009184
-1.006256
-1.017967
-1.017967
-0.9777083
-0.8947474
-0.8601008
-0.8954803
-0.8954803
-0.9247604
-0.9032881
-0.8940161
-0.8940161
-0.9272001
-0.9777083
-0.9713646
-0.9328125
-0.9081676
-0.9335438
-0.9406204
-0.9406204
-0.9201236
-0.8823044
-0.8601008
-0.8608321
-0.8722996
-0.8722996
-0.8598565
-0.8486318
-0.8486318
-0.8537556
-0.8742523
-0.8935276
-0.895236
-0.8515601
-0.8515601
-0.7729917
-0.8542442
-0.996008
-0.9208565
-0.7739673
