-0.7193125
-0.7190683
-0.7190683
-0.7222393
-0.7178484
-0.7205324
-0.7183354
-0.7200438
-0.718824
-0.718824
-0.7054038
-0.68564
-0.6775879
-0.6656318
-0.6490406
-0.6287882
-0.6229315
-0.6229315
-0.5977996
-0.5736433
-0.5626644
-0.5533924
-0.5511954
-0.5460716
-0.5433875
-0.5736433
-0.5736433
-0.6068273
-0.6453794
-0.6431839
-0.6624607
-0.7564005
-0.9457442
-0.9457442
-0.9828321
-1.023335
-1.107516
-1.149484
-1.194624
-1.248549
-1.30662
-1.257576
-1.257576
-1.202431
-1.170956
-1.1834
-1.195356
-1.228052
-1.228052
-1.167541
-1.167541
-1.127524
