-0.9811236
-0.9650194
-0.9650194
-0.9762442
-0.965508
-0.965508
-0.9464754
-0.9420845
-0.9359836
-0.9391562
-0.9525763
-0.9547718
-0.9476953
-0.9479396
-0.9486725
-0.9486725
-0.9620926
-0.9657522
-0.9596514
-0.9559917
-0.9569673
-0.9503794
-0.9452556
-0.9452556
-0.9320797
-0.9306155
-0.9215878
-0.9084119
-0.9108517
-0.9069477
-0.9018239
-0.9018239
-0.9006041
-0.8937718
-0.8844998
-0.8854755
-0.8891366
-0.8891366
-0.8913321
-0.8901122
-0.8881595
-0.8991399
-0.9213435
-0.9357393
-0.9379363
-0.9379363
-0.9411073
-0.9247604
-0.9171953
-0.9347637
-0.9428158
-0.9481839
-0.9481839
-0.9418402
-0.9003598
-0.9003598
-0.8686399
-0.8422881
-0.8625405
-0.8705927
-0.8720552
-0.8732767
-0.8732767
-0.8774233
-0.8781562
-0.8659559
-0.8603435
-0.8532686
-0.8503402
-0.8330162
-0.8266725
-0.8327718
-0.8327718
-0.8335047
-0.8303321
-0.8191074
-0.8144721
-0.8242327
-0.8237442
-0.8237442
-0.8159363
-0.7969038
-0.7912914
-0.8169119
-0.8044673
-0.7871448
-0.8078842
-0.8078842
-0.8205715
-0.8195959
-0.8322833
-0.8349673
-0.8274038
