-0.8962116
-0.8901122
-0.8976758
-0.8881595
-0.8842556
-0.8842556
-0.8701041
-0.8583924
-0.8413125
-0.8230113
-0.7959282
-0.7676237
-0.7517637
-0.7442002
-0.7442002
-0.7263875
-0.6983273
-0.7173598
-0.7117475
-0.6741725
-0.6634364
-0.6448924
-0.6448924
-0.6197605
-0.582184
-0.5438761
-0.557052
-0.5514396
-0.5294803
-0.5760846
-0.5760846
-0.56364
-0.5309445
-0.5202084
-0.5097165
-0.4492035
-0.4470081
-0.4521318
-0.4521318
-0.4474966
-0.4038208
-0.3930846
-0.3974755
-0.3730765
-0.3459918
-0.3459918
-0.3415993
-0.31964
-0.3040244
-0.2930439
-0.2788924
-0.2554674
-0.2471726
-0.2498566
-0.2498566
-0.2422915
-0.2383876
-0.2391205
-0.2430244
-0.2530276
-0.2681563
-0.2701075
-0.2701075
-0.3081726
-0.3167117
-0.3215927
-0.3540439
-0.3386725
-0.3601433
-0.3601433
-0.383324
