0.2022752
0.2288713
0.2288713
0.216184
0.2208208
0.2208208
0.2315554
0.2249674
0.2296042
0.2235032
0.2244804
0.2337524
0.2352165
0.2242361
0.2191123
0.2191123
0.2225277
0.2317996
0.2237475
0.2210635
0.2330195
0.2191123
0.2093518
0.2093518
0.2222834
0.2210635
0.206912
0.1961759
0.1834885
0.1690928
0.1542084
0.1542084
0.1424967
0.1444479
0.1317605
0.1173648
0.09857651
0.09857651
0.05221658
-0.03220844
-0.1041873
-0.1627475
-0.1825114
-0.1944674
-0.2032524
-0.2032524
-0.2686433
-0.3564837
-0.3708794
-0.3464804
-0.3162247
-0.3089039
-0.3089039
-0.4118713
-0.4726286
-0.4726286
-0.4965406
-0.5631514
-0.6256155
-0.65514
-0.667096
-0.6678273
-0.6678273
-0.6458679
-0.6302523
-0.6292768
-0.6475764
-0.6500162
-0.6639234
-0.6936921
-0.712236
-0.7100406
-0.7100406
-0.6866155
-0.6841758
-0.6834445
-0.6751481
-0.6561155
-0.6370845
-0.6370845
-0.633912
-0.5582719
-0.5712035
-0.6344005
-0.6317165
-0.6307393
-0.6675845
-0.6675845
-0.6566041
-0.6168321
-0.6075602
-0.6114641
-0.6031677
