0.6832002
0.6958875
0.7219966
0.7219966
0.7102833
0.6812475
0.6448924
0.6346433
0.6361074
0.6563599
0.6563599
0.6641676
0.65514
0.6412327
0.6168321
0.5765716
0.5585162
0.5287475
0.5287475
0.5099608
0.4809234
0.4191921
0.3750276
0.3455032
0.2708403
0.1888566
0.1942247
0.1942247
0.1905635
0.1488404
0.01878826
-0.1046759
-0.1422524
-0.1810472
-0.2727915
-0.2727915
-0.3957686
-0.4882442
-0.5138647
-0.5602247
-0.6583126
-0.7195553
-0.7217523
-0.7217523
-0.7964168
-0.8893794
-0.831552
-0.8044673
-0.7693321
-0.7476155
-0.7476155
-0.7417604
-0.7151644
