0.1090684
0.02684037
-0.04831266
-0.1012605
-0.1568925
-0.1568925
-0.1964201
-0.2183795
-0.2183795
-0.2230162
-0.2454641
-0.2847475
-0.3257394
-0.3586807
-0.3889364
-0.4257801
-0.4257801
-0.4499364
-0.4809234
-0.5060553
-0.5365553
-0.612684
-0.612684
-0.62464
-0.6153679
-0.6231758
-0.6204917
-0.6285439
-0.6712442
-0.7185797
-0.7417604
-0.7417604
-0.7566448
-0.7856806
-0.8139836
-0.8361887
-0.8393598
-0.83692
-0.8293565
-0.8417996
-0.8417996
-0.8515601
-0.8664445
-0.8596122
-0.8605878
-0.8515601
-0.8552197
-0.8552197
-0.864736
-0.8701041
-0.8591236
-0.8410683
-0.8147165
-0.8081285
-0.8105683
-0.8122767
-0.8281366
-0.8281366
-0.8576595
-0.9332995
-0.9718516
-0.9794167
-0.9650194
-0.9259803
-0.8220357
-0.8220357
-0.6978403
-0.5731562
-0.4448126
-0.3237882
-0.3237882
-0.2593713
-0.2059364
-0.185684
-0.1678713
-0.1373713
-0.1251726
-0.1361515
-0.1361515
-0.06661235
0.0002442863
0.05929154
0.1139479
0.1410325
0.1285879
0.1134593
0.1134593
0.1293192
0.185684
0.2300928
0.2357036
0.2349723
0.2322882
0.2557117
0.2459527
0.2459527
0.3711237
0.3054885
0.1466433
0.05368074
0.02854726
0.09735663
0.1446922
