0.2888957
0.1864153
0.1461563
0.08954725
0.02854726
-0.02586322
-0.05441204
-0.08100812
-0.0946726
-0.1044316
-0.1261482
-0.1354202
-0.1495717
-0.1707997
-0.2056921
-0.2074006
-0.2274087
-0.2410716
-0.2566873
-0.2784039
-0.3228126
-0.3679527
-0.3923517
-0.4421286
-0.5114234
-0.54778
-0.5985324
-0.636596
-0.6990601
-0.7288273
-0.7849478
-0.8259396
-0.8964559
-0.9481839
-0.9889315
-0.9540405
-0.919148
-0.8945047
-0.8903565
-0.8993842
-0.9062164
-0.9293956
-0.9228077
-0.9301285
-0.940376
-0.9406204
-0.9384233
-0.935008
-0.9325683
-0.9198794
-0.8986514
-0.8837686
-0.885964
-0.8771806
-0.8698598
-0.862052
-0.8657116
-0.8701041
-0.8464363
-0.8278924
-0.8266725
-0.8152035
-0.7976366
-0.7778713
-0.7537165
-0.6927165
-0.6580683
-0.6336676
-0.6029234
-0.5736433
-0.5372882
-0.505324
-0.4596954
-0.4147996
-0.3435521
-0.2991433
-0.2927997
-0.291824
-0.2693762
-0.2283843
-0.2208208
-0.2200879
-0.2303355
-0.2303355
-0.2139885
-0.1427394
-0.1090684
-0.07832409
-0.02537621
0.04562863
0.07295601
0.0905244
0.1151677
0.1517687
0.2003241
0.2232605
0.2874316
0.3694153
0.41114
0.3884478
0.3247638
0.2486367
0.2205765
0.2391205
0.2532719
0.2727915
0.2881644
0.298412
0.3159804
0.3323273
0.3450162
0.3420879
0.328912
0.2874316
0.2764527
0.2622997
0.2705961
0.2547361
0.2320439
0.2215521
0.2156954
0.2100846
0.2037394
0.1895879
0.1778762
0.1693355
0.1585993
0.1615277
0.1707997
0.1693355
0.1598208
0.1444479
0.1488404
0.1642117
0.2544918
0.2247247
0.1722638
0.1778762
0.1612834
0.1376156
0.1542084
0.2159397
0.2581514
