0.2525406
0.2317996
0.2286286
0.2342394
0.2342394
0.2330195
0.2330195
0.2549804
0.2564445
0.2457084
0.2396075
0.2408274
0.2408274
0.249368
0.244
0.244
0.2554674
0.2576644
0.2618126
0.2522964
0.2525406
0.2486367
0.2486367
0.2530276
0.2549804
0.2508322
0.2510765
0.2430244
0.2430244
0.2715716
0.2823078
0.2835276
0.2871873
0.2942638
0.2876759
0.2871873
0.279868
0.2674234
0.2674234
0.267912
0.2664478
0.2693762
0.2745
0.2747442
0.2747442
0.2608355
0.2576644
0.2598599
0.249368
0.2291156
0.2159397
0.2113045
0.2113045
0.1864153
0.1749479
0.1400554
0.1083355
0.07198042
0.02269217
-0.01220031
-0.01659124
-0.01659124
0.01903255
-0.02781596
-0.1063843
-0.1532313
-0.1969087
-0.1969087
-0.2998762
-0.2998762
-0.3071954
-0.3071954
-0.3118322
-0.3386725
-0.3772247
-0.3986954
-0.4379804
-0.4379804
-0.5307002
-0.5307002
-0.5302116
-0.499956
-0.4975162
-0.5453403
-0.5753517
-0.5753517
-0.6097556
-0.6378158
-0.6892996
-0.7124803
-0.6892996
-0.63928
-0.63928
-0.5851123
-0.54778
-0.5228924
-0.5228924
-0.5333843
-0.5353354
-0.5170358
-0.5002002
-0.5002002
-0.4797035
-0.4726286
-0.4682361
-0.4726286
-0.4550602
-0.4128484
-0.4133355
-0.4133355
-0.3916204
-0.3940602
-0.4277328
-0.4318794
-0.4240716
-0.4226075
-0.3801514
