0.1686042
0.1632361
0.1598208
0.1629918
0.1695798
0.1695798
0.1698241
0.1820244
0.1956873
0.2003241
0.1900765
0.1900765
0.1893436
0.1827557
0.1747036
0.1908078
0.19764
0.1927605
0.1871482
0.1693355
0.1795846
0.1795846
0.188368
0.1873925
0.1991042
0.2076433
0.2054479
0.2098403
0.2098403
0.2269201
0.2200879
0.2066677
0.1756807
0.1498159
0.1593322
0.1415195
0.1415195
0.008540683
-0.06441533
-0.06441533
-0.1300521
-0.155184
-0.1749479
-0.2176482
-0.2176482
-0.2825521
-0.3808843
-0.4413957
-0.484096
-0.5160602
-0.5170358
-0.5170358
-0.4528647
-0.4528647
-0.5873078
-0.7156514
-0.6902767
-0.6544086
-0.7925113
-0.968192
-1.055057
-1.055057
-1.069208
-0.9699005
-0.8923077
-0.8491204
-0.8713239
-0.8713239
-0.977464
-0.9640438
-0.9491594
-0.95892
-0.95892
-0.9498923
-0.9313484
-0.9764884
-1.034072
-1.034072
-1.043344
-1.024799
-1.010404
-0.9950324
-0.9935682
-1.000156
-1.000156
-0.9935682
-0.9677035
-0.9494038
-0.9435487
-0.9174396
-0.9086562
-0.9064607
-0.8654673
-0.8654673
-0.843508
-0.8378956
-0.8393598
-0.8396041
-0.8310634
-0.8171562
-0.8171562
-0.8320405
-0.8320405
-0.8308207
-0.7722604
-0.7676237
-0.7707963
-0.7656725
-0.7815324
-0.7815324
-0.7976366
-0.8183761
-0.8439966
-0.8408239
-0.8174005
