0.1507915
0.133956
0.09393974
0.09393974
0.07588433
0.05734036
0.06539247
0.09686806
0.1210244
0.1232199
0.1232199
0.1161433
0.1112638
0.140544
0.1969087
0.2391205
0.2832834
0.3784445
0.4035765
0.4035765
0.3511156
0.3030488
0.2666921
0.1834885
0.1276123
0.1019918
0.1019918
0.04733552
-0.01171174
-0.08588763
-0.2061807
-0.2715716
-0.338184
-0.3964999
-0.3964999
-0.3962556
-0.4260243
-0.5087394
-0.6253713
-0.694912
-0.6971074
-0.7197996
-0.7434673
-0.7434673
-0.8137393
-0.8730324
-0.9584315
-1.044076
-1.113128
-1.069695
-1.052616
-1.052616
-1.021873
-1.071404
-1.098975
-1.080676
-1.041148
-1.012357
-0.9833207
-0.9833207
-0.9772197
-0.9857604
-1.00772
-1.00894
-0.9999119
-0.9669721
-0.9669721
-0.9374477
-0.9130487
-0.9047523
-0.8984086
-0.9067035
-0.8864526
-0.8605878
-0.8542442
-0.8542442
-0.8671758
-0.8705927
-0.8742523
-0.8959673
-0.7646953
-0.8940161
-0.9833207
-0.9833207
-0.98942
-1.022115
-1.108492
-1.098733
-1.1102
