-0.1412753
-0.2696204
-0.2696204
-0.3415993
-0.4089445
-0.4089445
-0.4472524
-0.4677475
-0.4843403
-0.4843403
-0.496052
-0.5343599
-0.5675439
-0.6090243
-0.6536758
-0.6536758
-0.6812475
-0.7105276
-0.7432246
-0.7751887
-0.7895845
-0.8332604
-0.8386285
-0.8386285
-0.8261839
-0.8086155
-0.810324
-0.8210601
-0.8400927
-0.8400927
-0.8452165
-0.8552197
-0.8500959
-0.8313077
-0.831552
-0.8388728
-0.8474119
-0.8491204
-0.8491204
-0.8537556
-0.8591236
-0.8642474
-0.8742523
-0.8676643
-0.8530242
-0.8530242
-0.8483875
-0.8483875
-0.8374086
-0.8234999
-0.8091041
-0.8044673
-0.7827523
-0.7642083
-0.7429803
-0.7429803
-0.7412719
-0.7327327
-0.7105276
-0.6829559
-0.6590438
-0.6431839
-0.6361074
-0.6361074
-0.6043875
-0.5555879
-0.5138647
-0.4860487
-0.4452996
-0.4452996
-0.3823484
-0.3823484
-0.3508713
-0.3406237
-0.1898322
-0.1939804
-0.2005683
-0.1864153
-0.1812915
-0.1812915
-0.1678713
-0.1429837
-0.1249283
-0.0905244
-0.03684366
0.002684037
0.002684037
0.01781267
-0.002195464
-0.001464162
0.02391205
0.05953583
0.08271657
0.1022361
0.1180961
0.1180961
0.1268795
0.1439593
0.1446922
0.1478648
0.1481075
0.1485961
0.1485961
0.1278566
0.1278566
0.1324918
0.1183404
0.07612862
0.06685664
0.09174427
0.09174427
0.1444479
