0.1056515
0.0739316
0.01268733
-0.0263518
-0.03098857
0.001952734
-0.00561236
-0.00561236
0.009516273
0.03245273
0.02610751
0.0222036
0.04879968
0.04879968
0.04026055
0.04367589
0.06636807
0.05490061
0.04855539
0.05123943
0.03781925
0.02195931
0.01415149
0.01415149
0.02659608
0.03196416
0.05685179
0.07856838
0.1183404
0.1183404
0.1371286
0.1415195
0.133956
0.1429837
0.1488404
0.1625033
0.1581123
0.1437166
0.1437166
0.1280994
0.1241954
0.1110195
0.1024804
0.08808465
0.07881266
0.05709608
0.05709608
0.09003583
0.09003583
0.1202915
0.1344446
0.1476205
0.1476205
0.10614
0.10614
0.08759607
0.07173613
0.06441533
0.06441533
0.05245931
0.01976385
0.01976385
0
-0.03391533
-0.06661235
-0.06685664
-0.07466446
-0.1217557
-0.1656759
-0.2164283
-0.2581514
-0.2581514
-0.3323273
-0.4309039
-0.57828
-0.6785634
-0.6463565
-0.6195162
-0.7129673
-0.7129673
-0.803736
-0.7932442
-0.752008
-0.7385879
-0.7578647
-0.7895845
-0.8003207
-0.8003207
-0.8083728
-0.8464363
-0.8757164
-0.9096318
-0.9237848
-0.9247604
-0.9279315
-0.9279315
-0.9332995
-0.9281757
-0.9301285
-0.9054836
-0.8793761
-0.8793761
-0.85278
-0.8364315
-0.83814
-0.83814
-0.8227686
-0.7607914
-0.7302914
-0.77714
-0.7827523
-0.7827523
-0.7839721
-0.8015406
-0.8122767
-0.7639641
-0.7639641
-0.7461514
-0.6963761
