0.7107719
0.7183354
0.7481041
0.7544478
0.7544478
0.7256562
0.6807604
0.6702686
0.6727083
0.6473321
0.6256155
0.6256155
0.6041448
0.5580276
0.5116677
0.5175243
0.5672996
0.5909674
0.5826725
0.5594918
0.5594918
0.5509527
0.5614445
0.5531481
0.511912
0.4899527
0.4809234
0.474824
0.474824
0.4845846
0.484096
0.4750683
0.4714087
0.4745797
0.4753126
0.4553045
0.4553045
0.4306596
0.4421286
0.4599397
0.4728713
0.4931237
0.5128875
0.5197198
0.5197198
0.5199641
0.5228924
0.5270406
0.5255764
0.5260634
0.5387523
0.5377768
0.5377768
0.5465602
