0.06051142
0.0607557
0.07661564
0.0905244
0.0905244
0.08198372
0.06661235
0.0697834
0.08515632
0.1085798
0.1334674
0.1412753
0.1412753
0.131272
0.1198045
0.1056515
0.0863762
0.06221987
0.03684366
0.03684366
0.008783413
-0.0173241
-0.03928341
-0.082228
-0.1212687
-0.1539641
-0.1898322
-0.2339967
-0.2810879
-0.2810879
-0.3203713
-0.3525797
-0.3957686
-0.4348077
-0.4631123
-0.5138647
-0.5138647
-0.5270406
-0.557052
-0.5841367
-0.6026806
-0.6248842
-0.6448924
-0.6492833
-0.6492833
-0.6517246
-0.6624607
-0.6680716
-0.6751481
-0.6717327
-0.6641676
-0.6478207
-0.6500162
-0.6500162
-0.6522116
-0.6436725
-0.6248842
-0.6117083
-0.5977996
-0.5914559
-0.5775487
-0.5775487
-0.5738875
-0.566324
-0.5690081
-0.5709608
-0.5775487
-0.5831595
-0.5804755
-0.5804755
-0.5787686
-0.5831595
-0.6009722
-0.5863321
-0.5924315
-0.5924315
-0.5687637
