-0.07368731
-0.07198042
-0.1107753
-0.08832738
-0.08832738
-0.09564818
-0.09223129
-0.08149669
-0.08393645
-0.1005277
-0.1005277
-0.09149998
-0.09540389
-0.09540389
-0.09564818
-0.09564818
-0.09979638
-0.1002834
-0.1046759
-0.1046759
-0.1129723
-0.1046759
-0.09540389
-0.09564818
-0.09979638
-0.09540389
-0.09540389
-0.08881595
-0.08808465
-0.09784365
-0.09784365
-0.1012605
-0.1068713
-0.1015033
-0.08857166
-0.08759607
-0.09808794
-0.09808794
-0.1056515
-0.1041873
-0.1002834
-0.08832738
-0.07759123
-0.07759123
-0.07368731
-0.07710421
-0.07881266
-0.07344458
-0.05197229
-0.04611564
-0.04928825
-0.0649039
-0.0649039
-0.09833222
-0.09833222
-0.1032117
-0.1058958
-0.1224886
-0.1224886
-0.1224886
-0.1603078
-0.2178925
-0.2876759
-0.3132963
-0.3179316
-0.3296433
-0.3813713
-0.4423713
-0.4423713
-0.4858045
-0.5075195
-0.511912
-0.5280162
-0.5536367
-0.5780358
-0.5951155
-0.6265927
-0.6265927
-0.6580683
-0.6573354
-0.6412327
-0.6307393
-0.6451367
-0.6592882
-0.6731954
-0.6568484
-0.6568484
-0.6419641
-0.6475764
-0.6702686
-0.6846644
-0.6675845
-0.6675845
-0.6561155
-0.6480634
-0.6534315
-0.6563599
-0.6622165
-0.6587996
-0.6522116
-0.6527002
-0.6527002
-0.6573354
-0.6483077
-0.6429396
-0.6395243
-0.6358647
-0.6190276
-0.6092686
-0.6092686
-0.6134152
-0.6192719
-0.6085358
-0.6046318
-0.59414
-0.6068273
-0.6136595
-0.6265927
-0.5953599
-0.5953599
-0.6056074
-0.6017035
-0.6148794
-0.6146367
-0.6146367
-0.6080487
