-0.02293646
0.008540683
0.008540683
0.03464819
0.04977527
0.05319216
0.04587136
0.04001627
0.04001627
0.03318403
0.009516273
-0.01756838
-0.04806838
-0.0697834
-0.0697834
-0.1051645
-0.1417638
-0.1720195
-0.1859283
-0.2169153
-0.237412
-0.2605928
-0.2879201
-0.2879201
-0.3084153
-0.3037801
-0.3120765
-0.3340358
-0.3440406
-0.3540439
-0.3647801
-0.3647801
-0.3808843
-0.3964999
-0.4043078
-0.4250487
-0.4531074
-0.4772638
-0.5016644
-0.5016644
-0.5250879
-0.5648599
-0.6043875
-0.65514
-0.6851514
-0.7027197
-0.6995487
-0.6995487
-0.6954005
-0.7185797
-0.7332197
-0.7500553
-0.7642083
-0.7790927
-0.7790927
-0.7812881
-0.7829966
-0.7925113
-0.8056887
-0.8083728
-0.80642
-0.813008
-0.8254526
-0.8254526
-0.8205715
-0.8005634
-0.779824
-0.7873875
-0.7800683
-0.7961725
-0.740052
-0.740052
-0.7537165
-0.7471285
-0.7385879
-0.7524966
-0.7576204
