0.4467638
0.4467638
0.4155325
0.3982084
0.374052
0.3618518
0.371368
0.3603876
0.3318403
0.3218355
0.4330993
0.4804364
0.4804364
0.5285048
0.5148403
0.5148403
0.499956
0.499956
0.499956
0.4406644
0.4406644
0.3672198
0.2740114
0.2740114
0.2740114
0.03196416
-0.0222036
-0.244
-0.3867394
-0.5602247
-0.5602247
-0.6795406
-0.7237035
-0.7237035
-0.7627442
-0.7627442
-0.8357002
-0.937692
-0.937692
-0.8437523
-0.9030438
-1.035291
-1.113128
-1.113128
-1.070917
-1.143873
-1.204873
-1.204873
-1.110444
-0.9938125
-0.9167083
-0.9272001
-0.9272001
-0.9272001
