-0.1349316
-0.145912
-0.1639674
-0.1639674
-0.1668957
-0.1481075
-0.1359087
-0.1402997
-0.1446922
-0.1383485
-0.1324918
-0.1324918
-0.1217557
-0.1217557
-0.124684
-0.1342003
-0.1329804
-0.1202915
-0.1376156
-0.2083762
-0.2083762
-0.2703518
-0.2881644
-0.2898713
-0.2906042
-0.3816156
-0.4684803
-0.5002002
-0.499956
-0.499956
-0.4779966
-0.4706758
-0.5231367
-0.5385081
-0.5302116
-0.5167915
-0.5167915
-0.5355797
-0.5509527
-0.6070716
-0.6370845
-0.6214674
-0.6153679
-0.6153679
-0.6629478
-0.6629478
-0.636596
-0.6185406
-0.6341562
-0.6529445
-0.6627035
-0.6295195
-0.6017035
-0.6117083
-0.6117083
-0.6385487
-0.6400113
-0.6358647
-0.6173207
-0.6063403
-0.6248842
-0.6248842
-0.6397686
-0.6182963
-0.5943843
-0.5970683
-0.6212246
-0.6229315
-0.6192719
-0.6192719
-0.6112198
-0.6073158
-0.5931644
-0.5975553
