-0.5582719
-0.6004837
-0.6278126
-0.6278126
-0.6483077
-0.6802719
-0.7144315
-0.7500553
-0.7871448
-0.8205715
-0.8493646
-0.8493646
-0.8766921
-0.9018239
-0.9303728
-0.9672164
-0.9991806
-1.042856
-1.042856
-1.087019
-1.113128
-1.126549
-1.127524
-1.132404
-1.133624
-1.14192
-1.153145
-1.153145
-1.1712
-1.193892
-1.203651
-1.18706
-1.17364
-1.165832
-1.153876
-1.153876
-1.131917
-1.131917
-1.126791
-1.116544
-1.088484
-1.054324
-1.049444
-1.049444
-1.053348
-1.081896
-1.073357
-1.020651
-1.007964
-1.035536
-1.005524
-0.9128044
-0.813008
-0.7219966
-0.7219966
-0.6531872
-0.6095113
-0.5714478
-0.5360683
-0.5248436
-0.5248436
-0.5011758
-0.4784836
-0.4616481
-0.4382246
-0.4147996
-0.3294006
-0.3294006
-0.2537605
-0.1932475
-0.1683599
-0.1527443
-0.1739723
-0.1888566
-0.2130114
-0.1969087
-0.1969087
-0.1490846
-0.09784365
-0.04465148
0.004392485
0.03708794
0.03708794
0.1012605
0.1012605
0.1022361
0.1149235
0.1354202
0.1271238
0.1085798
0.1085798
0.1090684
0.1276123
0.1585993
0.1812915
