0.03904068
0.04635993
0.04660422
0.051728
0.051728
0.06392831
0.06392831
0.07368731
0.07368731
0.05978011
0.04928825
0.02854726
0.0124446
-0.01610422
-0.01610422
-0.08418074
-0.103456
-0.103456
-0.1605521
-0.1952003
-0.1952003
-0.2135
-0.2359478
-0.2408274
-0.2940195
-0.2940195
-0.3247638
-0.3689283
-0.3689283
-0.4577442
-0.4577442
-0.5189885
-0.5438761
-0.5392393
-0.5433875
-0.5419234
-0.5419234
-0.5572963
-0.5572963
-0.5794999
-0.5892605
-0.5892605
-0.5992637
-0.5990195
-0.5899917
-0.5899917
-0.5953599
-0.6009722
