0.04367589
0.07100328
0.07100328
0.09711234
0.1446922
0.1790961
0.2130114
0.2012997
0.1939804
0.1939804
0.1822687
0.1503045
0.1117524
0.07539576
0.05343645
0.01342018
0.01342018
-0.04953254
-0.1041873
-0.1088241
-0.1429837
-0.2264316
-0.2971921
-0.3725879
-0.4426156
-0.4426156
-0.4950764
-0.5873078
-0.6663647
-0.7512767
-0.8320405
-0.8888924
-0.9252474
-0.9252474
-1.012843
-1.012843
-1.035049
-1.029192
-1.053835
-1.122887
-1.197063
-1.197063
-1.142896
-1.09556
-1.093852
-1.089703
-1.027728
-1.024799
-1.083115
-1.083115
-1.124596
-1.1102
