-0.1395684
-0.1215114
-0.1215114
-0.1180961
-0.1215114
-0.1388355
-0.1349316
-0.140544
-0.140544
-0.1310277
-0.1185846
-0.1159006
-0.1259039
-0.1371286
-0.1451807
-0.1451807
-0.1398126
-0.1332247
-0.133956
-0.133956
-0.1356644
-0.1241954
-0.1076042
-0.09369545
-0.09369545
-0.0871075
-0.07368731
-0.06758794
-0.07442018
-0.09028011
-0.1041873
-0.1041873
-0.1690928
-0.1690928
-0.2142313
-0.2408274
-0.2632768
-0.2930439
-0.3467247
-0.3762475
-0.4006481
-0.4006481
-0.3842996
-0.4067475
-0.4194364
-0.4345635
-0.4450553
-0.4657963
-0.4657963
-0.4845846
-0.4926367
-0.4775081
-0.4762882
-0.5102035
-0.5550993
-0.5790113
-0.5790113
-0.5951155
-0.5807198
-0.5682768
-0.5719364
-0.5956041
-0.6156123
-0.6192719
-0.6192719
-0.6185406
-0.6160993
-0.6146367
-0.6153679
-0.6107327
-0.6102442
-0.6124396
-0.6124396
-0.6165879
-0.6109755
-0.5965797
-0.5921888
-0.6019478
-0.5953599
-0.5892605
-0.5892605
-0.5858436
-0.5760846
-0.5760846
-0.5665683
-0.5794999
-0.5758403
-0.5958484
-0.5958484
-0.6048761
-0.5860879
-0.5687637
-0.5621758
