-0.004636771
0.0214723
0.0214723
0.03830782
0.02586322
0.03342832
0.03659937
0.04806838
0.04050328
0.04050328
0.02684037
0.02928012
0.02928012
0.01439577
0.009760559
0.01537136
0.01537136
0.01000329
0.008052111
0.007076522
0.002928323
-0.006343663
-0.01707981
-0.02513192
-0.04440875
-0.04440875
-0.07539576
-0.09028011
-0.1044316
-0.1451807
-0.2030081
-0.3025602
-0.3884478
-0.3884478
-0.4853159
-0.5292361
-0.5892605
-0.7434673
-0.6993044
-0.7888517
-0.9298842
-0.9298842
-0.9777083
-0.9745357
-0.9755128
-1.024068
-1.070672
-1.057252
-1.074332
-1.074332
-1.121668
-1.135576
-1.146068
-1.1407
-1.119228
-1.108247
-1.097756
-1.097756
-1.099464
-1.108492
-1.088484
-1.049931
-1.053348
-1.0309
-0.9996676
-0.9996676
-0.9755128
-0.977464
-0.9755128
-0.9684363
-0.9572116
-0.9535519
-0.9606284
-0.9781953
-0.9781953
-1.005769
-1.023824
-1.015772
-1.018944
-1.076527
-1.067744
-1.039684
-1.039684
-0.9896643
-0.95892
-0.9581887
-0.9354966
-0.8996285
-0.8996285
-0.8757164
-0.8400927
-0.80642
-0.8022718
-0.7686008
-0.749324
-0.7212637
-0.6988158
-0.6417198
-0.6417198
-0.6043875
-0.5736433
-0.5304559
-0.5067882
-0.4706758
-0.4257801
-0.3891807
-0.3891807
-0.3389153
-0.3108566
-0.2749885
-0.2498566
-0.2215521
-0.2115488
-0.1895879
-0.1895879
-0.1790961
-0.1329804
-0.1149235
-0.09442831
-0.07100328
-0.0558762
-0.0558762
-0.02342347
-0.001952734
0.02391205
0.03586807
