-0.0829593
-0.07856838
-0.08247229
-0.08247229
-0.07783552
-0.07417589
-0.0690521
-0.07466446
-0.08027527
-0.08027527
-0.05978011
-0.05978011
-0.05514335
-0.06465962
-0.06441533
-0.06465962
-0.0649039
-0.05685179
-0.0600244
-0.0600244
-0.07124756
-0.06783222
-0.06514819
-0.05831595
-0.05782738
-0.07564005
-0.08100812
-0.09686806
-0.09686806
-0.1078485
-0.1398126
-0.1446922
-0.2015439
-0.2805993
-0.3245195
-0.3330602
-0.3330602
-0.3545325
-0.3742963
-0.3842996
-0.44164
-0.4616481
-0.4862915
-0.4970276
-0.4970276
-0.5148403
-0.5485113
-0.5965797
-0.5870634
-0.5760846
-0.5714478
-0.6085358
-0.6107327
-0.6107327
-0.6104885
-0.6139038
-0.59414
-0.5973126
-0.6158565
-0.6390358
-0.6453794
-0.6453794
-0.6475764
-0.6409885
-0.6322035
-0.6290324
-0.6290324
-0.6429396
-0.6429396
-0.6509917
-0.6302523
-0.6302523
-0.6146367
-0.6231758
-0.6409885
-0.6522116
-0.6231758
-0.6231758
-0.5843794
-0.5773044
-0.6012165
-0.6278126
-0.6234201
-0.5982882
-0.5668126
-0.5668126
-0.5675439
-0.5765716
-0.5924315
-0.5943843
-0.5958484
-0.5958484
-0.6029234
-0.6114641
-0.6114641
-0.6043875
