-0.05514335
-0.05416775
-0.03562378
-0.01390876
-0.001952734
0.007076522
0.007076522
0.0090277
0.01561565
0.02562049
0.02293646
0.02122801
0.01927527
0.02049671
0.02049671
0.01829969
0.01634851
0.02366776
0.04148043
0.06587949
0.1000407
0.1202915
0.1202915
0.133956
0.1217557
0.1019918
0.07344458
0.05514335
0.04709123
0.02122801
-0.01707981
-0.01707981
-0.07637135
-0.1271238
-0.1930033
-0.2381433
-0.3025602
-0.38064
-0.38064
-0.4682361
-0.5641285
-0.6522116
-0.7205324
-0.779824
-0.8305764
-0.8698598
-0.9208565
-0.9208565
-0.9799038
-1.00772
-1.0309
-1.055544
-1.094829
-1.102879
-1.089461
-1.089461
-1.092876
-1.115324
-1.125571
-1.095804
-1.072868
-1.059936
-1.037244
-1.037244
-1.011624
-0.9945438
-0.9652637
-0.9394005
-0.9306155
-0.9010926
-0.9010926
-0.8837686
-0.8608321
-0.8598565
-0.8535113
-0.8415568
-0.8442393
-0.8632718
-0.8518044
-0.8518044
-0.8786448
-0.8881595
-0.9311041
-0.9345194
-0.9367164
-0.9325683
-0.9359836
-0.9359836
-0.9474526
-0.9369607
-0.9474526
