0.2103274
0.2137443
0.2154527
0.2625439
0.3142719
0.3142719
0.3257394
0.240096
0.09540389
0.03659937
-0.009516273
-0.06026869
-0.1066286
-0.1700684
-0.1700684
-0.2357036
-0.2762084
-0.3247638
-0.3720993
-0.3891807
-0.4577442
-0.4577442
-0.5572963
-0.6031677
-0.6597767
-0.6792963
-0.7093077
-0.7412719
-0.7649396
-0.8095927
-0.8583924
-0.9089005
-0.9089005
-0.9528207
-0.9842963
-0.9991806
-1.008695
-1.008695
-1.007233
-1.008695
-1.030412
-1.064329
-1.073112
-1.081651
-1.105321
-1.105321
-1.137772
-1.167296
-1.191208
-1.196332
-1.193648
-1.183645
-1.192428
-1.192428
-1.192428
-1.170956
-1.140212
-1.126549
-1.118497
-1.108492
-1.112884
-1.138505
-1.138505
-1.103368
-1.016992
-0.9511122
-0.9208565
-0.8749836
-0.8056887
-0.8056887
-0.7434673
-0.7014999
-0.6641676
-0.6195162
-0.5826725
-0.5282605
-0.4528647
-0.3960114
-0.3960114
-0.3569722
-0.3145162
-0.3145162
-0.2898713
-0.2601042
-0.2298485
-0.2298485
-0.1815358
-0.115412
-0.05197229
0.02464335
0.06856353
0.09442831
0.09589247
0.09589247
0.08369216
0.07710421
0.07515148
0.09955209
0.1115081
0.1149235
0.1149235
0.09906352
0.08540061
0.08613191
0.09637949
0.1137036
0.1085798
0.112728
0.1124837
0.1124837
0.122
0.1139479
0.09711234
0.08369216
0.08076384
0.103456
0.04855539
0.04855539
0.02879155
0.01537136
0.01683552
0.02293646
0.03830782
0.04318732
