-1.004791
-1.004304
-0.9947881
-0.9889315
-0.9889315
-0.9857604
-0.9857604
-0.9874673
-0.9928353
-0.9852718
-0.9850276
-0.9742914
-0.9742914
-0.9957637
-0.996008
-1.002107
-1.0004
-0.9999119
-0.9845405
-0.9845405
-0.9794167
-0.9794167
-0.9869803
-0.9518435
-0.9518435
-0.9703875
-0.9603842
-0.9598956
-0.9598956
-0.9598956
-0.9686806
-0.9823435
-0.9623353
-0.968192
-0.9628239
-0.9513565
-0.9513565
-0.9396448
-0.9364721
-0.9298842
-0.9308598
-0.9084119
-0.9181725
-0.9179282
-0.9035324
-0.9035324
-0.9140242
-0.8959673
-0.8793761
-0.8720552
-0.8757164
-0.8757164
-0.8815715
-0.8815715
-0.8439966
-0.8664445
-0.8698598
-0.864736
-0.8510715
-0.8466806
-0.8466806
-0.8520487
-0.864736
-0.8510715
-0.83692
-0.8476562
-0.8210601
-0.8234999
-0.8442393
-0.8244755
-0.8244755
-0.8056887
-0.8061758
-0.7969038
-0.7954396
-0.7915357
-0.7915357
-0.7793354
-0.7793354
-0.7615243
-0.7747002
-0.7873875
-0.7942197
-0.7844607
-0.7844607
-0.7925113
-0.8061758
-0.7954396
-0.7898273
-0.7739673
-0.7739673
