-0.9318354
-0.9542832
-0.9354966
-0.9354966
-0.9406204
-0.9479396
-0.9613598
-0.9630682
-0.9686806
-0.9686806
-0.9545276
-0.9472083
-0.9433044
-0.9413517
-0.9408646
-0.9396448
-0.9318354
-0.9201236
-0.9274445
-0.9274445
-0.935008
-0.9196366
-0.9149998
-0.9254917
-0.909876
-0.9115845
-0.9115845
-0.9040194
-0.8888924
-0.9086562
-0.9003598
-0.8993842
-0.9154884
-0.9489167
-0.9223207
-0.9223207
-0.9313484
-0.9342767
-0.9318354
-0.9040194
-0.9076806
-0.8764477
-0.8764477
-0.8500959
-0.8313077
-0.8288679
-0.8393598
-0.8337474
-0.8320405
-0.8359445
-0.8359445
-0.8374086
-0.8483875
-0.8215487
-0.8071514
-0.813008
-0.8049559
-0.7720162
-0.7720162
-0.7622556
-0.77592
-0.7890959
-0.7922686
-0.7727475
-0.7683565
-0.7822637
-0.7822637
-0.7873875
-0.7869005
-0.7766514
-0.7739673
-0.7734803
-0.7803125
-0.7883646
-0.7683565
-0.7683565
-0.7783598
-0.7851921
-0.7844607
-0.7922686
-0.7973924
-0.7849478
-0.7886074
-0.7895845
-0.7895845
-0.7546921
-0.8034917
-0.7978794
-0.7856806
