-0.9842963
-0.9877115
-0.9903956
-0.9738044
-0.9772197
-0.9691676
-0.9530634
-0.9530634
-0.9411073
-0.9433044
-0.9596514
-0.9594086
-0.9533077
-0.9533077
-0.9598956
-0.9598956
-0.9559917
-0.9454998
-0.9298842
-0.9484282
-0.9389119
-0.895236
-0.8881595
-0.8881595
-0.8918207
-0.8918207
-0.885964
-0.8688842
-0.8593679
-0.8535113
-0.8544884
-0.8544884
-0.8237442
-0.8091041
-0.7886074
-0.7959282
-0.8047116
-0.8139836
-0.8139836
-0.7890959
-0.8027604
-0.7925113
-0.7883646
-0.7800683
-0.7664038
-0.7449315
-0.749324
-0.74664
-0.74664
-0.7471285
-0.7500553
-0.7634755
-0.7556676
-0.7556676
-0.7415162
-0.7415162
-0.7498125
-0.7385879
-0.73078
-0.7117475
-0.7102833
-0.6914966
-0.7158957
-0.7158957
-0.7207767
-0.7124803
-0.7115048
-0.71614
-0.7058924
