-0.9677035
-0.9581887
-0.9557474
-0.9513565
-0.9513565
-0.9520878
-0.95892
-0.9740487
-0.9713646
-0.9740487
-0.9699005
-0.9642881
-0.9540405
-0.9542832
-0.9537963
-0.9537963
-0.9601399
-0.9674607
-0.9637995
-0.9601399
-0.9574559
-0.9574559
-0.9540405
-0.9547718
-0.9476953
-0.9637995
-0.9611155
-0.965508
-0.965508
-0.9679477
-0.970876
-0.956236
-0.9613598
-0.9596514
-0.9616041
-0.9628239
-0.9530634
-0.9572116
-0.9569673
-0.9569673
-0.9581887
-0.9586757
-0.9464754
-0.9379363
-0.9379363
-0.9423288
-0.9281757
-0.9281757
-0.9274445
-0.9206122
-0.9132914
-0.9057279
-0.9057279
-0.9020683
-0.9154884
-0.9154884
-0.9049966
-0.8864526
-0.8849884
-0.892552
-0.8906008
-0.8906008
-0.864736
-0.864736
-0.8625405
-0.8515601
-0.8835242
-0.9064607
-0.858148
-0.8271595
-0.8383842
-0.8383842
-0.8988956
-0.8920634
-0.8344803
-0.7954396
-0.7578647
-0.7578647
-0.779824
-0.7849478
-0.7656725
-0.7517637
-0.7398077
-0.7415162
-0.7415162
-0.7439559
-0.7439559
-0.7339526
-0.7283403
-0.7334641
-0.7432246
-0.742736
-0.7268761
-0.7193125
-0.7193125
-0.7368794
-0.7459086
-0.7559119
-0.7510324
-0.7524966
-0.7573761
-0.7588403
-0.7588403
-0.7478598
-0.7478598
-0.7849478
-0.7707963
-0.7485927
-0.7671366
