-0.9752685
-0.9845405
-0.9845405
-0.9806366
-0.9691676
-0.9738044
-0.9762442
-0.9833207
-0.9833207
-0.9779526
-0.9669721
-0.9613598
-0.9650194
-0.9767327
-0.9635568
-0.9498923
-0.9498923
-0.9415959
-0.9093875
-0.8962116
-0.9062164
-0.9032881
-0.8876725
-0.8876725
-0.8676643
-0.8676643
-0.8571725
-0.843508
-0.8115438
-0.8266725
-0.8547327
-0.8752279
-0.8801073
-0.8823044
-0.8823044
-0.8627848
-0.855464
-0.8413125
-0.8142279
-0.80764
-0.7903158
-0.7766514
-0.7766514
-0.7898273
-0.7844607
-0.7829966
-0.7898273
-0.8003207
-0.8003207
-0.7890959
-0.7890959
-0.7890959
-0.7854363
-0.7637197
-0.7459086
-0.7488354
-0.7549363
-0.7529836
-0.7529836
-0.7349282
-0.7339526
-0.7239478
-0.7244363
-0.7237035
-0.6609966
-0.6609966
-0.7032083
-0.7144315
-0.7371237
-0.7268761
-0.6892996
-0.6922279
-0.6888126
-0.6888126
