-0.9332995
-0.9618484
-0.9618484
-0.9945438
-1.029923
-1.023093
-0.9781953
-0.9664836
-0.9652637
-0.9694119
-0.9684363
-0.9689233
-0.9689233
-0.9584315
-0.9581887
-0.9882001
-0.9921041
-0.9877115
-0.9706318
-0.9706318
-0.9623353
-0.9623353
-0.9694119
-0.9691676
-0.9618484
-0.9306155
-0.9276887
-0.9276887
-0.9250047
-0.9169526
-0.9218321
-0.9447685
-0.9450113
-0.9423288
-0.9569673
-0.9569673
-0.9674607
-0.9674607
-0.9711204
-0.9674607
-0.9486725
-0.9152442
-0.8945047
-0.8930405
-0.8930405
-0.8715683
-0.8730324
-0.8632718
-0.8820601
-0.8803517
-0.8801073
-0.8844998
-0.8930405
-0.8930405
-0.89792
-0.9020683
-0.8932848
-0.8805959
-0.8552197
-0.8452165
-0.8452165
-0.8408239
-0.8486318
-0.8579038
-0.8513158
-0.8293565
-0.8376514
-0.8686399
-0.8898679
-0.892552
-0.892552
-0.8830357
-0.8205715
-0.8986514
-0.9135357
-0.9135357
-0.8923077
-0.8278924
