-0.9650194
-1.006988
-1.006988
-0.9864917
-0.9950324
-0.9945438
-0.9803923
-0.9803923
-0.9786839
-0.9786839
-0.977464
-0.9842963
-0.9642881
-0.9596514
-0.9718516
-0.9730715
-0.9730715
-0.95892
-0.9281757
-0.9110959
-0.9025568
-0.8852327
-0.8625405
-0.8357002
-0.8498517
-0.8498517
-0.8522914
-0.8703484
-0.8642474
-0.8593679
-0.8722996
-0.8749836
-0.8749836
-0.8471676
-0.8515601
-0.8198403
-0.8247197
-0.8088598
-0.7934884
-0.7939755
-0.7920243
-0.7920243
-0.7886074
-0.8110552
-0.8169119
-0.8232556
-0.8398484
-0.8271595
-0.8215487
-0.8147165
-0.8147165
-0.7886074
-0.7807996
-0.773236
-0.76128
-0.7500553
-0.7537165
-0.7537165
-0.7588403
-0.7700634
-0.7568875
-0.7502996
-0.7564005
-0.7559119
-0.7559119
-0.7539607
-0.7366366
-0.7900715
-0.7908044
-0.7622556
-0.7634755
-0.7573761
-0.7573761
