-0.9684363
-0.9735601
-0.9735601
-0.9759998
-0.9886887
-1.002107
-0.9850276
-0.9752685
-0.9752685
-0.9957637
-0.9935682
-0.9935682
-1.003085
-1.019189
-0.9950324
-0.9947881
-0.9957637
-0.9957637
-0.9872246
-0.9796594
-0.9735601
-0.9789281
-0.9799038
-0.9818565
-0.9669721
-0.9567246
-0.9567246
-0.9818565
-0.9947881
-0.986736
-0.9889315
-0.9964966
-0.9918598
-0.9779526
-0.9740487
-0.9740487
-0.9786839
-0.9830763
-0.9884444
-0.9928353
-0.9969836
-1.004791
-1.004791
-0.9918598
-0.9857604
-0.9864917
-0.9777083
-0.9635568
-0.9506236
-0.9506236
-0.9506236
-0.9401318
-0.9452556
-0.9391562
-0.9330568
-0.9352522
-0.9452556
-0.9452556
-0.9472083
-0.9633125
-0.9633125
-0.9659966
-0.9701447
-0.9547718
-0.9474526
-0.9447685
-0.9330568
-0.9181725
-0.9181725
-0.9037767
-0.8976758
-0.8852327
-0.8725438
-0.8579038
-0.8579038
-0.8681514
-0.8630276
-0.8449721
-0.8339917
-0.8303321
-0.824964
-0.8174005
-0.7969038
-0.7969038
-0.7942197
-0.7881204
-0.7629884
-0.7617686
-0.7783598
-0.7739673
-0.7739673
-0.7900715
-0.7900715
-0.7947083
-0.8025162
-0.7947083
-0.7707963
-0.7481041
-0.7424917
-0.7407833
-0.7407833
-0.7556676
-0.7566448
-0.7566448
-0.7673794
-0.782508
-0.7600601
-0.7639641
-0.7624999
-0.7461514
-0.7461514
-0.7507882
-0.7354168
-0.7451758
-0.7546921
-0.7546921
-0.7429803
-0.7712833
-0.7725047
-0.7822637
-0.7844607
-0.7829966
-0.7888517
-0.7888517
