-0.98942
-0.9991806
-0.9972278
-0.9972278
-0.9872246
-0.9925926
-0.9899086
-0.9816122
-0.9757556
-0.9857604
-0.9755128
-0.9762442
-0.9633125
-0.9633125
-0.9691676
-0.9701447
-0.9669721
-0.9623353
-0.9491594
-0.9467197
-0.9425715
-0.9425715
-0.9357393
-0.9279315
-0.9262246
-0.9069477
-0.8971887
-0.8698598
-0.8698598
-0.8703484
-0.8710797
-0.8669315
-0.8671758
-0.8576595
-0.8559526
-0.8469234
-0.8459477
-0.8459477
-0.8476562
-0.8427767
-0.8503402
-0.8366758
-0.8269168
-0.8139836
-0.8203273
-0.8203273
-0.8266725
-0.8186204
-0.8134966
-0.8191074
-0.8169119
-0.8269168
-0.8112996
-0.8112996
-0.8054445
-0.8117881
-0.7966595
-0.7869005
-0.7629884
-0.7632327
-0.7463956
-0.7463956
-0.7510324
-0.7407833
-0.7483484
-0.7439559
-0.7444445
-0.7415162
-0.7354168
-0.7354168
-0.7690879
-0.7598158
-0.7598158
-0.7632327
-0.7537165
-0.7527393
-0.7527393
