-0.9689233
-1.006256
-0.9957637
-0.9952767
-0.9982035
-0.9982035
-0.9784396
-0.9755128
-0.9613598
-0.9494038
-0.9352522
-0.9135357
-0.892552
-0.9042637
-0.9042637
-0.923052
-0.8805959
-0.8864526
-0.8820601
-0.8788875
-0.8830357
-0.8693728
-0.8693728
-0.8693728
-0.8547327
-0.8474119
-0.8359445
-0.8174005
-0.8122767
-0.7993435
-0.7993435
-0.8325276
-0.8242327
-0.801052
-0.7942197
-0.8025162
-0.8059315
-0.8027604
-0.8027604
-0.7947083
-0.7922686
-0.7949526
-0.7637197
-0.7937327
-0.7866562
-0.7900715
-0.7805552
-0.7737246
-0.7737246
-0.7605487
-0.7581074
-0.7629884
-0.7607914
-0.7581074
-0.7581074
-0.7600601
-0.7590845
-0.7656725
-0.7590845
-0.7742116
-0.7810438
-0.76128
-0.7556676
-0.7644526
-0.7644526
-0.7537165
-0.7617686
-0.7646953
-0.7468842
-0.7468842
