-0.9713646
-1.005769
-1.012601
-0.9994233
-0.9994233
-1.00772
-1.0004
-1.006988
-1.009428
-1.013821
-0.9982035
-0.9928353
-0.9928353
-0.9916155
-0.9784396
-0.9755128
-0.9511122
-0.9394005
-0.9347637
-0.9210992
-0.9145113
-0.9145113
-0.9362279
-0.9450113
-0.9486725
-0.9437914
-0.9328125
-0.9167083
-0.9223207
-0.9223207
-0.9027995
-0.8874282
-0.8876725
-0.8644917
-0.8722996
-0.8552197
-0.8454607
-0.8454607
-0.831552
-0.8296008
-0.8234999
-0.8296008
-0.8296008
-0.8091041
-0.8091041
-0.8166676
-0.7988565
-0.8025162
-0.8039803
-0.8012963
-0.7961725
-0.7878761
-0.7878761
-0.7905601
-0.7905601
-0.7864119
-0.7807996
-0.7803125
-0.7839721
-0.7739673
-0.7739673
-0.7793354
-0.7710406
-0.7722604
-0.7788484
-0.7659168
-0.7678679
-0.7678679
-0.7398077
-0.7869005
-0.7793354
-0.7585959
-0.7905601
-0.7756758
-0.7681122
