-0.9823435
-0.9784396
-0.9786839
-0.9860047
-0.9852718
-0.9896643
-0.9896643
-1.00894
-1.003329
-0.9967393
-0.9979607
-0.9994233
-0.9860047
-0.9816122
-0.9789281
-0.9789281
-0.9879559
-0.9786839
-0.9823435
-0.9840519
-0.9764884
-0.9786839
-0.9786839
-0.9750242
-0.9772197
-0.9830763
-0.977464
-0.9791725
-0.9791725
-0.9850276
-0.9930797
-0.9955194
-0.9911284
-0.9984477
-0.9940552
-0.9869803
-0.9847832
-0.9847832
-0.9847832
-0.9796594
-0.9762442
-0.9711204
-0.9581887
-0.9459884
-0.9428158
-0.9428158
-0.94428
-0.9503794
-0.9581887
-0.9547718
-0.9467197
-0.9408646
-0.9418402
-0.9428158
-0.9428158
-0.9437914
-0.9298842
-0.9223207
-0.9003598
-0.8815715
-0.8737637
-0.8579038
-0.8579038
-0.8535113
-0.8598565
-0.8505845
-0.8542442
-0.8542442
-0.8486318
-0.8405797
-0.8405797
-0.8496073
-0.8488761
-0.8217914
-0.8164234
-0.8127637
-0.7890959
-0.7890959
-0.7698207
-0.7717718
-0.7737246
-0.7664038
-0.7588403
-0.7739673
-0.7739673
-0.77592
-0.7888517
-0.7803125
-0.7959282
-0.7773842
-0.7549363
-0.7722604
-0.76128
-0.7449315
-0.7449315
-0.7551806
-0.7407833
-0.7424917
-0.7402963
-0.7429803
-0.7429803
-0.7385879
-0.7246806
-0.7481041
-0.7502996
-0.7515194
-0.7581074
-0.7776285
-0.7590845
-0.7590845
