-0.9847832
-0.9877115
-0.9877115
-1.009184
-1.001132
-0.9964966
-0.9928353
-0.9947881
-1.00162
-1.013821
-1.013821
-1.00772
-0.9942995
-0.9940552
-0.9947881
-0.9816122
-0.9672164
-0.9672164
-0.9555047
-0.9454998
-0.9250047
-0.9162197
-0.8969445
-0.9069477
-0.8788875
-0.8747393
-0.8747393
-0.8923077
-0.895236
-0.8940161
-0.8949917
-0.8930405
-0.8718125
-0.8503402
-0.8503402
-0.8569282
-0.85278
-0.8549755
-0.8296008
-0.8261839
-0.8203273
-0.8034917
-0.8144721
-0.8144721
-0.8122767
-0.7969038
-0.7956839
-0.7900715
-0.7851921
-0.7905601
-0.7954396
-0.7954396
-0.7890959
-0.8032475
-0.7978794
-0.7854363
-0.7776285
-0.7776285
-0.77592
-0.7554234
-0.7517637
-0.7461514
-0.7461514
-0.7417604
-0.7510324
-0.7578647
-0.7578647
-0.7659168
-0.7725047
-0.7725047
-0.7717718
-0.7707963
-0.7576204
-0.7812881
-0.7744559
-0.7744559
-0.7695764
-0.7649396
-0.7666481
