-0.9613598
-0.9811236
-0.9694119
-0.9577001
-0.9437914
-0.940376
-0.9418402
-0.9420845
-0.9420845
-0.9481839
-0.9720959
-0.9435487
-0.9286643
-0.9289086
-0.9362279
-0.9130487
-0.9130487
-0.91378
-0.9047523
-0.8910878
-0.8732767
-0.8640047
-0.8559526
-0.8520487
-0.8520487
-0.8320405
-0.82228
-0.8256953
-0.8266725
-0.8237442
-0.7898273
-0.77592
-0.77592
-0.7442002
-0.7063794
-0.6775879
-0.6534315
-0.6500162
-0.6580683
-0.6580683
-0.6695358
-0.7019885
-0.7119917
-0.7090634
-0.7407833
-0.7322442
-0.7295601
-0.7288273
-0.7227279
-0.7227279
-0.7222393
-0.7263875
-0.7178484
-0.7163842
-0.7288273
-0.7315113
-0.7359038
-0.7359038
-0.7278517
-0.718824
-0.7212637
-0.7407833
-0.7478598
-0.7561562
-0.7703077
-0.7800683
-0.7800683
-0.7790927
-0.7742116
-0.7546921
-0.742736
-0.7512767
-0.7842165
-0.7842165
-0.8178875
