-0.9674607
-0.9886887
-0.9886887
-0.9833207
-0.9699005
-0.9652637
-0.9596514
-0.9462327
-0.946964
-0.946964
-0.9430601
-0.9386676
-0.9274445
-0.9308598
-0.9415959
-0.9452556
-0.9352522
-0.9213435
-0.9213435
-0.9193923
-0.8969445
-0.8810845
-0.8703484
-0.8549755
-0.8559526
-0.8559526
-0.8410683
-0.8566839
-0.8493646
-0.8354559
-0.8217914
-0.8469234
-0.8469234
-0.8152035
-0.8152035
-0.8169119
-0.8115438
-0.8286237
-0.8215487
-0.8083728
-0.8022718
-0.797148
-0.797148
-0.79178
-0.7905601
-0.7827523
-0.7561562
-0.7539607
-0.7473713
-0.7473713
-0.7429803
-0.7429803
-0.7498125
-0.7485927
-0.7422475
-0.7366366
-0.7376122
-0.7412719
-0.7412719
-0.7471285
-0.7383435
-0.7402963
-0.7532279
-0.7651839
-0.7642083
-0.7776285
-0.7776285
-0.7481041
