0.04611564
0.08369216
0.08369216
0.06539247
0.08808465
0.07246744
0.01951956
-0.004879501
-0.006343663
-0.006343663
0.00561236
0.05734036
0.05490061
0.03196416
0.009760559
0.0009755891
-0.003659626
-0.003659626
-0.002195464
0.01829969
0.01122472
0.01171174
0.008540683
-0.0009755891
-0.008540683
-0.008540683
0.006587949
-0.008783413
0.001219875
-0.0173241
-0.01415149
-0.01854397
-0.03391533
-0.03342832
-0.03342832
-0.03220844
-0.01390876
-0.01781267
-0.03806353
-0.04855539
-0.05880453
-0.03147558
-0.03147558
-0.009516273
-0.01781267
-0.03659937
-0.02415633
-0.03635664
-0.04123614
-0.04123614
-0.04245602
-0.02293646
-0.04050328
-0.05294788
-0.0566075
-0.07929967
-0.06783222
-0.0690521
-0.0690521
-0.05685179
-0.06587949
-0.05538763
-0.03074428
-0.04928825
-0.06319545
-0.05856024
-0.05856024
-0.04831266
-0.05270359
-0.04635993
-0.04074757
-0.02879155
-0.03269546
-0.03269546
-0.02659608
-0.01049186
-0.002195464
-0.01903255
-0.05026384
0.06465962
0.08271657
-0.02879155
-0.02879155
-0.1276123
-0.1864153
-0.07076055
