0.1402997
0.1554283
0.1720195
0.1991042
0.1815358
0.1815358
0.1751921
0.1666515
0.1532313
0.1332247
0.1427394
0.1451807
0.1725081
0.1827557
0.1590879
0.1590879
0.1444479
0.1466433
0.1627475
0.1751921
0.1661644
0.1637247
0.1629918
0.1629918
0.2074006
0.2479039
0.2193566
0.1781205
0.1485961
0.1207801
0.1207801
0.127368
0.09491532
0.08564334
0.112728
0.1185846
0.1132166
0.1534756
0.1446922
0.1227313
0.1227313
0.1305407
0.1571368
0.1471319
0.1332247
0.1200472
0.1129723
0.09784365
0.09784365
0.08076384
0.06783222
0.06343974
0.04343161
0.04343161
0.08247229
0.09028011
0.09345272
0.1315162
0.1144364
0.07076055
0.06026869
0.06051142
0.04270031
