0.3425765
0.3020716
0.2803566
0.2803566
0.3062198
0.2971921
0.2888957
0.3030488
0.2952394
0.2952394
0.3020716
0.3135406
0.3064641
0.3003647
0.3081726
0.2920683
0.3030488
0.3079283
0.3057313
0.3057313
0.3040244
0.2920683
0.2881644
0.2837719
0.2774283
0.2635195
0.2635195
0.2596156
0.2647394
0.2664478
0.2418045
0.2337524
0.246684
0.2420488
0.1932475
0.1932475
0.2317996
0.1693355
0.1715325
0.1390798
0.1393241
0.1324918
0.1324918
0.1464006
0.1058958
0.1095554
0.1141922
0.1124837
0.1210244
0.1180961
0.1180961
0.1415195
0.1361515
0.08320359
0.03513677
0.0871075
0.1149235
0.1168762
0.1168762
0.07100328
0.05734036
0.082228
0.1022361
0.1190717
0.0773485
0.06929639
0.06929639
0.09784365
0.1083355
0.08491204
0.08735178
0.08173943
0.08906023
0.09491532
0.1044316
0.1044316
0.1024804
0.1193159
0.1054087
0.1002834
0.1146807
0.1151677
0.1085798
0.1610407
0.1610407
0.07685993
0.1097997
0.1534756
0.2076433
