0.2344837
0.2515635
0.2540033
0.2540033
0.2049593
0.1686042
0.1495717
0.1676286
0.1769006
0.1925162
0.1932475
0.1932475
0.1878795
0.1834885
0.1871482
0.1954446
0.1610407
0.1193159
0.1310277
0.1276123
0.1307834
0.1444479
0.1444479
0.1632361
0.1632361
0.1546954
0.1534756
0.1771433
0.2005683
0.2005683
0.1827557
0.1676286
0.157868
0.1485961
0.1383485
0.1298078
0.1464006
0.1656759
0.1656759
0.1037003
0.03440391
-0.03977198
-0.06709937
-0.04416447
-0.009760559
-0.01707981
-0.01707981
-0.07002769
-0.09515961
-0.110044
-0.08491204
-0.0912557
-0.1239527
-0.1195602
-0.1195602
-0.1193159
-0.09076868
-0.07271173
-0.04635993
-0.05709608
-0.08442346
-0.1285879
-0.1285879
-0.1766563
-0.1844641
0.08832738
-0.008783413
0.005856646
-0.01512863
-0.01512863
-0.04660422
-0.1363958
-0.06270844
0.05050813
