0.2791367
0.2688876
0.2989006
0.2686433
0.2686433
0.2579087
0.2498566
0.2474153
0.2127687
0.1869039
0.1956873
0.2059364
0.2059364
0.185684
0.1647003
0.1517687
0.2259446
0.2698647
0.2342394
0.2342394
0.2181367
0.2174039
0.2030081
0.2320439
0.2144756
0.2017882
0.2108159
0.1529886
0.13664
0.1722638
0.1722638
0.1817801
0.1525
0.1525
0.1259039
0.1485961
0.1471319
0.1044316
0.07539576
0.1027247
0.1129723
0.1129723
0.08442346
0.08442346
0.07417589
0.08808465
0.08003253
0.06661235
0.1010163
0.1010163
0.1200472
0.1200472
0.1090684
0.02806024
0.01634851
0.01122472
0.01122472
0.01585994
0.03489248
0.08735178
0.1019918
0.1668957
