0.1334674
0.1398126
0.1837313
0.2093518
0.1956873
0.1956873
0.16714
0.1590879
0.1349316
0.124684
0.09857651
0.0600244
0.06148856
0.1156563
0.1156563
0.1881238
0.2198436
0.2364364
0.1898322
0.1610407
0.1529886
0.1295635
0.09345272
0.09345272
0.09003583
0.07344458
0.0773485
0.07856838
0.08759607
0.05001955
0.05001955
0.01268733
0.03196416
0.08491204
0.1298078
0.09101141
0.03489248
0.04221173
0.04221173
0.05270359
0.03318403
0.01829969
0.01049186
0.007563538
0.002928323
-0.01000329
0.01415149
0.01659124
0.01659124
0.005856646
-0.01585994
-0.02610751
-0.01927527
0.005856646
0.005856646
0.007319252
0.007563538
-0.02269217
-0.02318074
-0.02171658
0.004148198
-0.001708448
0.07344458
0.02952441
0.02952441
-0.03025571
-0.01903255
-0.03025571
-0.02732738
-0.02732738
