0.2620554
0.2562003
0.2562003
0.2422915
0.246684
0.2518078
0.2762084
0.2820635
0.2820635
0.2627882
0.2557117
0.2564445
0.265228
0.2579087
0.2688876
0.2688876
0.2674234
0.2627882
0.2608355
0.2608355
0.2591286
0.2698647
0.2662036
0.2581514
0.2581514
0.2542475
0.2437557
0.2583957
0.2657166
0.2705961
0.2257003
0.2257003
0.2181367
0.2181367
0.2444885
0.2496123
0.2113045
0.2132557
0.2061807
0.1788518
0.2252117
0.2252117
0.1769006
0.1759235
0.1515244
0.1512801
0.1712882
0.1583566
0.1583566
0.1412753
0.1085798
0.09247557
0.0739316
0.09540389
0.1193159
0.1054087
0.1054087
0.1044316
0.09686806
0.09491532
0.0912557
0.08393645
0.06783222
0.08003253
0.08003253
0.08759607
0.08515632
0.09076868
0.0829593
0.0780798
0.08979154
0.08930452
0.08930452
0.100772
0.08540061
0.07588433
0.08125241
0.09028011
0.09369545
0.0905244
0.0905244
0.08418074
0.1015033
0.1015033
0.09784365
0.08686477
0.09198856
0.08393645
0.08393645
0.1107753
0.1307834
0.1115081
0.1073599
