0.2139885
0.1607964
0.1607964
0.1276123
0.1010163
0.07612862
0.06246415
0.07417589
0.08027527
0.08027527
0.08588763
0.1056515
0.09808794
0.08369216
0.0863762
0.0732003
0.09149998
0.06099999
0.06099999
0.07368731
0.06246415
0.1207801
0.1490846
0.1334674
0.1320033
0.1424967
0.1424967
0.08881595
0.09711234
0.164456
0.2093518
0.2415602
0.2217964
0.1910521
0.1869039
0.1869039
0.1939804
0.1973957
0.2076433
0.2152084
0.2371677
0.206912
0.206912
0.2047165
0.1986156
0.2061807
0.2237475
0.1991042
0.1649446
0.1237084
0.1190717
0.1190717
0.0558762
0.004879501
-0.02073944
0
-0.01415149
-0.01415149
-0.03025571
-0.06221987
-0.08515632
-0.1307834
-0.1329804
-0.1847084
-0.1971515
-0.2186238
-0.2186238
-0.2217964
-0.2432687
-0.2732801
-0.2835276
-0.2764527
-0.2930439
-0.3042687
-0.3042687
-0.3215927
-0.3313518
-0.3230554
-0.3259837
-0.3503843
-0.3679527
-0.3679527
-0.2437557
-0.3374527
-0.3235439
-0.3240325
-0.3110993
-0.2830406
-0.2471726
-0.2288713
