0.0173241
0.05050813
0.05050813
0.08491204
0.08320359
0.09418402
0.05807167
0.02854726
0.001708448
0.01415149
0.04001627
0.08832738
0.08832738
0.1027247
0.06734365
0.03562378
-0.0004885725
0.01220031
0.01488435
0.01488435
0.02366776
0.02366776
-0.01098043
-0.01146745
-0.008052111
0.005368074
0.02098372
0.02098372
0.01561565
0.02562049
0.01146745
-0.009760559
-0.02049671
-0.03562378
-0.07685993
-0.07685993
-0.08247229
-0.08247229
-0.07490875
-0.05465633
-0.04928825
-0.0336726
-0.02025242
-0.01683552
-0.01683552
-0.002439751
0.006832235
0.02318074
0.001219875
-0.03001142
-0.08344787
-0.08735178
-0.08051955
-0.08051955
-0.06612378
-0.08808465
-0.09686806
-0.07271173
-0.05270359
-0.05563192
-0.05563192
-0.07978825
-0.08051955
-0.05782738
-0.03049999
-0.01049186
-0.02513192
-0.02732738
-0.04416447
-0.04050328
-0.04050328
-0.03391533
0.08832738
-0.04099186
-0.1444479
-0.1444479
-0.1834885
-0.04294459
