0.3323273
0.3215927
0.3218355
0.3052442
0.3037801
0.3037801
0.3008518
0.3106123
0.3037801
0.3067084
0.3147605
0.3191514
0.3120765
0.3120765
0.2898713
0.28914
0.3008518
0.3015846
0.2808436
0.2178925
0.183
0.183
0.1864153
0.2274087
0.2310683
0.2108159
0.1871482
0.1678713
0.131272
0.131272
0.1427394
0.1427394
0.1305407
0.09418402
0.04635993
-0.005123788
-0.02610751
-0.009516273
-0.009516273
0.0004885725
0.01512863
0.01585994
0.01634851
0.01171174
0.02098372
0.02098372
-0.01024758
-0.06831924
-0.1029674
-0.1068713
-0.1076042
-0.1163876
-0.06295273
0.004636771
0.02464335
0.02464335
0.03245273
0.0600244
0.07198042
0.08588763
0.09198856
0.0905244
0.0905244
0.05782738
0.05441204
0.06051142
0.08247229
0.07490875
0.06051142
0.0009755891
-0.0600244
-0.06270844
-0.06270844
-0.02781596
0.02928012
0.07588433
0.1229756
0.1285879
0.1410325
0.1410325
0.1771433
0.1969087
0.2361921
0.2398518
0.249368
0.249368
0.2330195
0.2139885
0.2315554
0.2315554
0.2418045
0.2366807
0.2552247
0.2691319
0.2632768
0.2610798
0.2610798
0.2520521
0.2825521
0.3699039
0.3699039
0.4333436
0.4333436
0.4428599
0.4199234
0.3825927
0.3694153
0.3301319
0.3213485
0.3437963
0.3655114
0.3911318
0.3911318
0.3984527
0.3947915
0.3550195
0.2542475
0.1966644
0.1966644
0.2591286
0.2591286
0.2801123
0.3057313
