0.1251726
0.1371286
0.1576238
0.1661644
0.1566482
0.1378599
0.1378599
0.1210244
0.08954725
0.07564005
0.07929967
0.09003583
0.1119967
0.1342003
0.1342003
0.1529886
0.1368843
0.1234641
0.1085798
0.09174427
0.1185846
0.1185846
0.1395684
0.1359087
0.1210244
0.1729967
0.185684
0.1493274
0.1115081
0.09930781
0.09930781
0.06636807
0.04489577
0.0222036
0.06270844
0.08564334
0.08686477
0.06539247
0.06539247
0.08686477
0.1073599
0.1217557
0.04172472
0.04172472
-0.03269546
-0.03269546
-0.05685179
0.02684037
0.02684037
0.082228
0.08613191
0.08759607
0.05953583
0.04050328
0.03098857
0.03098857
0.04904397
0.05904726
0.03489248
0.03464819
0.03757652
0.0395277
0.02952441
0.02952441
0.03245273
0.03513677
0.01878826
0.01342018
0.04977527
0.06709937
0.02732738
0.02732738
0.02513192
0.02513192
-0.001708448
0.002928323
0.06685664
