0.1332247
0.1478648
0.1554283
0.1454235
0.1454235
0.1261482
0.1105325
0.110044
0.1010163
0.08930452
0.0863762
0.0863762
0.1015033
0.1039446
0.1017476
0.1076042
0.1015033
0.09711234
0.09930781
0.09930781
0.1300521
0.1571368
0.1488404
0.1249283
0.1161433
0.05734036
0.03440391
0.02488763
0.02488763
0.03220844
-0.0090277
-0.04221173
-0.01829969
0.02440062
0.05636477
0.05636477
0.0697834
0.08125241
0.08954725
0.08198372
0.1002834
0.09003583
0.06051142
0.06051142
0.03659937
0.03659937
0.04245602
0.02244788
0.02122801
0.01659124
0.01098043
0.0180554
0.002439751
0.002439751
0.01659124
0.03928341
0.01878826
-0.005368074
-0.02586322
-0.02586322
0.02952441
0.02952441
-0.04196744
-0.06929639
-0.0912557
-0.06612378
-0.02903583
