-0.03684366
-0.04757981
-0.03733223
-0.04196744
-0.04196744
-0.05563192
-0.07076055
-0.06807651
-0.06612378
-0.07198042
-0.1112638
-0.1112638
-0.1771433
-0.1959316
-0.1361515
-0.08613191
-0.1002834
-0.1468876
-0.1322476
-0.07929967
-0.07929967
-0.1259039
-0.133956
-0.143228
-0.1825114
-0.2408274
-0.3208599
-0.3662442
-0.3662442
-0.3845439
-0.3825927
-0.3928403
-0.3801514
-0.3850325
-0.3303761
-0.3977198
-0.5346041
-0.5346041
-0.5429006
-0.4548159
-0.4013794
-0.4057719
-0.4836074
-0.5731562
-0.5868207
-0.5382637
-0.5382637
-0.5438761
-0.5102035
-0.5163044
-0.5163044
-0.5409478
-0.5643713
