0.2208208
0.1983713
0.2149641
0.2344837
0.2298485
0.2015439
0.2015439
0.1781205
0.1612834
0.1422524
0.1512801
0.1720195
0.1500602
0.1500602
0.122
0.1095554
0.1239527
0.1420081
0.1237084
0.1151677
0.1402997
0.155184
0.155184
0.1583566
0.1483518
0.1373713
0.1234641
0.1095554
0.09271986
0.08418074
0.08418074
0.07515148
0.06173129
0.08832738
0.1066286
0.08271657
0.04904397
0.04465148
0.04465148
0.0780798
0.1176075
0.1176075
0.1068713
0.09881923
0.1041873
0.1193159
0.09711234
0.0780798
0.0780798
0.07271173
0.06270844
0.09028011
0.1112638
0.1112638
0.04416447
0.06319545
0.06319545
0.08076384
0.1503045
0.07783552
0.01049186
-0.002195464
-0.03830782
-0.03830782
-0.04440875
-0.0002442863
