0.1488404
0.1388355
0.1388355
0.1454235
0.1571368
0.1483518
0.1363958
0.1256596
0.1041873
0.1041873
0.09540389
0.0863762
0.1139479
0.1385928
0.1454235
0.1337117
0.1337117
0.1078485
0.06612378
0.05343645
0.02952441
0.01561565
-0.004879501
-0.01439577
-0.05612049
-0.05612049
-0.09711234
-0.1200472
-0.1429837
-0.1485961
-0.1932475
-0.2232605
-0.2471726
-0.2471726
-0.2461954
-0.2461954
-0.2437557
-0.2576644
-0.2888957
-0.3523355
-0.3633159
-0.3633159
-0.3572165
-0.4067475
-0.4206563
-0.3860081
-0.3477003
-0.377956
-0.38064
-0.38064
-0.4021123
-0.3518485
