0.1912964
0.2039837
0.2371677
0.2371677
0.2303355
0.1783648
0.1588436
0.1278566
0.1163876
0.1188274
0.1188274
0.1322476
0.16714
0.1815358
0.1847084
0.1573795
0.1407882
0.1402997
0.1295635
0.1295635
0.1295635
0.1493274
0.1703126
0.183
0.1790961
0.1798274
0.1903208
0.1676286
0.1676286
0.1727524
0.1561596
0.1381042
0.1371286
0.1468876
0.1573795
0.1568925
0.1568925
0.1529886
0.1686042
0.1681156
0.1654316
0.1668957
0.1598208
0.1666515
0.1666515
0.1798274
0.1890993
0.1890993
0.1920277
0.2030081
0.2095961
0.2012997
0.2081319
0.2154527
0.2154527
0.2076433
0.2088647
0.2025195
0.1964201
0.1903208
0.1888566
0.1851954
0.1851954
0.1969087
0.1947117
0.1954446
0.2025195
0.1952003
0.1790961
0.1747036
0.1747036
0.1568925
0.1520114
0.1517687
0.1415195
0.1217557
0.1015033
0.09174427
0.09174427
0.08003253
0.06392831
0.09491532
0.09784365
0.112728
0.1083355
0.1083355
0.1078485
0.1261482
0.1422524
0.06880782
0.03708794
0.03293975
0.007319252
0.007319252
0.01000329
-0.004636771
0.06099999
-0.0395277
-0.02659608
-0.02659608
-0.02976869
-0.0566075
-0.0566075
-0.0829593
-0.07417589
-0.0263518
-0.04440875
-0.0863762
-0.08003253
-0.08003253
-0.09589247
-0.1488404
-0.1934918
-0.2132557
-0.2520521
-0.2520521
-0.2581514
-0.2296042
-0.2117915
-0.1954446
-0.1954446
-0.1825114
-0.1937361
-0.2005683
-0.2191123
-0.2391205
-0.2391205
-0.2630325
-0.2713273
-0.2469283
-0.2210635
-0.2159397
-0.2103274
-0.1995928
-0.1995928
-0.2264316
-0.2293599
-0.2083762
-0.1893436
-0.1995928
-0.1995928
-0.2115488
-0.1927605
-0.1927605
-0.1337117
-0.157868
-0.1407882
-0.1449364
-0.1900765
-0.1900765
-0.1920277
