0.1756807
0.2396075
0.2396075
0.2181367
0.1939804
0.1803159
0.1349316
0.1176075
0.1176075
0.1310277
0.1385928
0.1244397
0.1354202
0.1571368
0.1571368
0.1625033
0.1729967
0.1808045
0.2056921
0.2291156
0.2474153
0.2474153
0.2532719
0.2532719
0.2020325
0.1783648
0.1800717
0.1632361
0.1676286
0.1747036
0.1998355
0.1998355
0.2310683
0.2257003
0.2108159
0.2059364
0.1749479
0.1537199
0.1317605
0.1317605
0.1310277
0.1198045
0.1166319
0.1202915
0.1241954
0.1449364
0.1466433
0.1466433
0.1156563
0.1115081
0.1307834
0.1266368
0.0697834
0.05026384
0.05026384
0.06246415
0.05856024
0.06954067
0.06319545
0.06563676
0.07856838
0.08857166
0.0780798
0.0780798
0.07198042
0.0509967
0.07027198
0.07783552
0.05758465
0.1029674
0.0697834
0.0697834
0.01268733
0.007076522
0.002684037
0.0090277
0.04196744
