-0.03708794
-0.0336726
-0.02122801
-0.02122801
-0.0336726
-0.05319216
-0.06929639
-0.05612049
-0.04343161
-0.05050813
-0.05392347
-0.05392347
-0.05856024
-0.06173129
-0.03513677
-0.03489248
-0.04392018
-0.04440875
-0.04440875
-0.0312313
-0.02269217
-0.03659937
-0.05343645
-0.02976869
-0.0090277
-0.01342018
-0.01342018
-0.06099999
-0.07515148
-0.1012605
-0.09930781
-0.1373713
-0.1532313
-0.1532313
-0.1583566
-0.1793403
-0.2213078
-0.2684006
-0.2845033
-0.2945081
-0.3118322
-0.340868
-0.340868
-0.362096
-0.3943045
-0.3933273
-0.4394445
-0.4531074
-0.4516433
-0.4516433
-0.4277328
-0.4401758
-0.4496921
-0.4335879
-0.4330993
-0.4660406
-0.514596
-0.514596
-0.5311888
