0.2952394
0.2713273
0.2471726
0.2261873
0.2239918
0.2296042
0.2296042
0.2061807
0.1871482
0.1573795
0.1300521
0.1217557
0.1134593
0.13664
0.1290765
0.1215114
0.1215114
0.1241954
0.1349316
0.1144364
0.09003583
0.0773485
0.07051627
0.07051627
0.06831924
0.06197558
0.09491532
0.1324918
0.1251726
0.0649039
0.01683552
0.01683552
0.01366447
0.00341534
0.0002442863
-0.02488763
-0.02269217
-0.02098372
-0.01903255
-0.01903255
-0.04099186
-0.04172472
-0.01561565
-0.008540683
-0.01951956
-0.02391205
-0.01146745
-0.01146745
0.0007313028
-0.004879501
-0.0090277
0.01049186
0.02464335
0.02073944
0.02391205
0.02391205
0.04977527
0.05050813
0.01903255
-0.01634851
-0.02610751
-0.01220031
0.0180554
0.0180554
0.04538434
0.06636807
0.05245931
0.04245602
0.03806353
0.02293646
0.03025571
0.04221173
0.04392018
0.04392018
0.04831266
0.04831266
0.0649039
0.07929967
0.1141922
0.1354202
0.1664087
0.1664087
0.1910521
0.2159397
0.2232605
0.2398518
0.2630325
0.2754755
0.2754755
0.2818208
0.2825521
0.2923126
0.2927997
0.2940195
0.3084153
0.3084153
0.3786873
0.3786873
0.3211042
0.2732801
0.2657166
0.2845033
0.3174445
0.3174445
