-0.6885683
-0.694912
-0.694912
-0.688324
-0.6722198
-0.6668517
-0.6785634
-0.6956448
-0.6888126
-0.6846644
-0.6846644
-0.6802719
-0.6780764
-0.6792963
-0.6802719
-0.6832002
-0.6832002
-0.6878354
-0.6993044
-0.6897882
-0.6878354
-0.6822246
-0.6858842
-0.6871041
-0.6932035
-0.6958875
-0.6958875
-0.6892996
-0.6851514
-0.6871041
-0.6914966
-0.6861285
-0.6861285
-0.679052
-0.679052
-0.6829559
-0.6800276
-0.6741725
-0.6819803
-0.6841758
-0.6770993
-0.6770993
-0.6812475
-0.6936921
-0.7078435
-0.7193125
-0.7190683
-0.7210194
-0.7354168
-0.7354168
-0.7715276
-0.7715276
-0.7642083
-0.7388321
-0.7334641
-0.7298044
-0.7102833
-0.6546514
-0.6546514
-0.6202475
-0.6292768
-0.6134152
-0.5907246
-0.5719364
-0.5563207
-0.5563207
-0.4962963
-0.5111806
-0.5124006
-0.4879999
-0.4457882
-0.4067475
-0.4199234
-0.4047963
-0.4047963
-0.3757605
-0.3286677
-0.2959723
-0.2781596
-0.2764527
-0.2403403
-0.2027638
-0.2027638
-0.1903208
-0.1851954
-0.1834885
-0.1698241
-0.1539641
-0.1456677
-0.1527443
-0.1512801
-0.1512801
-0.1473762
-0.1539641
-0.1585993
-0.1544527
-0.1554283
-0.1554283
-0.1576238
-0.1661644
-0.16714
-0.1647003
-0.1634804
-0.1668957
-0.1837313
-0.1927605
-0.1854397
-0.1854397
-0.1805602
-0.1873925
-0.1988599
-0.2044723
-0.2127687
-0.2154527
-0.2171596
-0.2225277
-0.2225277
-0.2198436
-0.2127687
-0.2149641
-0.222772
-0.2149641
-0.2149641
-0.2074006
-0.2074006
-0.2061807
-0.2076433
-0.2171596
-0.2147198
-0.2144756
-0.2103274
-0.2103274
-0.2081319
-0.2135
-0.2113045
-0.2120358
-0.2071563
-0.2071563
-0.2086205
-0.2230162
-0.2379006
