-1.117519
-1.076527
-1.076527
-1.026996
-1.037
-1.068964
-1.034316
-0.9755128
-0.9179282
-0.8910878
-0.8910878
-0.8769363
-0.8439966
-0.8069086
-0.7717718
-0.7280959
-0.6946676
-0.6946676
-0.6651433
-0.6287882
-0.5855993
-0.5465602
-0.5067882
-0.4779966
-0.4438355
-0.4130927
-0.4130927
-0.3750276
-0.3618518
-0.352824
-0.328912
-0.2796237
-0.2257003
-0.1783648
-0.1783648
-0.1212687
-0.07954396
-0.05416775
-0.0009755891
0.06099999
0.1029674
0.1029674
0.112728
0.1268795
0.1288322
0.1295635
0.1234641
0.1232199
0.1180961
0.1180961
0.1280994
0.1478648
0.1478648
0.1461563
0.1468876
0.1546954
0.1498159
0.1647003
0.1593322
0.1593322
0.1664087
0.1725081
0.1625033
0.16714
0.1676286
0.1871482
0.1871482
0.1739723
0.1315162
0.1239527
0.1207801
0.08906023
0.09271986
0.1022361
0.1022361
0.110044
