-0.8976758
-0.8891366
-0.8630276
-0.8630276
-0.8505845
-0.862052
-0.8708354
-0.8625405
-0.8627848
-0.8637604
-0.8686399
-0.8622963
-0.8622963
-0.8705927
-0.8857197
-0.9174396
-0.9555047
-1.008453
-1.008453
-1.119961
-1.119961
-1.123865
-1.111664
-1.085557
-1.054324
-1.026996
-1.008208
-0.9860047
-0.9860047
-0.9459884
-0.9113402
-0.8896236
-0.8610764
-0.8125194
-0.7803125
-0.8005634
-0.8005634
-0.813008
-0.7444445
-0.6248842
-0.5153273
-0.4321237
-0.3130521
-0.2183795
-0.2183795
-0.1522557
-0.08247229
-0.03879639
-0.01293161
0.02366776
0.08369216
0.1210244
0.1622605
0.1622605
0.1781205
0.2039837
0.2659593
0.3062198
0.2813322
0.2505879
0.2505879
0.2198436
0.1920277
0.1686042
0.1420081
0.1024804
0.07417589
0.07417589
0.04318732
0.02391205
0.009271986
-0.0007313028
-0.01488435
-0.01854397
-0.0263518
-0.0263518
-0.04148043
-0.04514005
-0.04099186
-0.01561565
-0.02391205
-0.02610751
-0.02195931
-0.02195931
-0.0336726
-0.03342832
-0.01195602
0.01756838
-0.01707981
-0.02781596
-0.04221173
