-0.7171155
-0.7288273
-0.7244363
-0.7244363
-0.7117475
-0.7080879
-0.7041839
-0.7027197
-0.6922279
-0.6971074
-0.6971074
-0.7173598
-0.7241921
-0.7134559
-0.7075993
-0.7034526
-0.7044282
-0.7173598
-0.7066237
-0.7066237
-0.71614
-0.7127246
-0.718824
-0.7085764
-0.7093077
-0.7237035
-0.7300487
-0.7300487
-0.7244363
-0.7224836
-0.7144315
-0.7210194
-0.7366366
-0.7356595
-0.7371237
-0.74542
-0.74542
-0.7715276
-0.7776285
-0.8049559
-0.797148
-0.7644526
-0.7644526
-0.7461514
-0.7197996
-0.6980845
-0.68564
-0.6495276
-0.6078044
-0.5507084
-0.4787279
-0.4787279
-0.4452996
-0.4884885
-0.4887312
-0.4831204
-0.4699445
-0.3984527
-0.3623403
-0.3623403
-0.3189087
-0.3057313
-0.2554674
-0.2554674
-0.2357036
-0.2357036
-0.1773876
-0.1773876
-0.1520114
-0.1393241
-0.1324918
-0.1515244
-0.1559153
-0.1200472
-0.1049202
-0.1066286
-0.1066286
-0.1244397
-0.1302964
-0.1342003
-0.1232199
-0.1276123
-0.1276123
-0.1298078
-0.1322476
-0.1141922
-0.1205358
-0.1200472
-0.1163876
-0.1229756
-0.1344446
-0.1344446
-0.1344446
-0.1376156
-0.1507915
-0.1473762
-0.1424967
-0.1454235
-0.1454235
-0.1546954
-0.1610407
-0.1610407
-0.1664087
-0.1749479
-0.1908078
-0.1734837
-0.1995928
-0.2008126
-0.2008126
-0.1834885
-0.1710439
