-0.7729917
-0.752008
-0.752008
-0.7263875
-0.7219966
-0.7183354
-0.7193125
-0.7207767
-0.7207767
-0.7261432
-0.718824
-0.709552
-0.7110162
-0.7373679
-0.7754315
-0.8122767
-0.8720552
-0.8720552
-0.9345194
-1.014308
-1.058472
-1.071404
-1.087508
-1.065304
-0.9957637
-0.9957637
-0.9291514
-0.8539999
-0.7810438
-0.7244363
-0.6914966
-0.6541644
-0.6361074
-0.6361074
-0.5826725
-0.5529038
-0.5219153
-0.4879999
-0.4404201
-0.4184592
-0.3782003
-0.3782003
-0.3079283
-0.2247247
-0.1544527
-0.09784365
-0.03440391
0.006343663
0.07710421
0.07710421
0.145912
0.2305798
0.3098795
0.3584364
0.4030879
0.4030879
0.4404201
0.4621367
0.4560358
0.4318794
0.4060162
0.3808843
0.3564837
0.3242768
0.3242768
0.3379397
0.2674234
0.2278957
0.1910521
0.1566482
0.1527443
0.1527443
0.1568925
