-1.085312
-1.065791
-1.015527
-0.9616041
-0.9315926
-0.9189038
-0.9189038
-0.9001155
-0.9040194
-0.9025568
-0.8710797
-0.8605878
-0.8313077
-0.80764
-0.80764
-0.7934884
-0.7822637
-0.749324
-0.7132116
-0.6761237
-0.6631921
-0.6468436
-0.6361074
-0.6361074
-0.6187833
-0.5814527
-0.5287475
-0.4906839
-0.4570113
-0.4289527
-0.4289527
-0.4021123
-0.3738078
-0.359412
-0.3520927
-0.3281807
-0.3132963
-0.3132963
-0.2898713
-0.2513208
-0.2513208
-0.2232605
-0.1808045
-0.1300521
-0.07149185
-0.001219875
0.04904397
0.04904397
0.07661564
0.09101141
0.09515961
0.1076042
0.1112638
0.1239527
0.1229756
0.1285879
0.1285879
0.1256596
0.1320033
0.1471319
0.1412753
0.1412753
0.1493274
0.1493274
0.1705554
0.1766563
0.1744593
0.1620162
0.173728
0.1776319
0.1808045
0.1808045
0.1893436
0.1893436
0.1908078
0.2005683
0.1993485
0.1934918
0.1934918
0.1927605
0.1847084
0.1790961
0.173728
