-0.9750242
-1.007475
-1.05408
-1.069208
-0.9847832
-0.9018239
-0.7864119
-0.7864119
-0.7134559
-0.7141888
-0.6658761
-0.6075602
-0.6075602
-0.5448517
-0.5124006
-0.4901954
-0.4733599
-0.4362719
-0.3669755
-0.2925554
-0.2632768
-0.2632768
-0.2598599
-0.1930033
-0.1159006
-0.0697834
-0.03977198
-0.02952441
0.0124446
0.1046759
0.1327361
0.1327361
0.1715325
0.2039837
0.2388762
0.2691319
0.3164674
0.3628273
0.4096758
0.4096758
0.4087003
0.4372475
0.4618924
0.5019087
0.5148403
0.554368
0.5072768
0.5072768
0.4909282
0.4823876
0.4982475
