-0.9489167
-0.9440357
-0.9267116
-0.9276887
-0.9408646
-0.9396448
-0.9396448
-0.9459884
-0.9289086
-0.9315926
-0.9398875
-0.9311041
-0.9269559
-0.916464
-0.916464
-0.9223207
-0.9264688
-0.9315926
-0.9374477
-0.9476953
-0.9313484
-0.9340324
-0.937692
-0.937692
-0.9586757
-0.9430601
-0.9296399
-0.9218321
-0.9203679
-0.9203679
-0.9293956
-0.9323239
-0.9328125
-0.9491594
-0.9550161
-0.9513565
-0.9606284
-0.9594086
-0.9594086
-0.9506236
-0.9386676
-0.9242718
-0.9120715
-0.9193923
-0.9311041
-0.9398875
-0.940376
-0.9401318
-0.9379363
-0.9379363
-0.9408646
-0.9274445
-0.9330568
-0.9454998
-0.9523321
-0.9523321
-0.9506236
-0.9501366
-0.9533077
-0.9586757
-0.9686806
-0.9882001
-1.00772
-1.001376
-1.001376
-1.028703
-1.046028
-1.03456
-1.010892
-1.003816
-0.9933239
-0.9933239
-0.9903956
-0.9872246
-0.9903956
-0.9921041
-1.001376
-1.010648
-0.9928353
-0.9928353
-0.9947881
-1.019431
-1.028703
-1.014552
-1.011868
-1.002107
-1.002107
-0.9247604
-0.9247604
-0.8959673
-0.8896236
-0.8586366
-0.8405797
-0.8174005
-0.8115438
-0.8115438
-0.7695764
-0.7642083
-0.7742116
-0.8052002
-0.8042246
-0.7578647
-0.7017442
-0.7017442
-0.6619722
-0.5958484
-0.5372882
-0.5082523
-0.4965406
-0.5014201
-0.5004445
-0.5036156
-0.5036156
-0.5245993
-0.5114234
-0.5426562
-0.554368
-0.5084966
-0.5084966
-0.4872686
-0.4872686
-0.4616481
-0.4233403
-0.3874722
-0.3174445
-0.2747442
-0.2391205
-0.2391205
-0.2125244
-0.1849527
-0.1488404
-0.1071156
-0.09540389
-0.1029674
-0.1029674
-0.1141922
-0.127368
-0.08515632
-0.07027198
-0.08149669
-0.0829593
-0.05709608
-0.0566075
-0.04562863
-0.04562863
-0.06295273
-0.04928825
-0.04635993
-0.05050813
-0.06709937
-0.0607557
-0.0607557
-0.03489248
-0.05563192
-0.07417589
-0.1244397
-0.1490846
-0.1354202
-0.1268795
-0.1571368
-0.1571368
-0.1251726
-0.1251726
-0.08320359
-0.09515961
-0.1310277
-0.1632361
-0.1632361
-0.1944674
-0.1324918
-0.06465962
