-0.9274445
-0.9311041
-0.9311041
-0.9452556
-0.9452556
-0.9406204
-0.9450113
-0.9369607
-0.9433044
-0.9340324
-0.9196366
-0.9196366
-0.8942604
-0.8701041
-0.8559526
-0.8271595
-0.8025162
-0.7842165
-0.7842165
-0.7624999
-0.7624999
-0.7224836
-0.6912523
-0.667096
-0.6500162
-0.6331806
-0.596824
-0.596824
-0.5594918
-0.5033713
-0.4877556
-0.4799478
-0.4496921
-0.4169966
-0.3862524
-0.3862524
-0.3386725
-0.3098795
-0.2896286
-0.2630325
-0.2266759
-0.1873925
-0.1610407
-0.1507915
-0.1329804
-0.1329804
-0.1129723
-0.08198372
-0.05953583
-0.03440391
-0.03074428
-0.02073944
-0.02073944
0.009516273
0.04757981
0.05880453
0.05782738
0.05880453
0.06319545
0.06319545
0.05685179
0.06295273
0.05856024
0.05245931
0.05734036
0.04953254
0.04489577
0.04489577
0.03562378
0.02781596
0.03245273
0.04196744
0.03830782
0.01903255
0.01122472
0.01122472
0.01951956
0.03196416
0.03611235
0.03904068
