-1.039928
-1.033829
-1.026019
-1.025288
-1.019431
-1.010159
-1.00284
-1.00284
-1.004549
-1.015285
-1.015772
-0.9979607
-0.9930797
-1.002352
-1.015285
-1.00894
-1.00894
-1.0004
-0.9842963
-0.9879559
-0.9877115
-0.9945438
-0.9874673
-0.9628239
-0.9628239
-0.9379363
-0.9591643
-1.004549
-1.042368
-1.055057
-1.014308
-0.9372035
-0.9372035
-0.8552197
-0.7747002
-0.7190683
-0.6631921
-0.6546514
-0.6295195
-0.6295195
-0.6019478
-0.5816954
-0.5580276
-0.5285048
-0.4928794
-0.4623794
-0.4360276
-0.4360276
-0.4060162
-0.3813713
-0.3611204
-0.3345244
-0.3335488
-0.326228
-0.3379397
-0.3379397
-0.3508713
-0.3552638
-0.2986563
-0.2588843
-0.2174039
-0.1834885
-0.1654316
-0.1654316
-0.1083355
-0.1022361
-0.09662377
-0.09247557
-0.06880782
-0.05490061
-0.04343161
-0.0395277
-0.0395277
-0.02122801
-0.00561236
0.02684037
0.05563192
