-0.8198403
-0.8374086
-0.8374086
-0.831552
-0.8164234
-0.8086155
-0.8083728
-0.8283794
-0.8469234
-0.8474119
-0.8603435
-0.8754721
-0.8754721
-0.8957246
-0.9232963
-0.9662408
-1.00284
-1.037
-1.024312
-1.024312
-1.004791
-1.041148
-0.9947881
-0.9669721
-0.9535519
-0.8971887
-0.8269168
-0.8269168
-0.7739673
-0.6863713
-0.6173207
-0.5128875
-0.4140683
-0.3440406
-0.3440406
-0.2076433
-0.2076433
-0.1295635
-0.07344458
-0.008296397
0.09979638
0.1988599
0.3272035
0.4487165
0.4487165
0.5280162
0.5707165
0.6104885
0.63928
0.6527002
0.6236644
0.5846237
0.5487556
0.5487556
0.5248436
0.484096
0.4496921
0.4006481
0.3559966
0.2925554
0.2520521
0.2520521
0.2327752
0.2200879
0.2159397
0.1998355
0.2000798
0.2000798
0.1693355
0.1842199
0.2171596
0.1888566
0.1986156
0.1783648
0.1776319
