-0.8881595
-0.8918207
-0.8813273
-0.8813273
-0.8837686
-0.8957246
-0.8988956
-0.8808402
-0.8857197
-0.8813273
-0.8813273
-0.8769363
-0.8583924
-0.8400927
-0.8198403
-0.8042246
-0.7768956
-0.7556676
-0.7556676
-0.7444445
-0.7359038
-0.7071123
-0.6631921
-0.6282996
-0.6090243
-0.5919445
-0.5697393
-0.5697393
-0.5433875
-0.5104478
-0.4701872
-0.4223647
-0.4011367
-0.4011367
-0.3796644
-0.2993876
-0.2993876
-0.2457084
-0.2061807
-0.1722638
-0.1407882
-0.1005277
-0.07076055
-0.07076055
-0.03562378
-0.0002442863
0.004879501
0.01342018
0.01512863
0.01512863
0.006832235
0.009516273
0.03464819
0.05392347
0.04855539
0.03928341
0.051728
0.04001627
0.04001627
0.04392018
0.05075242
0.05294788
0.06051142
0.06587949
0.06587949
