-0.6919836
-0.6934478
-0.6819803
-0.6819803
-0.679052
-0.6805162
-0.688324
-0.688324
-0.7022327
-0.7022327
-0.7022327
-0.7066237
-0.7027197
-0.6944234
-0.6944234
-0.6814917
-0.6814917
-0.7010113
-0.7010113
-0.7629884
-0.7629884
-0.8073956
-0.8149607
-0.8230113
-0.8230113
-0.8420438
-0.8420438
-0.7973924
-0.7973924
-0.7973924
-0.7239478
-0.6112198
-0.6112198
-0.4794608
-0.4794608
-0.4177279
-0.4177279
-0.3799087
-0.3799087
-0.3245195
-0.2908485
-0.2664478
-0.2366807
-0.2205765
-0.1942247
-0.1398126
-0.1398126
-0.09223129
-0.05807167
-0.01293161
0.009271986
0.009271986
0.009271986
0.0558762
0.08418074
0.08418074
0.09881923
0.1251726
0.1398126
0.1437166
0.1437166
0.161772
0.1512801
0.1434723
0.1434723
0.1317605
0.1317605
0.1263925
0.1263925
0.1232199
0.1293192
