-0.7424917
-0.7019885
-0.6527002
-0.6527002
-0.6134152
-0.6134152
-0.6136595
-0.6099999
-0.6282996
-0.6363517
-0.6414755
-0.6636806
-0.68564
-0.7044282
-0.7044282
-0.6939363
-0.6758794
-0.6641676
-0.6563599
-0.6639234
-0.6585553
-0.6561155
-0.6561155
-0.6592882
-0.6573354
-0.6524559
-0.6553842
-0.6729527
-0.6897882
-0.6897882
-0.6892996
-0.679052
-0.6680716
-0.667096
-0.6595324
-0.6595324
-0.6595324
-0.6546514
-0.6495276
-0.6461123
-0.6573354
-0.6646562
-0.6587996
-0.6487963
-0.6480634
-0.6480634
-0.6539201
-0.6629478
-0.6614836
-0.6570927
-0.6573354
-0.6507475
-0.6546514
-0.6546514
-0.6617279
-0.6683158
-0.6678273
-0.6695358
-0.6692914
-0.6692914
-0.6875927
-0.6993044
-0.6993044
-0.6780764
-0.6597767
-0.6531872
-0.6417198
-0.6248842
-0.5977996
-0.5660797
-0.5660797
-0.5487556
-0.5199641
-0.4879999
-0.4579885
-0.4313924
-0.4150439
-0.4150439
-0.383324
-0.3484316
-0.3047557
-0.2962165
-0.2769397
-0.2364364
-0.1915407
-0.1915407
-0.1166319
-0.1166319
-0.1117524
-0.08930452
-0.0558762
-0.03001142
-0.02195931
-0.02537621
-0.04245602
-0.04514005
-0.04514005
-0.03245273
-0.0180554
-0.02684037
-0.03855211
-0.03855211
-0.03025571
-0.02928012
-0.03098857
-0.03147558
-0.02903583
-0.02684037
-0.03098857
-0.03733223
-0.03733223
-0.03928341
-0.04172472
-0.02781596
-0.01488435
-0.03318403
-0.03708794
-0.03708794
-0.04879968
-0.05319216
-0.06831924
-0.06783222
-0.09028011
-0.04172472
-0.04172472
-0.06563676
-0.07124756
