-0.3606319
-0.3640487
-0.3640487
-0.3581921
-0.3581921
-0.3655114
-0.3613647
-0.3586807
-0.3562394
-0.3574592
-0.3574592
-0.3613647
-0.3681954
-0.3642915
-0.3677084
-0.3696596
-0.3733208
-0.3757605
-0.3659999
-0.3659999
-0.3616075
-0.3681954
-0.3757605
-0.3850325
-0.383324
-0.3640487
-0.3391596
-0.3391596
-0.3347687
-0.3525797
-0.362096
-0.4069918
-0.399184
-0.399184
-0.4384674
-0.4384674
-0.4826318
-0.4733599
-0.429684
-0.413824
-0.4008924
-0.4108957
-0.3540439
-0.3540439
-0.2884087
-0.2425358
-0.2064234
-0.1593322
-0.1329804
-0.1178518
-0.1178518
-0.1071156
-0.08808465
-0.05050813
-0.01537136
0.02708466
0.03659937
0.04050328
0.04050328
0.1122394
0.1122394
0.1517687
0.1581123
0.1605521
0.1566482
0.1473762
0.1332247
0.1332247
0.127368
0.1183404
0.1207801
0.1229756
0.1249283
0.1166319
0.1119967
0.1119967
0.1097997
0.1122394
0.1095554
0.1054087
0.1076042
0.1037003
0.09662377
0.09662377
0.09833222
0.09759936
0.1032117
0.0946726
0.08832738
0.07978825
0.07515148
0.07685993
0.07685993
0.07027198
0.07173613
0.06587949
0.05612049
0.04635993
0.04733552
0.04733552
0.0600244
0.0600244
0.05856024
0.05368074
0.04782409
0.0641726
0.07368731
0.06124428
0.06124428
0.03659937
0.001464162
0.04465148
