-0.9677035
-1.03822
-1.03822
-0.9889315
-0.9642881
-0.9855161
-0.9784396
-0.9874673
-0.98942
-0.98942
-1.003329
-1.013332
-1.021384
-1.001376
-0.9891757
-0.9847832
-0.9847832
-0.9818565
-0.9842963
-0.9901513
-0.9938125
-0.9955194
-1.000645
-0.9833207
-0.9833207
-0.9752685
-0.9806366
-0.9947881
-0.9991806
-0.9918598
-0.9779526
-0.9633125
-0.9633125
-0.9652637
-0.9550161
-0.9411073
-0.909876
-0.8788875
-0.8571725
-0.8408239
-0.8405797
-0.8405797
-0.8176448
-0.7747002
-0.7432246
-0.7515194
-0.7554234
-0.749324
-0.7539607
-0.7390764
-0.7390764
-0.71492
-0.6963761
-0.6722198
-0.6341562
-0.5860879
-0.5685195
-0.5685195
-0.5790113
-0.5680324
-0.5272833
-0.4621367
-0.4082117
-0.3716123
-0.3357442
-0.3357442
-0.3079283
-0.2725488
-0.2366807
-0.2142313
-0.1915407
-0.1654316
-0.1483518
-0.1483518
-0.133956
-0.1190717
-0.1117524
-0.08247229
-0.04855539
-0.03977198
-0.03781925
-0.03781925
-0.02757167
-0.007563538
0.04245602
0.04221173
0.02903583
0.02244788
0.02244788
0.03269546
0.07051627
