-0.08979154
-0.1451807
-0.1991042
-0.1991042
-0.2654723
-0.3193957
-0.3428208
-0.3845439
-0.4789722
-0.5724234
-0.6353761
-0.688324
-0.688324
-0.7412719
-0.7790927
-0.7922686
-0.8154477
-0.8422881
-0.8708354
-0.8810845
-0.8810845
-0.8857197
-0.885964
-0.9240276
-0.9752685
-1.017725
-1.031145
-1.031145
-1.035291
-1.027484
-1.020651
-1.032852
-1.047247
-1.038708
-1.031632
-1.031632
-1.014063
-1.009672
-1.014552
-1.047005
-1.057739
-1.042612
-1.026752
-1.042368
-1.042368
-1.061645
-1.069208
-1.069208
-1.057008
-1.047005
-1.034804
-1.029681
-1.026508
-1.026508
-1.049444
-1.088972
-1.098488
-1.063352
-0.998692
-0.9279315
-0.8869396
-0.8869396
-0.8596122
-0.8154477
-0.7532279
-0.7007686
-0.6487963
-0.6487963
-0.6075602
-0.5775487
-0.5702279
-0.5773044
-0.5431433
-0.5089837
-0.4711644
-0.4116286
-0.38064
-0.3406237
-0.3406237
-0.3140276
-0.2867003
-0.2718159
-0.2444885
-0.2117915
-0.1710439
-0.1710439
-0.1342003
-0.1049202
-0.05709608
-0.01512863
0.01073615
0.02513192
0.02513192
0.0600244
0.08930452
0.08784036
0.08515632
0.09149998
0.1037003
0.103456
0.103456
0.08906023
0.08662049
0.06880782
0.06514819
0.0732003
0.09393974
0.1049202
0.1263925
0.1263925
