-0.6961318
-0.679052
-0.679052
-0.6875927
-0.6478207
-0.6478207
-0.6575797
-0.6575797
-0.6663647
-0.6829559
-0.6885683
-0.6871041
-0.7039396
-0.7007686
-0.7007686
-0.6927165
-0.6734396
-0.6685601
-0.6763679
-0.6788077
-0.6878354
-0.6863713
-0.6863713
-0.6827116
-0.6805162
-0.6902767
-0.6973517
-0.6980845
-0.679052
-0.6802719
-0.6802719
-0.6814917
-0.6802719
-0.6839315
-0.6878354
-0.6914966
-0.6944234
-0.6944234
-0.691008
-0.6863713
-0.68442
-0.68564
-0.6810048
-0.6832002
-0.6934478
-0.7000358
-0.694912
-0.694912
-0.6868598
-0.6932035
-0.6983273
-0.7010113
-0.6890553
-0.6936921
-0.6961318
-0.7044282
-0.7044282
-0.7146758
-0.7283403
-0.7383435
-0.7241921
-0.7163842
-0.7266318
-0.7266318
-0.7498125
-0.7498125
-0.7300487
-0.7112604
-0.6990601
-0.6927165
-0.6749038
-0.6749038
-0.6580683
-0.6448924
-0.6224445
-0.5785243
-0.542412
-0.5038599
-0.4833647
-0.4833647
-0.4709201
-0.4672605
-0.4179722
-0.3611204
-0.3267165
-0.3215927
-0.3147605
-0.3147605
-0.2474153
-0.2388762
-0.2195993
-0.1886123
-0.1869039
-0.1132166
-0.1132166
-0.1217557
-0.1305407
-0.1110195
-0.1056515
-0.0946726
-0.08051955
-0.0829593
-0.0829593
-0.08759607
-0.08466775
-0.08125241
-0.07954396
-0.08540061
-0.1017476
-0.1105325
-0.1132166
-0.1132166
-0.1054087
-0.1049202
-0.1176075
-0.1295635
-0.1439593
-0.1495717
-0.1495717
-0.1429837
-0.1429837
-0.1420081
-0.1566482
-0.1761677
-0.176412
-0.1468876
-0.1810472
-0.1810472
