-0.909876
-0.8598565
-0.8439966
-0.8439966
-0.8371643
-0.8415568
-0.8415568
-0.8281366
-0.8044673
-0.801052
-0.801052
-0.8361887
-0.8530242
-0.8542442
-0.8747393
-0.8881595
-0.9269559
-0.9730715
-0.9730715
-0.9796594
-0.9472083
-0.9081676
-0.8798646
-0.8496073
-0.8347246
-0.7729917
-0.6319607
-0.5072768
-0.4740927
-0.4740927
-0.4496921
-0.4528647
-0.3921075
-0.2640081
-0.1407882
-0.05953583
-0.05953583
0.002439751
0.05075242
0.1549397
0.2547361
0.2762084
0.2745
0.2745
0.3142719
0.3174445
0.3481873
0.3557524
0.3711237
0.3767361
0.3767361
0.3894234
0.4269999
0.4562801
0.4243159
0.3874722
0.3679527
0.3599006
0.4067475
0.4067475
