-0.82228
-0.8635162
-0.92842
-0.9120715
-0.9054836
-0.9559917
-1.002352
-0.8447279
-0.8447279
-0.8447279
-0.8847442
-0.8662001
-0.8625405
-0.9091448
-0.9118288
-0.9118288
-0.9289086
-0.9289086
-0.8913321
-0.8913321
-0.8920634
-0.9242718
-0.9242718
-0.9254917
-0.9254917
-0.8820601
-0.895236
-0.9064607
-0.909876
-0.8927963
-0.8927963
-0.9154884
-0.9154884
-0.9154884
-0.9518435
-0.9518435
-0.9855161
-0.9991806
-0.9808794
-0.9730715
-0.9789281
-0.9789281
-0.9789281
-0.9950324
-0.9662408
-0.9662408
-0.9662408
