-0.3506286
-0.3591677
-0.3394039
-0.3294006
-0.3294006
-0.3001204
-0.3001204
-0.2923126
-0.3428208
-0.3879592
-0.3764918
-0.4770195
-0.4770195
-0.4714087
-0.4777524
-0.5148403
-0.5275276
-0.5350927
-0.5319201
-0.5294803
-0.5470487
-0.5470487
-0.5899917
-0.6446481
-0.7246806
-0.7500553
-0.7234607
-0.7234607
-0.7041839
-0.6727083
-0.6727083
-0.7073565
-0.7293158
-0.7293158
-0.749324
-0.749324
-0.7820194
-0.7990993
-0.80642
-0.8288679
-0.8525357
-0.8906008
-0.9040194
-0.8847442
-0.8793761
-0.8793761
-0.862052
-0.8637604
-0.8552197
-0.8535113
-0.8596122
-0.8784005
-0.8720552
-0.8720552
-0.8659559
-0.83814
-0.8415568
-0.8442393
-0.843508
-0.8471676
-0.8542442
-0.8542442
-0.9020683
-0.9020683
-0.9084119
-0.9184167
-0.9274445
-0.9340324
-0.9315926
-0.91378
-0.91378
-0.9096318
-0.9054836
-0.9103646
-0.9096318
-0.9186594
-0.9052393
-0.9052393
-0.9052393
-0.9198794
-0.9103646
-0.919148
-0.9357393
-0.9486725
