-0.8400927
-0.83692
-0.8234999
-0.8234999
-0.8139836
-0.8139836
-0.8137393
-0.8137393
-0.80642
-0.8164234
-0.8234999
-0.80642
-0.8183761
-0.8232556
-0.8059315
-0.8059315
-0.7969038
-0.8169119
-0.8266725
-0.8374086
-0.8417996
-0.8310634
-0.8310634
-0.8278924
-0.831552
-0.8183761
-0.8091041
-0.8195959
-0.831552
-0.831552
-0.83814
-0.83814
-0.8191074
-0.8264282
-0.8254526
-0.8230113
-0.8298435
-0.8098354
-0.824964
-0.8357002
-0.8357002
-0.8371643
-0.8354559
-0.8357002
-0.8178875
-0.8291122
-0.8291122
-0.7537165
-0.8198403
