-0.5431433
-0.5531481
-0.5531481
-0.5590048
-0.5651041
-0.5760846
-0.5780358
-0.5902361
-0.5860879
-0.5926758
-0.5814527
-0.5814527
-0.5863321
-0.5934086
-0.5987768
-0.5909674
-0.6092686
-0.6282996
-0.6282996
-0.6395243
-0.6436725
-0.6453794
-0.6463565
-0.6651433
-0.6651433
-0.688324
-0.7039396
-0.7141888
-0.7141888
-0.7334641
-0.7334641
-0.752008
-0.7671366
-0.7688435
-0.7688435
-0.7761644
-0.7803125
-0.7803125
-0.801052
-0.8154477
-0.82228
-0.8339917
-0.8508288
-0.8574167
-0.8742523
-0.8742523
-0.8927963
-0.8810845
-0.8908435
-0.8915763
-0.8906008
-0.8906008
-0.9147556
-0.9147556
-0.9018239
-0.8976758
-0.9218321
-0.9015797
-0.9110959
-0.9110959
-0.9389119
-0.9852718
-0.9808794
-0.9918598
-0.9921041
-0.9879559
-1.0004
-1.009672
-1.009672
-1.007964
-0.9923484
-0.9877115
-0.9718516
-0.9764884
-0.9752685
-0.9752685
-0.9623353
-0.9623353
-0.968192
-0.9457442
-0.9847832
-1.009184
-0.998692
-0.998692
-0.9942995
-0.9662408
