-0.5541237
-0.5902361
-0.6012165
-0.6012165
-0.5958484
-0.6068273
-0.6019478
-0.6139038
-0.6065845
-0.6068273
-0.6068273
-0.6182963
-0.6397686
-0.6534315
-0.6544086
-0.6519673
-0.6849086
-0.6941806
-0.6941806
-0.7039396
-0.7237035
-0.7241921
-0.7432246
-0.7744559
-0.7793354
-0.7742116
-0.77714
-0.77714
-0.797148
-0.8044673
-0.8088598
-0.8066643
-0.8244755
-0.8244755
-0.8339917
-0.864736
-0.864736
-0.8649803
-0.8866953
-0.9057279
-0.9145113
-0.9135357
-0.9198794
-0.9198794
-0.9201236
-0.9215878
-0.9186594
-0.9206122
-0.9203679
-0.9203679
-0.9545276
-0.9642881
-0.9759998
-0.9872246
-0.98942
-0.9811236
-0.9901513
-0.9945438
-0.9945438
-0.986736
-0.9899086
-0.9769754
-0.9903956
-0.9908842
-0.9908842
