-0.8871839
-0.9228077
-0.9533077
-0.9459884
-0.8927963
-0.8927963
-0.8840113
-0.8969445
-0.9210992
-0.9210992
-0.9010926
-0.9010926
-0.8522914
-0.8522914
-0.9106073
-0.9106073
-0.9401318
-0.970876
-0.9784396
-0.9699005
-0.9699005
-0.9389119
-0.8971887
-0.8703484
-0.8703484
-0.9128044
-0.9223207
-0.9223207
-0.8852327
-0.9152442
-0.9152442
-0.8608321
-0.8608321
-0.8681514
-0.9006041
-0.9142686
-0.9142686
-0.9135357
-0.9135357
-0.9359836
-0.9359836
-0.9357393
-0.9433044
-0.9240276
-0.9276887
-0.9545276
-0.965508
-0.9816122
-0.9689233
-0.9850276
-1.000645
