-0.3184201
-0.3162247
-0.2915798
-0.2915798
-0.3145162
-0.3972313
-0.3647801
-0.3010961
-0.3311075
-0.4809234
-0.4809234
-0.572912
-0.5621758
-0.542412
-0.5353354
-0.5311888
-0.5580276
-0.5592475
-0.5592475
-0.5841367
-0.6195162
-0.6065845
-0.5982882
-0.5885276
-0.6370845
-0.6509917
-0.5921888
-0.5921888
-0.5841367
-0.6470879
-0.7112604
-0.7459086
-0.7920243
-0.8364315
-0.8364315
-0.8466806
-0.8732767
-0.8986514
-0.8881595
-0.8769363
-0.8949917
-0.8962116
-0.8962116
-0.8788875
-0.8283794
-0.8696155
-0.8644917
-0.8579038
-0.8274038
-0.8247197
-0.8247197
-0.855464
-0.8469234
-0.8510715
-0.8662001
-0.8930405
-0.9118288
-0.8976758
-0.8976758
-0.9064607
-0.9079233
-0.937692
-0.9235405
-0.9733158
-0.9791725
-0.9799038
-0.9799038
