-0.6744168
-0.6617279
-0.648552
-0.6378158
-0.6378158
-0.6463565
-0.6631921
-0.6651433
-0.6507475
-0.6502604
-0.6502604
-0.6517246
-0.6566041
-0.6566041
-0.6536758
-0.6600195
-0.6666074
-0.6741725
-0.6875927
-0.7041839
-0.697596
-0.697596
-0.6724641
-0.6587996
-0.657824
-0.6900324
-0.7012556
-0.7017442
-0.7259005
-0.7200438
-0.7200438
-0.7507882
-0.7783598
-0.7712833
-0.7446887
-0.7476155
-0.7847035
-0.8261839
-0.8261839
-0.8430194
-0.8317963
-0.8252083
-0.8349673
-0.855464
-0.8691285
-0.8691285
-0.8513158
-0.8688842
-0.888648
-0.8701041
-0.8561953
-0.8535113
-0.8725438
-0.8923077
-0.8923077
-0.9018239
-0.8896236
-0.8701041
-0.8837686
-0.8927963
-0.9001155
-0.9008484
-0.9018239
-0.9018239
-0.9049966
-0.9042637
-0.8954803
-0.8866953
-0.8866953
-0.8918207
-0.8918207
-0.9020683
-0.9006041
-0.8974315
-0.8893794
-0.8808402
-0.8808402
-0.8959673
-0.8888924
-0.8930405
-0.888648
-0.8844998
