-0.4799478
-0.4467638
-0.4609153
-0.4794608
-0.4794608
-0.4904397
-0.50264
-0.50264
-0.5109364
-0.5199641
-0.5397279
-0.5548565
-0.6043875
-0.6475764
-0.6609966
-0.6412327
-0.6412327
-0.6336676
-0.6817361
-0.7124803
-0.7256562
-0.7276074
-0.7354168
-0.7315113
-0.7678679
-0.7678679
-0.8349673
-0.8654673
-0.8547327
-0.8357002
-0.8417996
-0.8252083
-0.8252083
-0.7934884
-0.8056887
-0.7944641
-0.8071514
-0.8266725
-0.8149607
-0.8144721
-0.8144721
-0.8159363
-0.8156921
-0.8298435
-0.8535113
-0.8962116
-0.8818158
-0.8891366
-0.8891366
-0.9042637
-0.9279315
