-0.5714478
-0.5572963
-0.5799885
-0.5873078
-0.5992637
-0.6002393
-0.6002393
-0.6021921
-0.6168321
-0.627324
-0.6307393
-0.6487963
-0.6580683
-0.6636806
-0.6673403
-0.6673403
-0.688324
-0.6880797
-0.6788077
-0.6727083
-0.6705113
-0.6751481
-0.6714885
-0.6714885
-0.6866155
-0.7044282
-0.7217523
-0.7180927
-0.7324885
-0.7566448
-0.7671366
-0.7671366
-0.7749445
-0.7817767
-0.7678679
-0.7725047
-0.7854363
-0.8030047
-0.8030047
-0.8310634
-0.8081285
-0.8139836
-0.8188646
-0.8503402
-0.8666887
-0.8625405
-0.8625405
-0.8803517
-0.8803517
-0.8793761
-0.888648
-0.8852327
-0.8869396
-0.8874282
-0.9037767
-0.9037767
-0.9171953
-0.9306155
-0.9354966
-0.9523321
-0.9718516
-0.9828321
-0.9711204
-0.9821008
-0.9821008
-0.9862474
-0.9816122
-0.9772197
-0.9679477
-0.9642881
-0.9813679
-0.9813679
-0.9701447
-0.9701447
-0.9628239
-0.9420845
-0.9537963
-0.9608728
-0.9723402
-0.9723402
-0.9921041
-0.9686806
-0.9545276
-0.9413517
