-0.4348077
-0.4201677
-0.3940602
-0.3940602
-0.3979641
-0.3906433
-0.3857638
-0.3725879
-0.3599006
-0.3708794
-0.3742963
-0.3681954
-0.3681954
-0.3962556
-0.4392003
-0.4477394
-0.4860487
-0.5206954
-0.5482686
-0.5568078
-0.5568078
-0.5956041
-0.6361074
-0.6490406
-0.6209803
-0.6263484
-0.6187833
-0.5858436
-0.5858436
-0.5829168
-0.6056074
-0.6553842
-0.7000358
-0.7410276
-0.7546921
-0.7546921
-0.7683565
-0.7595716
-0.7373679
-0.7185797
-0.7354168
-0.7671366
-0.7847035
-0.8120324
-0.8120324
-0.8349673
-0.8625405
-0.8918207
-0.9049966
-0.91378
-0.9071921
-0.9008484
-0.9008484
-0.888648
-0.8871839
-0.8871839
-0.8930405
-0.8791318
-0.8947474
-0.919148
-0.919148
-0.9445242
-0.9245161
-0.9498923
-0.970876
-0.9796594
-0.9699005
-0.9833207
-0.9879559
-0.9879559
-0.9852718
-0.9825878
-0.9791725
-0.9672164
-0.9608728
-0.9606284
-0.9606284
-0.9550161
-0.9623353
-0.9557474
-0.9513565
-0.9423288
-0.9598956
-0.9598956
-0.9718516
-0.9701447
-0.9823435
-0.9794167
-0.9869803
-1.001376
-0.9938125
-0.9938125
-0.9923484
-0.9901513
-0.98942
-0.9845405
-0.9723402
-0.9879559
-0.9740487
-0.9784396
-0.9821008
-0.9821008
-0.9816122
-0.9925926
-0.9862474
-0.9816122
-0.9821008
-0.9991806
-0.9991806
-0.9977164
-0.9947881
-0.9940552
-0.9886887
-0.9874673
-0.9923484
-0.9906399
-0.9906399
-0.9823435
-0.9786839
-0.9764884
-0.9784396
-0.9789281
-0.9838077
-0.9838077
-0.9925926
-0.9925926
-0.9984477
-0.9964966
-0.9840519
-0.9889315
-0.9889315
-0.9828321
-0.9879559
-0.9879559
-0.98942
-0.9874673
-0.9886887
-0.9964966
-0.9933239
-0.9938125
-0.9938125
-0.9847832
-0.9877115
-0.9796594
-0.9664836
-0.9740487
-0.97478
-0.97478
