-0.6043875
-0.6007279
-0.6085358
-0.6085358
-0.6165879
-0.6158565
-0.6168321
-0.6241514
-0.6158565
-0.6131725
-0.6131725
-0.6092686
-0.5985324
-0.6131725
-0.6256155
-0.6295195
-0.6387914
-0.6363517
-0.6263484
-0.6263484
-0.6085358
-0.6068273
-0.6195162
-0.6319607
-0.6346433
-0.6280553
-0.6239086
-0.6239086
-0.6351318
-0.6378158
-0.62464
-0.6068273
-0.5907246
-0.606096
-0.6417198
-0.6734396
-0.6734396
-0.6739282
-0.6436725
-0.633912
-0.6390358
-0.6609966
-0.6609966
-0.6634364
-0.6546514
-0.63928
-0.6309837
-0.6478207
-0.6595324
-0.709552
-0.7317556
-0.7317556
-0.7637197
-0.7629884
-0.7439559
-0.7383435
-0.7751887
-0.7954396
-0.7983679
-0.7983679
-0.8039803
-0.8325276
-0.8415568
-0.8415568
-0.83814
-0.83814
-0.8454607
-0.8454607
-0.86742
-0.8788875
-0.8730324
-0.8622963
-0.8349673
-0.8542442
-0.8776676
-0.8974315
-0.8974315
-0.8915763
-0.8771806
-0.8627848
-0.8884038
-0.8949917
-0.8949917
-0.8818158
-0.8844998
-0.8732767
-0.8744966
-0.8852327
-0.8935276
-0.8942604
-0.8791318
-0.8791318
-0.8762035
-0.8749836
-0.8815715
-0.8857197
-0.8754721
-0.8649803
-0.8649803
-0.8784005
-0.892552
-0.892552
-0.8969445
-0.8866953
-0.8713239
-0.8703484
-0.8737637
-0.8805959
-0.8805959
-0.8927963
-0.8788875
