-0.6495276
-0.6553842
-0.6553842
-0.6734396
-0.679052
-0.6817361
-0.6817361
-0.6685601
-0.6587996
-0.6592882
-0.6675845
-0.6729527
-0.6695358
-0.6602637
-0.6602637
-0.6717327
-0.66978
-0.6656318
-0.6573354
-0.6583126
-0.6717327
-0.6814917
-0.6814917
-0.6744168
-0.6688044
-0.6746595
-0.6788077
-0.6966204
-0.7007686
-0.7083321
-0.7056481
-0.7056481
-0.6841758
-0.6634364
-0.6636806
-0.6829559
-0.7061366
-0.7097963
-0.7097963
-0.7032083
-0.6985716
-0.7141888
-0.7151644
-0.7190683
-0.742736
-0.7725047
-0.7695764
-0.7788484
-0.7788484
-0.7881204
-0.77714
-0.7712833
-0.7820194
-0.8093484
-0.8335047
-0.8335047
-0.8515601
-0.843508
-0.8261839
-0.8025162
-0.7986122
-0.8132523
-0.831552
-0.831552
-0.8422881
-0.8520487
-0.855464
-0.8520487
-0.8725438
-0.8784005
-0.8766921
-0.8766921
-0.8627848
-0.8683956
-0.8720552
-0.8654673
-0.8649803
-0.8676643
-0.86742
-0.8605878
-0.8603435
-0.8603435
-0.8691285
-0.8715683
-0.8688842
-0.8691285
-0.8715683
-0.8796204
-0.8796204
-0.8705927
-0.8708354
-0.8664445
-0.8701041
-0.8881595
