-0.4838517
-0.5189885
-0.5236237
-0.5236237
-0.5170358
-0.4767767
-0.4452996
-0.4860487
-0.5433875
-0.5826725
-0.5826725
-0.6053647
-0.6292768
-0.6363517
-0.6319607
-0.6380602
-0.6846644
-0.7546921
-0.7451758
-0.7451758
-0.664412
-0.596824
-0.5970683
-0.7071123
-0.7190683
-0.6841758
-0.7197996
-0.7197996
-0.718824
-0.718824
-0.7193125
-0.7610357
-0.7878761
-0.8120324
-0.8417996
-0.8681514
-0.8681514
-0.8932848
-0.9042637
-0.9242718
-0.9296399
-0.940376
-0.9547718
-0.9547718
-0.9933239
-0.9933239
-1.004304
-1.00162
-0.9942995
-0.9789281
-0.9706318
-0.9706318
-0.9686806
-0.9691676
-0.9677035
-0.97478
-0.9855161
-0.9852718
-0.9803923
-0.9803923
-0.9679477
-0.9572116
-0.9579445
