-0.3464804
-0.3145162
-0.3145162
-0.3455032
-0.3823484
-0.377956
-0.377956
-0.3684397
-0.3908876
-0.3877165
-0.3864966
-0.4265113
-0.4482279
-0.4936123
-0.5165488
-0.5165488
-0.5263078
-0.5263078
-0.5895048
-0.627324
-0.660508
-0.6478207
-0.6727083
-0.6832002
-0.6832002
-0.7219966
-0.7410276
-0.7212637
-0.7251676
-0.7573761
-0.7722604
-0.7537165
-0.7410276
-0.7495683
-0.7886074
-0.7886074
-0.8261839
-0.8403354
-0.8310634
-0.8361887
-0.8681514
-0.8681514
-0.8942604
-0.9140242
-0.9130487
-0.9174396
-0.9084119
-0.9347637
-0.9293956
-0.9293956
-0.9611155
-0.9864917
-1.014552
