-0.6234201
-0.6202475
-0.6202475
-0.6270797
-0.6280553
-0.6168321
-0.6156123
-0.6156123
-0.6251285
-0.6109755
-0.5997523
-0.6056074
-0.6053647
-0.6102442
-0.6336676
-0.6336676
-0.6783207
-0.6983273
-0.7256562
-0.7359038
-0.7729917
-0.7790927
-0.7790927
-0.7483484
-0.7483484
-0.7302914
-0.7158957
-0.71492
-0.7083321
-0.7075993
-0.7029641
-0.6736839
-0.6736839
-0.6627035
-0.6995487
-0.7119917
-0.7168728
-0.7390764
-0.7439559
-0.7383435
-0.7376122
-0.7376122
-0.7315113
-0.7017442
-0.6595324
-0.6422083
-0.6414755
-0.6414755
-0.6487963
-0.6600195
-0.7380993
-0.8408239
-0.9220763
-0.9454998
-1.009917
-1.009917
-1.005769
-0.9921041
-0.9855161
-0.9803923
-0.9733158
-0.9545276
-0.9518435
-0.9530634
-0.9530634
-0.9928353
-0.9223207
-0.9201236
-0.925736
-0.8984086
-0.8984086
