-0.3984527
-0.4035765
-0.4035765
-0.4072361
-0.4116286
-0.3864966
-0.3703924
-0.3599006
-0.3520927
-0.3520927
-0.3433078
-0.3398924
-0.3286677
-0.3398924
-0.3433078
-0.3359885
-0.3359885
-0.3469674
-0.3586807
-0.3738078
-0.3869837
-0.3989397
-0.4025993
-0.4135797
-0.4135797
-0.4267556
-0.4467638
-0.4648207
-0.4677475
-0.4675048
-0.4731156
-0.4865358
-0.4865358
-0.5048354
-0.5236237
-0.5336285
-0.5382637
-0.551684
-0.5807198
-0.6048761
-0.5934086
-0.5934086
-0.5809641
-0.6134152
-0.6522116
-0.6688044
-0.667096
-0.6675845
-0.6663647
-0.6614836
-0.6614836
-0.6736839
-0.6792963
-0.6973517
-0.7139445
-0.7285845
-0.749324
-0.749324
-0.7615243
-0.7588403
-0.7805552
-0.8005634
-0.8252083
-0.8330162
-0.8464363
-0.8464363
-0.8569282
-0.8764477
-0.8891366
-0.8854755
-0.8915763
-0.9113402
-0.9162197
-0.9162197
-0.9162197
-0.9215878
-0.9264688
-0.9325683
-0.9567246
-0.9630682
-0.9711204
-0.9711204
-0.9584315
-0.949648
-0.9503794
-0.9450113
-0.9525763
-0.9476953
-0.9476953
-0.9586757
-0.9581887
