-0.4060162
-0.4482279
-0.4482279
-0.4433484
-0.4467638
-0.4640879
-0.4916596
-0.4916596
-0.4879999
-0.5082523
-0.5436319
-0.5380195
-0.5228924
-0.5585162
-0.6112198
-0.6112198
-0.6190276
-0.6353761
-0.6775879
-0.7278517
-0.6912523
-0.7195553
-0.7805552
-0.77714
-0.77714
-0.8059315
-0.8327718
-0.8154477
-0.8391155
-0.8654673
-0.8681514
-0.8666887
-0.8510715
-0.8510715
-0.8149607
-0.8230113
-0.8164234
-0.8117881
-0.8239884
-0.8332604
-0.8332604
-0.85278
-0.8525357
-0.8679086
-0.8771806
-0.8813273
-0.9006041
-0.8949917
-0.9518435
-0.9518435
-0.9301285
-0.9547718
-0.9730715
-0.9933239
