-0.6954005
-0.6919836
-0.6919836
-0.7078435
-0.7154086
-0.7222393
-0.71492
-0.718824
-0.7156514
-0.7083321
-0.7083321
-0.6929607
-0.6919836
-0.7032083
-0.7058924
-0.7176041
-0.71492
-0.71492
-0.7075993
-0.7119917
-0.7115048
-0.7049168
-0.7027197
-0.6995487
-0.7061366
-0.7102833
-0.7102833
-0.7080879
-0.7071123
-0.7049168
-0.7078435
-0.7100406
-0.7141888
-0.7044282
-0.7146758
-0.7178484
-0.7178484
-0.7193125
-0.7222393
-0.7444445
-0.7583517
-0.76128
-0.76128
-0.7463956
-0.7481041
-0.77592
-0.7895845
-0.7729917
-0.7132116
-0.6778321
-0.7598158
-0.7598158
-0.8225242
-0.8061758
-0.7805552
-0.7817767
-0.803736
-0.8205715
-0.8205715
-0.8213044
-0.8305764
-0.8500959
-0.8720552
-0.8945047
-0.8962116
-0.888648
-0.888648
-0.8888924
-0.8813273
-0.9120715
-0.9262246
-0.9433044
-0.9425715
-0.9489167
-0.9564803
-0.9706318
-0.9706318
-0.9608728
-0.9745357
-0.9745357
-0.9811236
-0.9716073
-0.9716073
-0.9696562
-0.9869803
-0.9750242
-0.956236
-0.9516008
-0.9637995
-0.9637995
-0.9696562
-0.9720959
-0.9611155
-0.9528207
-0.9520878
-0.9408646
-0.9408646
-0.9530634
-0.9530634
-0.9491594
-0.9474526
-0.9447685
-0.9408646
-0.9537963
-0.9550161
-0.9415959
-0.9415959
-0.9320797
