-0.8766921
-0.7742116
-0.7742116
-0.7795797
-0.7966595
-0.8320405
-0.8400927
-0.8635162
-0.8635162
-0.8293565
-0.8293565
-0.8403354
-0.8215487
-0.8171562
-0.8313077
-0.8269168
-0.8286237
-0.8286237
-0.8234999
-0.8293565
-0.8408239
-0.8662001
-0.8310634
-0.8047116
-0.8220357
-0.8220357
-0.8213044
-0.8213044
-0.8088598
-0.8169119
-0.8086155
-0.8227686
-0.8430194
-0.8430194
-0.8566839
-0.8425324
-0.8278924
-0.8213044
-0.8178875
-0.8091041
-0.8181318
-0.8181318
-0.8193517
-0.8227686
-0.8283794
-0.8354559
-0.8200845
-0.8256953
-0.8205715
-0.7783598
-0.7783598
-0.7751887
-0.8081285
-0.8603435
-0.8927963
-0.8762035
-0.8566839
-0.8566839
-0.9454998
-1.015772
-1.015772
-1.006013
-1.003572
-0.888648
-0.8866953
-0.86742
-0.8588794
-0.8588794
-0.8474119
-0.8237442
-0.8056887
-0.7990993
-0.831552
-0.831552
-0.8403354
-0.8359445
-0.779824
-0.7593273
-0.7429803
-0.7951953
-0.827648
-0.827648
-0.8918207
-0.8579038
-1.012843
-1.041148
-1.029681
-1.031632
-1.029923
-1.012357
-0.9896643
-0.9896643
-0.9635568
-0.9420845
-0.9391562
-0.9481839
-0.9794167
-0.9735601
-0.95892
-0.95892
-0.9540405
-0.940376
-0.996008
-1.007475
-1.017725
-1.006256
-0.9969836
-0.9969836
-0.9955194
-1.005524
-0.9911284
-0.9833207
-0.9620926
-0.9498923
-0.9498923
-0.9689233
-0.9899086
-0.9711204
-0.9667279
-0.977464
-0.9803923
-1.00772
-1.00772
-1.031145
-0.9994233
-1.000156
-0.977464
-0.9179282
-1.05042
-1.05042
-1.075552
-1.075552
-0.9933239
