-0.4047963
-0.4065048
-0.3964999
-0.3964999
-0.4604282
-0.4465195
-0.3284234
-0.38064
-0.4199234
-0.4199234
-0.4409087
-0.4187035
-0.3928403
-0.3921075
-0.392596
-0.3769804
-0.3769804
-0.3711237
-0.4069918
-0.4160195
-0.3913761
-0.3742963
-0.4394445
-0.4967833
-0.4701872
-0.4701872
-0.4743355
-0.5414364
-0.6507475
-0.6836888
-0.6770993
-0.6814917
-0.7127246
-0.7127246
-0.6922279
-0.6766123
-0.667096
-0.6361074
-0.6495276
-0.6858842
-0.7063794
-0.6927165
-0.6927165
-0.6766123
-0.6470879
-0.6612393
-0.6978403
-0.7417604
-0.7581074
-0.7768956
-0.7768956
-0.8034917
-0.8237442
-0.8557083
-0.8557083
-0.8869396
-0.8759607
-0.8715683
-0.8715683
-0.8576595
-0.8410683
-0.8339917
-0.8508288
-0.8579038
-0.8771806
-0.8771806
-0.8713239
-0.8630276
-0.8805959
-0.8730324
-0.8679086
-0.8888924
-0.8935276
-0.8935276
-0.8752279
-0.8635162
-0.86742
-0.8815715
-0.8888924
-0.9081676
-0.9420845
-0.9420845
-0.9767327
-0.9999119
-1.047492
-0.9813679
-0.9762442
-0.9738044
-0.977464
-0.977464
