-0.1044316
-0.1027247
-0.1027247
-0.1017476
-0.1178518
-0.133956
-0.1634804
-0.1739723
-0.1727524
-0.1727524
-0.1707997
-0.1529886
-0.1300521
-0.1171205
-0.1239527
-0.1224886
-0.1224886
-0.1139479
-0.09369545
-0.1012605
-0.1117524
-0.1156563
-0.1232199
-0.1129723
-0.1129723
-0.1132166
-0.1168762
-0.1178518
-0.115412
-0.1210244
-0.1110195
-0.10614
-0.10614
-0.1068713
-0.1037003
-0.1010163
-0.1097997
-0.1300521
-0.1217557
-0.0863762
-0.05270359
-0.05270359
-0.07832409
-0.07588433
-0.03879639
-0.02318074
0.009760559
0.04831266
0.04782409
0.03635664
0.03635664
0.01268733
0.02537621
0.05612049
0.07222471
0.0641726
0.04709123
0.04709123
0.03733223
0.04757981
0.06368402
0.08588763
0.1076042
0.09881923
0.09589247
0.09589247
0.08906023
0.08759607
0.09393974
0.1039446
0.1068713
0.1073599
0.1044316
0.1044316
0.1066286
0.1017476
0.1012605
0.1076042
0.1027247
0.08491204
0.07954396
0.07954396
0.1102882
0.1424967
0.1712882
0.1498159
0.1263925
0.127368
0.127368
0.1363958
0.1864153
