0.05123943
0.07612862
0.07612862
0.140544
0.140544
0.1461563
0.1071156
0.08930452
0.08832738
0.1198045
0.09003583
0.09003583
0.07783552
0.08051955
0.1024804
0.131272
0.133956
0.1346873
0.1346873
0.1442036
0.1442036
0.1520114
0.1690928
0.1851954
0.2003241
0.2005683
0.1793403
0.1793403
0.2059364
0.2274087
0.2257003
0.2193566
0.2496123
0.2659593
0.2432687
0.2432687
0.2381433
0.2620554
0.2762084
0.2688876
0.2410716
0.2723045
0.3206156
0.3213485
0.2959723
0.2959723
0.2566873
0.2786482
0.2813322
0.2530276
0.2454641
0.2857247
0.2857247
0.2942638
0.2867003
0.2727915
0.2747442
0.2837719
0.3010961
0.3010961
0.2808436
0.2813322
0.2857247
0.277184
0.2649837
0.2557117
0.2681563
0.2681563
0.2859674
0.2852361
0.2884087
0.3132963
0.3159804
0.3394039
0.2557117
0.2557117
0.2522964
0.2474153
0.2530276
0.2942638
