-0.5675439
-0.5648599
-0.5746204
-0.5787686
-0.5787686
-0.5585162
-0.5672996
-0.5282605
-0.5060553
-0.5277719
-0.5287475
-0.4992246
-0.4762882
-0.4762882
-0.4301725
-0.3699039
-0.3533126
-0.3369641
-0.359412
-0.3940602
-0.3533126
-0.3533126
-0.2579087
-0.2237475
-0.2398518
-0.249368
-0.2127687
-0.1583566
-0.1349316
-0.1349316
-0.1329804
-0.1261482
-0.07881266
-0.04562863
-0.08466775
-0.1141922
-0.1146807
-0.08320359
-0.08320359
-0.03269546
-0.01073615
-0.02488763
-0.05197229
-0.04660422
-0.04660422
-0.01659124
-0.01659124
-0.03904068
-0.04074757
-0.02928012
0.01073615
0.03757652
0.0180554
0.0180554
0.001464162
-0.009760559
-0.02025242
-0.02195931
