0.04148043
0.082228
0.1525
0.09759936
0.0312313
-0.01049186
-0.01049186
-0.02391205
-0.01342018
0.01829969
0.05880453
0.0739316
0.07222471
0.03977198
0.02928012
0.02928012
0.02659608
0.04611564
0.07637135
0.1068713
0.10614
0.1051645
0.1039446
0.1039446
0.1525
0.13664
0.1176075
0.1385928
0.1537199
0.1534756
0.1703126
0.1703126
0.1739723
0.1893436
0.216184
0.2008126
0.1973957
0.1981286
0.1981286
0.2195993
0.2239918
0.2242361
0.2413159
0.2427801
0.2039837
0.2325325
0.2325325
0.2030081
0.2030081
0.2081319
0.1893436
0.1590879
0.1952003
0.2139885
0.2147198
0.2147198
0.2220407
0.2074006
0.2313126
0.249368
0.2662036
0.2557117
0.2432687
0.261324
0.261324
0.2461954
0.234728
0.2130114
0.2076433
0.2225277
0.2571759
0.2571759
0.2461954
0.2461954
0.2757198
0.3069527
0.2335081
0.2352165
0.204228
0.204228
0.1720195
0.1761677
0.2091075
0.2967035
