-0.1095554
-0.2064234
-0.2064234
-0.2618126
-0.2835276
-0.2535162
-0.1993485
-0.1993485
-0.1681156
-0.1666515
-0.192272
-0.2183795
-0.2369234
-0.2713273
-0.2971921
-0.2971921
-0.3269593
-0.3401367
-0.3711237
-0.3738078
-0.3777117
-0.347456
-0.347456
-0.2715716
-0.2715716
-0.204228
-0.1573795
-0.1605521
-0.1776319
-0.2030081
-0.2064234
-0.1566482
-0.1566482
-0.1002834
-0.04343161
0.008783413
0.04172472
0.06831924
0.03928341
0.05636477
0.1024804
0.1024804
0.1520114
0.1934918
0.3064641
0.3057313
0.2937768
0.2937768
0.2813322
0.2647394
0.2605928
0.2291156
0.2174039
0.2159397
0.1715325
0.1715325
0.1368843
0.1344446
0.1495717
0.1964201
0.192272
0.2074006
0.2022752
0.2954837
0.2954837
0.2342394
0.2710846
0.3330602
0.3413566
0.3167117
0.3167117
