-0.3279364
-0.2437557
-0.2095961
-0.1869039
-0.2989006
-0.2962165
-0.2381433
-0.2381433
-0.2796237
-0.2396075
-0.2542475
-0.2871873
-0.2557117
-0.2547361
-0.2762084
-0.2788924
-0.2537605
-0.2537605
-0.3001204
-0.3001204
-0.3174445
-0.3064641
-0.3064641
-0.31964
-0.4035765
-0.5177686
-0.5177686
-0.3969885
-0.2893843
-0.2047165
-0.2047165
-0.2059364
-0.2059364
-0.1903208
-0.2105716
-0.194956
-0.194956
-0.1112638
-0.02122801
0.1263925
0.1263925
0.1600635
0.1600635
-0.02537621
-0.1039446
-0.1417638
-0.1417638
0.05782738
0.05782738
0.1420081
0.1420081
0.1200472
-0.01488435
-0.0353795
-0.0353795
0.03806353
0.03806353
-0.01683552
