-0.01634851
0.002439751
0.002439751
0.03147558
0.008052111
0.00561236
0.002439751
0.01049186
0.0173241
0.0173241
0.01537136
0.01293161
0.003659626
0.003659626
0.003659626
0.04733552
0.04733552
0.07051627
0.08247229
0.05075242
0.05490061
0.06954067
0.08784036
0.09271986
0.09271986
0.06270844
0.07954396
0.07954396
0.07466446
0.082228
0.082228
0.1073599
0.1176075
0.07100328
0.02513192
0.05734036
0.0863762
0.06758794
0.0222036
0.0222036
0.0002442863
0.01756838
0.01756838
0.04538434
0.051728
0.07222471
0.09613676
0.1342003
0.1259039
0.1259039
0.1149235
0.09833222
0.09711234
0.1029674
0.1122394
0.1134593
0.09540389
0.1178518
0.1420081
0.1420081
0.1180961
0.1381042
0.1117524
0.1117524
0.06295273
0.04611564
0.0607557
0.110044
