0.1573795
0.1710439
0.1659202
0.1146807
0.1385928
0.1183404
0.1183404
0.1603078
0.1603078
0.1576238
0.1429837
0.1388355
0.1346873
0.1285879
0.1285879
0.13664
0.1381042
0.1359087
0.1385928
0.1434723
0.1456677
0.1351759
0.1393241
0.1393241
0.1361515
0.1390798
0.1327361
0.1429837
0.1461563
0.1371286
0.1371286
0.1415195
0.1305407
0.1346873
0.1317605
0.1373713
0.1280994
0.1344446
0.1346873
0.1346873
0.1371286
0.1376156
0.1442036
0.1422524
0.1571368
0.140544
0.1066286
0.1066286
0.08759607
0.09662377
0.1373713
0.1464006
0.1398126
0.1268795
0.06343974
0.06343974
0.09003583
0.09735663
0.09345272
0.07710421
0.07881266
0.09442831
0.1107753
0.1227313
0.1227313
0.1415195
0.1378599
0.1332247
0.1378599
0.1495717
0.161772
0.161772
0.1605521
0.1647003
0.1729967
0.1493274
0.1434723
0.1507915
0.1237084
0.1237084
0.0871075
0.08686477
0.09198856
0.1124837
0.1212687
0.1193159
0.1222443
0.1222443
0.1395684
0.1593322
0.1522557
0.1556726
0.1585993
0.1627475
0.1627475
0.1610407
0.1639674
0.1627475
0.1598208
0.1334674
0.1244397
0.1198045
0.1307834
0.1307834
0.1451807
0.1444479
0.1422524
0.1393241
0.1363958
0.1424967
0.1363958
0.1363958
0.1383485
0.1395684
0.164456
0.1851954
0.1729967
0.1495717
0.1495717
0.1373713
0.09906352
0.1869039
