-0.2027638
-0.1966644
-0.1810472
-0.1703126
-0.1790961
-0.1790961
-0.2022752
-0.1995928
-0.1554283
-0.115412
-0.1041873
-0.1041873
-0.08540061
-0.06099999
-0.03489248
-0.02098372
0.02928012
0.04026055
0.04026055
0.0180554
0.0180554
0.06685664
0.1956873
0.2203322
0.1754364
0.1525
0.1129723
0.06783222
0.06758794
0.06758794
0.1222443
0.1400554
0.1351759
0.1280994
0.1371286
0.1015033
0.1046759
0.1046759
0.1346873
0.1371286
0.1173648
0.06587949
0.04392018
0.05831595
0.07881266
0.07881266
0.06124428
0.02610751
0.02049671
0.05343645
0.1207801
0.3520927
