0.07612862
0.1215114
0.1215114
0.1039446
0.07539576
0.05709608
0.05245931
0.05245931
0.04733552
0.05612049
0.02757167
0.04318732
0.1058958
0.1234641
0.1251726
0.1251726
0.1402997
0.1097997
0.1037003
0.1141922
0.1124837
0.1068713
0.08808465
0.08808465
0.1119967
0.1361515
0.1278566
0.09320843
0.09833222
0.13664
0.1515244
0.1515244
0.1481075
0.1559153
0.1651873
0.161772
0.173728
0.1732394
0.1442036
0.1442036
0.1322476
0.1590879
0.1590879
0.1800717
0.1854397
0.1920277
0.1981286
0.1837313
0.1812915
0.1812915
0.1654316
0.1688485
0.173728
0.1686042
0.1349316
0.1349316
0.140544
0.1566482
0.1373713
0.1581123
0.1615277
0.1515244
0.1659202
0.1522557
0.1522557
0.1388355
0.1632361
0.1600635
0.164456
0.1695798
0.1695798
0.1805602
0.1805602
0.2520521
0.1993485
0.1695798
0.1288322
0.1234641
0.1666515
