-0.450912
-0.5016644
-0.5016644
-0.54778
-0.4631123
-0.4043078
-0.4199234
-0.4199234
-0.4472524
-0.4635993
-0.4489592
-0.3940602
-0.3345244
-0.2967035
-0.2967035
-0.3298876
-0.3728322
-0.3716123
-0.3006075
-0.2186238
-0.1654316
-0.1322476
-0.1322476
-0.1027247
-0.1285879
-0.185684
-0.261324
-0.2034967
-0.03928341
-0.01342018
-0.01342018
0.01073615
0.02537621
0.01976385
0.02903583
-0.05343645
-0.1471319
-0.09686806
0.03830782
0.03830782
0.09686806
0.1054087
0.1278566
0.1827557
0.1686042
0.1063843
0.1190717
0.1190717
0.04733552
0.07588433
0.1407882
0.1483518
