0.05148372
0.1805602
0.1805602
0.1573795
0.1244397
0.1039446
0.08686477
0.08686477
0.0509967
0.0509967
0.07271173
0.08466775
0.1134593
0.1322476
0.1539641
0.1895879
0.1895879
0.2276514
0.216184
0.1420081
0.1049202
0.08930452
0.10614
0.1310277
0.1698241
0.1698241
0.2030081
0.2105716
0.1900765
0.1944674
0.2012997
0.2003241
0.2003241
0.1961759
0.2066677
0.2625439
0.2625439
0.2571759
0.2391205
0.2391205
0.2361921
0.2169153
0.2383876
0.2508322
0.1934918
0.2454641
0.2547361
0.3015846
0.2642524
0.2642524
0.2583957
0.2598599
0.2537605
0.2635195
0.2576644
0.2544918
0.2544918
0.2335081
0.2349723
0.2371677
0.2442442
0.2615683
0.2869445
0.2657166
0.2618126
0.2618126
0.2730358
0.2815765
0.3172003
0.2671807
0.2339967
0.2225277
0.2225277
0.2483924
0.2562003
0.2310683
0.2671807
