0.09418402
0.1359087
0.1359087
0.1622605
0.1539641
0.1202915
0.08125241
0.08125241
0.07222471
0.06563676
0.08003253
0.1080912
0.1237084
0.1268795
0.1156563
0.09589247
0.09540389
0.09540389
0.1090684
0.1427394
0.1651873
0.1700684
0.1869039
0.2039837
0.188368
0.2115488
0.2115488
0.2410716
0.2315554
0.2296042
0.2205765
0.2293599
0.2310683
0.2381433
0.2793795
0.2793795
0.2810879
0.2674234
0.2920683
0.2759641
0.2910928
0.310368
0.310368
0.2959723
0.2976807
0.2923126
0.3008518
0.3159804
0.3135406
0.2893843
0.2849918
0.2849918
0.2730358
0.2532719
0.2396075
0.2630325
0.2335081
0.2335081
0.2298485
0.2386319
0.2386319
0.2688876
0.2827964
0.3110993
0.3093924
0.2564445
0.2564445
0.2027638
0.2178925
0.2488795
0.2332638
0.2242361
0.2137443
0.2391205
0.2391205
0.2461954
0.2479039
0.2857247
0.2339967
0.1305407
0.1546954
0.1495717
0.1495717
0.13664
0.1690928
0.2544918
