0.1515244
0.1959316
0.1959316
0.1522557
0.1549397
0.1503045
0.1473762
0.1581123
0.1629918
0.1695798
0.1695798
0.1693355
0.1605521
0.1683599
0.1634804
0.1588436
0.1607964
0.1542084
0.1693355
0.1693355
0.1790961
0.1639674
0.1532313
0.1378599
0.1217557
0.1107753
0.124684
0.124684
0.1632361
0.1890993
0.1688485
0.188368
0.1917834
0.1917834
0.1568925
0.1568925
0.09613676
0.06685664
0.08100812
0.07515148
0.05831595
0.1044316
0.1407882
0.1407882
0.1612834
0.1690928
0.173728
0.1769006
0.1844641
0.1944674
0.1944674
0.2095961
0.2291156
0.2522964
0.2547361
0.2513208
0.2422915
0.2481482
0.2481482
0.2396075
0.2396075
0.2447313
0.2220407
0.2012997
0.1993485
0.2159397
0.2359478
0.2359478
0.2427801
0.2213078
0.1959316
0.1944674
0.2017882
0.2054479
0.2061807
0.2061807
0.2047165
0.2139885
0.2164283
0.2074006
0.1942247
0.1991042
0.2059364
0.2059364
0.2056921
0.2283843
0.2117915
0.2032524
0.1973957
0.1903208
0.1956873
0.1954446
0.1954446
0.2076433
0.2022752
0.1961759
0.1978843
0.2103274
0.1939804
0.1939804
0.1915407
0.1983713
0.1973957
0.1893436
0.194956
0.1810472
0.2959723
0.2269201
0.2269201
0.1727524
0.08735178
0.1532313
