0.01976385
0.01976385
0.01951956
0.03611235
0.02659608
0.0131759
-0.006343663
-0.007563538
-0.01122472
-0.002684037
-0.002684037
0.00341534
0.0124446
0.01171174
0.02879155
0.03659937
0.03659937
0.02562049
0
0.002195464
0.007319252
0
-0.0214723
-0.01683552
-0.01683552
-0.004148198
0.004636771
0.02562049
0.02903583
0.05416775
0.07929967
0.1105325
0.1151677
0.1202915
0.1227313
0.1227313
0.09833222
0.06880782
-0.02684037
-0.051728
-0.051728
-0.04367589
-0.04782409
-0.05001955
0.01220031
0.08881595
0.1178518
0.1198045
0.09320843
0.09320843
0.1171205
0.1759235
0.2142313
0.2022752
0.1793403
0.1912964
0.1686042
0.1417638
0.1417638
0.115412
0.08198372
0.08369216
0.0912557
0.1017476
0.1261482
0.1371286
0.1371286
0.1210244
0.1200472
0.1288322
0.09759936
0.0607557
0.04514005
0.03489248
0.03489248
0.04904397
0.04318732
0.0509967
0.06563676
0.05148372
0.05148372
0.009760559
0.02073944
0.02073944
0.04660422
0.07612862
0.06441533
0.07246744
0.007319252
0.04587136
0.04587136
0.08051955
0.1383485
0.2132557
0.2286286
0.1110195
0.05221658
0.07539576
0.07539576
0.1112638
0.1039446
0.05465633
0.01585994
0.0336726
0.04148043
0.04148043
0.06929639
0.1876367
0.08003253
0.06270844
0.09564818
0.07051627
