-0.03098857
-0.007076522
-0.02854726
-0.02854726
-0.04757981
-0.05001955
-0.06270844
-0.06270844
-0.08344787
-0.07173613
-0.05734036
-0.04831266
-0.04831266
0.02684037
0.09637949
0.1627475
0.1627475
0.2278957
0.3455032
0.3455032
0.4016237
0.4016237
0.3430635
0.3430635
0.2718159
0.2359478
0.1607964
0.03245273
-0.03489248
-0.03489248
-0.3413566
-0.3413566
-0.4926367
-0.4955634
-0.4897084
-0.5058126
-0.6251285
-0.6251285
-0.6434282
-0.6434282
-0.6163436
-0.6163436
-0.6107327
-0.6107327
-0.5741318
-0.5741318
-0.4955634
-0.3657556
