0.3167117
0.2881644
0.2491238
0.2491238
0.1498159
0.08588763
0.02586322
-0.0214723
-0.06636807
-0.06636807
-0.2154527
-0.2154527
-0.2522964
-0.2964593
-0.3028045
-0.3028045
-0.2788924
-0.2832834
-0.3040244
-0.3025602
-0.3237882
-0.3457475
-0.4611596
-0.4611596
-0.4828761
-0.4828761
-0.5324087
-0.5324087
-0.5324087
-0.5316758
-0.4858045
-0.4540846
-0.4555487
-0.4477394
-0.4282198
-0.3423322
-0.3015846
-0.2344837
-0.1971515
-0.1971515
-0.1188274
-0.08735178
-0.05221658
-0.0312313
-0.0312313
-0.04587136
-0.07661564
-0.1198045
-0.08320359
-0.06270844
-0.06270844
0.01146745
0.03781925
0.03781925
0.08344787
0.1298078
0.1298078
0.2005683
0.2437557
0.2827964
0.2927997
0.2927997
0.3413566
0.3413566
0.4365162
0.4684803
0.523868
0.523868
0.5002002
0.5002002
0.4604282
0.3962556
0.3962556
0.3291563
0.3291563
0.3291563
0.1905635
0.1905635
0.1015033
0.1015033
0.05782738
0.04123614
0.04123614
-0.009271986
-0.009271986
-0.02049671
-0.04733552
-0.0780798
-0.0780798
-0.1173648
-0.1173648
