0.04514005
0.05221658
0.03342832
0.03342832
0.04855539
0.05880453
0.05929154
0.006099377
-0.02610751
-0.01268733
0.03684366
0.03684366
0.05490061
0.002684037
-0.05490061
-0.06783222
-0.05978011
-0.04050328
-0.04050328
-0.04562863
-0.04562863
-0.03098857
-0.02610751
-0.02659608
-0.04294459
-0.05075242
-0.04172472
-0.04172472
-0.01951956
-0.03171987
-0.04904397
-0.06221987
-0.06319545
-0.05343645
-0.03220844
-0.03220844
-0.05001955
-0.07832409
-0.07832409
-0.06783222
-0.03830782
-0.0690521
-0.1122394
-0.08857166
-0.0566075
-0.0566075
-0.04489577
-0.08003253
-0.09393974
-0.07442018
-0.04148043
-0.04148043
-0.01903255
-0.0173241
-0.03733223
-0.07076055
-0.03049999
-0.003172609
0.01415149
0.01415149
0.003172609
-0.02464335
-0.004148198
0.04026055
0.04953254
0.03879639
-0.004392485
-0.01781267
0.0124446
0.0124446
0.02732738
0.01195602
-0.007807824
-0.01683552
-0.01683552
-0.01024758
-0.001464162
-0.008052111
-0.01488435
-0.01561565
-0.009271986
-0.004392485
-0.0214723
-0.0214723
-0.01585994
-0.01634851
-0.03220844
-0.03269546
-0.04855539
-0.02854726
-0.01171174
-0.01171174
-0.03220844
-0.03220844
-0.04148043
-0.0336726
-0.02269217
-0.0214723
-0.03513677
-0.04465148
-0.04465148
-0.04343161
-0.05270359
-0.05709608
-0.06319545
-0.04514005
-0.03245273
-0.06148856
-0.06148856
-0.07710421
-0.1178518
