-0.08759607
-0.08149669
-0.04562863
-0.07783552
-0.08832738
-0.07246744
-0.07246744
-0.06051142
-0.06539247
-0.06197558
-0.0780798
-0.06661235
-0.0468485
-0.1224886
-0.1224886
-0.07198042
-0.05904726
-0.04514005
-0.04392018
-0.007563538
0.01049186
-0.009271986
-0.03074428
-0.03074428
-0.1871482
-0.09345272
-0.08906023
-0.07271173
-0.0002442863
-0.0002442863
0.03513677
-0.02049671
-0.02049671
0.08808465
0.1522557
0.1522557
0.1503045
0.1937361
0.2186238
0.2132557
0.2415602
0.2410716
0.2410716
0.3059755
0.377956
0.3825927
0.3098795
0.2808436
0.3130521
0.3130521
0.3647801
0.3782003
0.31964
0.3228126
0.4155325
0.4121156
0.3777117
0.3772247
0.3772247
0.4277328
0.493368
0.56364
0.6627035
0.7451758
0.8152035
0.8927963
0.9435487
0.9435487
0.9545276
0.9203679
0.8571725
0.7656725
0.6612393
0.6612393
0.6317165
0.6317165
0.6400113
0.6597767
0.6778321
0.6797833
0.6841758
0.6851514
0.6851514
0.6773435
0.6507475
0.6434282
0.63928
0.6256155
0.6356204
0.6358647
0.6404999
0.6404999
0.6234201
0.5948713
0.5834038
0.5851123
0.5965797
0.4987361
0.4987361
0.6117083
0.5843794
0.5843794
0.5409478
0.5660797
0.7180927
0.6758794
0.6075602
0.6075602
0.5736433
0.5768158
0.5885276
0.5877963
0.5895048
0.5685195
0.5426562
0.5426562
0.5336285
0.5399722
0.5470487
0.5529038
0.5607116
0.5507084
0.5426562
0.5426562
0.5389966
0.5416806
0.5509527
0.5868207
0.5707165
0.5377768
0.5507084
0.4884885
0.4150439
0.4150439
0.4218761
0.4243159
0.4540846
0.4482279
0.4728713
0.5109364
0.5109364
0.4633566
0.4633566
0.4494478
0.4384674
0.4267556
0.4096758
0.371368
0.371368
0.3613647
0.3462361
0.2981677
0.3774674
0.4421286
0.1161433
0.2012997
0.3174445
0.3174445
