-0.003659626
-0.002684037
-0.005123788
-0.005123788
-0.003172609
-0.005123788
-0.005856646
-0.007319252
-0.004392485
-0.003172609
-0.004392485
-0.003903912
-0.003659626
-0.003659626
-0.003903912
-0.003172609
-0.005856646
-0.005856646
-0.005368074
-0.003659626
-0.003659626
0.0004885725
-0.001219875
0
-0.002195464
-0.002195464
0.006099377
0.006587949
0.009516273
0.01415149
0.01756838
0.01756838
0.04392018
0.04392018
0.05416775
0.05441204
0.06831924
0.07588433
0.07588433
0.07685993
0.07685993
-0.05392347
-0.07637135
-0.1478648
-0.1478648
-0.1478648
-0.1668957
-0.1912964
-0.2488795
-0.261324
-0.261324
-0.2835276
-0.3286677
-0.3286677
-0.3952801
-0.3952801
-0.4072361
-0.4072361
-0.420412
-0.4194364
-0.3911318
-0.3911318
-0.3708794
-0.3242768
-0.3025602
-0.2632768
-0.2632768
-0.07100328
0.05538763
0.2810879
0.3547752
0.4762882
0.4762882
0.5692523
0.5692523
0.5892605
0.5892605
0.6121954
0.6121954
0.6609966
0.6907637
0.7100406
0.7280959
0.7146758
0.7146758
0.7005243
0.6751481
0.6607523
0.6573354
0.6160993
0.6160993
0.5297247
0.5297247
0.4823876
0.4184592
0.4184592
0.4184592
0.2954837
0.1917834
0.1285879
0.07442018
0.07442018
-0.05319216
-0.05319216
-0.2557117
-0.2557117
