0.2723045
0.3433078
0.4665276
0.4665276
0.5199641
0.5272833
0.3969885
0.3969885
0.4504234
0.4787279
0.4980048
0.5614445
0.5614445
0.667096
0.667096
0.6629478
0.6985716
0.7778713
0.7778713
0.7022327
0.6902767
0.6544086
0.6544086
0.6434282
0.6422083
0.6017035
0.5307002
0.4501807
0.4501807
0.3506286
0.2176482
0.1991042
0.1666515
0.09637949
0.09637949
0.03196416
0.005368074
-0.04489577
-0.04489577
-0.0780798
-0.0780798
-0.1712882
-0.1825114
-0.2305798
-0.2303355
-0.2644967
-0.3042687
-0.3042687
-0.3708794
-0.3708794
-0.3477003
-0.3477003
-0.3259837
-0.3259837
-0.3674641
-0.3674641
-0.3723436
-0.3723436
-0.3442834
-0.3411123
-0.3411123
-0.3108566
-0.218868
-0.2005683
