0.6866155
0.6744168
0.6195162
0.5404608
0.4338322
0.4338322
0.3003647
0.2120358
0.1159006
0.1159006
0.05636477
0.05636477
0.07759123
0.0732003
0.05904726
0.05904726
0.06636807
0.06465962
0.1398126
0.1398126
0.2022752
0.2022752
0.4040635
0.4040635
0.4799478
0.5529038
0.7061366
0.7061366
0.5448517
0.3577035
0.0214723
-0.09003583
-0.1705554
-0.1625033
-0.1146807
-0.1146807
-0.07222471
-0.03025571
0.06539247
0.06539247
0.3752719
0.3752719
0.8459477
0.8459477
1.306865
1.306865
1.2749
1.178277
1.039197
1.039197
0.8325276
0.8325276
0.4819005
0.4819005
0.1851954
0.02928012
-0.1315162
-0.1315162
-0.2193566
-0.2498566
-0.3184201
-0.3533126
-0.3867394
-0.4008924
-0.3652686
-0.3652686
