0.2913355
0.3459918
0.3459918
0.3877165
0.3657556
0.322324
0.322324
0.2698647
0.2698647
0.1969087
0.1969087
0.08271657
0.08271657
0.04196744
0.0124446
-0.05782738
-0.05782738
-0.08735178
-0.08735178
-0.1790961
-0.1790961
-0.2649837
-0.2649837
-0.3750276
-0.3830797
-0.3830797
-0.3752719
-0.3599006
-0.3599006
-0.3530683
-0.35014
-0.35014
-0.2376563
-0.2376563
-0.1725081
-0.1725081
-0.1476205
-0.09784365
-0.09784365
-0.03025571
0.03904068
0.03904068
0.09223129
0.09223129
0.1481075
0.1481075
0.1729967
0.2257003
0.2674234
0.2674234
0.2701075
0.2701075
0.3418436
0.3650244
0.3650244
0.3811286
0.3811286
0.3811286
0.4201677
0.4626237
0.4626237
0.5075195
0.5075195
0.5348485
0.5348485
0.5687637
0.5687637
0.6026806
0.6243957
0.6705113
0.6705113
0.6917393
0.6917393
0.6680716
0.6680716
0.6680716
0.6761237
0.6761237
0.6739282
0.5943843
0.5943843
0.5282605
0.5141074
0.5141074
0.535824
0.535824
0.535824
0.5743761
0.5458273
