-0.0131759
-0.01610422
-0.01610422
-0.01610422
-0.01927527
-0.03879639
-0.0353795
-0.04367589
-0.04367589
-0.05612049
-0.06929639
-0.08076384
-0.103456
-0.082228
-0.08466775
-0.08466775
-0.1080912
-0.1073599
-0.09857651
-0.07881266
-0.0649039
-0.05123943
-0.04782409
-0.04782409
-0.04538434
-0.04757981
-0.02366776
-0.01195602
0.001708448
0.01024758
0.01488435
0.02342347
0.03464819
0.03464819
0.07198042
0.09930781
0.1176075
0.1276123
0.1346873
0.1346873
0.1395684
0.1476205
0.131272
0.09711234
0.07954396
0.08735178
0.09662377
0.1032117
0.1032117
0.08857166
0.08271657
0.05856024
0.04196744
0.03928341
0.03415962
0.02952441
0.02952441
0.03074428
0.03147558
0.04538434
0.03806353
0.04026055
0.04538434
0.04221173
0.04294459
0.04294459
0.03342832
0.03220844
0.03391533
0.0312313
0.0312313
0.03196416
0.01610422
-0.02708466
-0.01415149
0.02195931
0.03855211
