-0.04514005
-0.04928825
-0.02049671
0.01585994
0.0222036
0.0222036
0.03733223
0.04294459
0.04294459
0.04562863
0.04782409
0.03708794
0.009516273
-0.01415149
-0.01415149
-0.04099186
-0.06343974
-0.09003583
-0.1368843
-0.1729967
-0.2105716
-0.2454641
-0.2454641
-0.2967035
-0.3577035
-0.4030879
-0.4401758
-0.4897084
-0.5126433
-0.5126433
-0.5036156
-0.4962963
-0.5104478
-0.5397279
-0.5672996
-0.6004837
-0.6143924
-0.6146367
-0.6146367
-0.603412
-0.59414
-0.5860879
-0.5568078
-0.5453403
-0.5404608
-0.535824
-0.535824
-0.5343599
-0.5250879
-0.5082523
-0.4987361
-0.4901954
-0.4838517
-0.4838517
-0.4677475
-0.4384674
-0.4172394
-0.3838126
-0.3542882
-0.3113436
-0.2788924
-0.2315554
-0.1893436
-0.1893436
-0.1478648
-0.09149998
-0.05416775
-0.01390876
0.04757981
0.09003583
0.09003583
0.1234641
0.1537199
0.2249674
0.2249674
0.2469283
0.2647394
0.2647394
0.3115879
0.3276921
0.3172003
0.3013403
0.2896286
0.2632768
0.2288713
0.185684
0.1476205
0.1476205
0.09247557
0.03904068
0.002928323
-0.03806353
-0.09345272
-0.1298078
-0.1564039
-0.1564039
-0.1769006
-0.206912
-0.2244804
-0.2376563
-0.2415602
-0.2564445
-0.2564445
-0.255956
-0.2532719
-0.2542475
-0.2515635
-0.2566873
-0.2576644
-0.2576644
-0.2566873
-0.2598599
-0.2664478
-0.2647394
-0.2100846
-0.2144756
-0.2549804
-0.2425358
-0.2425358
-0.2232605
-0.2103274
-0.1873925
