0.08173943
0.08173943
0.08173943
0.09881923
0.09881923
0.07710421
0.0905244
0.0905244
0.1110195
0.1320033
0.1320033
0.1703126
0.1703126
0.1063843
0.1063843
0.01610422
-0.0395277
-0.1859283
-0.1859283
-0.1859283
-0.2379006
-0.2747442
-0.2849918
-0.2849918
-0.3125635
-0.3125635
-0.3091482
-0.3096367
-0.2366807
-0.1910521
-0.1910521
-0.1661644
-0.09174427
-0.09174427
0.04806838
0.1344446
0.1920277
0.1920277
0.2156954
0.1973957
0.1973957
0.2169153
0.2169153
0.2698647
0.2893843
0.3089039
0.3032915
0.2147198
0.2127687
0.2127687
0.2500993
0.2769397
0.2769397
0.2769397
0.2825521
0.2825521
0.2330195
0.2330195
0.2108159
0.1451807
0.1302964
0.1005277
0.09393974
0.07612862
-0.0004885725
