-0.2718159
-0.1966644
-0.1966644
-0.1097997
-0.0600244
0.0173241
0.04001627
0.03928341
0.03928341
0.1585993
0.1895879
0.2383876
0.2383876
0.2971921
0.2971921
0.3037801
0.2901156
0.2674234
0.2674234
0.2498566
0.2498566
0.2498566
0.234728
0.2239918
0.2239918
0.2108159
0.2108159
0.2047165
0.2047165
0.2247247
0.2247247
0.331596
0.331596
0.3640487
0.3640487
0.3215927
0.3059755
0.2430244
0.2430244
0.2235032
0.2235032
0.1712882
0.1712882
0.16714
0.1620162
0.1576238
0.1534756
0.1534756
0.1161433
0.06880782
0.06880782
-0.006099377
-0.006099377
-0.04465148
-0.04465148
-0.07100328
-0.07100328
-0.1334674
-0.1334674
-0.1986156
-0.2037394
-0.2037394
-0.1720195
-0.1668957
-0.1583566
-0.1605521
-0.1681156
-0.1681156
-0.2342394
-0.2342394
-0.3071954
-0.3071954
-0.3423322
-0.3516042
-0.3340358
-0.3110993
-0.3003647
-0.3003647
-0.2852361
-0.2852361
-0.2852361
-0.2752313
-0.2847475
-0.2847475
-0.3213485
-0.3213485
-0.3374527
