0.008052111
0.02708466
0.02708466
0.02952441
0.03830782
0.03147558
0.02854726
0.03245273
0.03245273
0.02684037
0.02073944
0.02073944
0.0180554
0.01488435
0.02537621
0.02830453
0.02830453
0.02879155
0.03196416
0.03684366
0.03074428
0.03074428
0.02854726
0.02440062
0.02464335
0.02464335
0.02122801
0.01561565
0.0124446
0.0131759
0.02659608
0.02659608
0.0336726
0.02806024
0.03025571
0.02610751
0.02318074
0.02415633
0.02610751
0.0336726
0.03635664
0.01976385
0.01171174
0.01146745
0.006832235
0.01903255
0.0222036
0.03245273
0.03245273
0.03269546
0.03757652
0.03098857
0.02903583
0.03562378
0.03049999
0.03049999
0.02049671
0.01512863
0.01049186
0.01464006
0.01293161
0.01293161
0.0180554
0.03074428
0.03318403
0.04050328
0.03342832
0.02488763
0.02342347
0.01366447
0.02049671
0.02049671
0.0090277
0.0090277
0.01683552
0.01878826
0.03049999
0.03757652
