0.0263518
0.03098857
0.0558762
0.0558762
0.06343974
0.04392018
0.04489577
0.05953583
0.06636807
0.08027527
0.082228
0.02659608
-0.005856646
-0.0002442863
-0.0002442863
0.0131759
0.03415962
0.04562863
0.07246744
0.07881266
0.06392831
0.03171987
0.03171987
0.03684366
0.0780798
0.09003583
0.06880782
0.02391205
0.01415149
0.01415149
0.02488763
0.04026055
0.08418074
0.07344458
0.03928341
0.04148043
0.07149185
0.08051955
0.0641726
0.0641726
0.06734365
0.05563192
0.05368074
0.05075242
0.08051955
0.09393974
0.08051955
0.08051955
0.07442018
0.04587136
0.03318403
0.05221658
0.05685179
0.06441533
0.05709608
0.05709608
0.05563192
0.06783222
0.06880782
0.03928341
-0.001952734
0.0009755891
0.01146745
0.01146745
0.02732738
0.05245931
0.05563192
0.04587136
0.03098857
0.02195931
0.01878826
0.01878826
0.03342832
0.03781925
0.02708466
0.01854397
0.0124446
-0.01098043
-0.01098043
0.001219875
0.01878826
0.01610422
0.01659124
0.01439577
0.01439577
0.02562049
0.02562049
0.0214723
0.02732738
0.01293161
-0.02244788
-0.01927527
-0.01366447
-0.01146745
-0.01146745
-0.0004885725
-0.01756838
-0.003659626
-0.002928323
-0.01976385
-0.03830782
-0.04538434
-0.02903583
-0.02098372
-0.02098372
-0.02537621
-0.01854397
-0.009760559
-0.0131759
-0.03830782
-0.04635993
-0.04635993
-0.04709123
-0.03781925
-0.03171987
-0.03611235
-0.03147558
-0.0173241
-0.0173241
-0.02122801
-0.02122801
-0.02806024
-0.0131759
0.00561236
0.006587949
-0.002684037
-0.002684037
-0.001952734
-0.001952734
-0.01220031
-0.02195931
-0.03659937
-0.04733552
-0.051728
-0.05001955
-0.05001955
-0.04977527
-0.04343161
-0.03001142
-0.01683552
-0.0131759
-0.002684037
0.004879501
0.005368074
0.005368074
-0.0002442863
0.002928323
-0.0007313028
-0.004636771
-0.01683552
-0.03733223
-0.03733223
-0.02464335
0.01415149
0.01951956
0.01268733
0.01366447
0.01024758
0.007076522
0.007076522
-0.003659626
-0.001219875
-0.008540683
0.004148198
0.009516273
0.006099377
-0.0007313028
-0.0007313028
-0.007319252
0.001219875
0.005856646
0.003659626
-0.0124446
-0.03049999
-0.04099186
-0.04099186
-0.04562863
-0.04855539
-0.05685179
-0.0732003
-0.1029674
-0.1239527
-0.09589247
-0.02903583
-0.02903583
0.02000813
0.04026055
0.08149669
0.1139479
0.1315162
0.161772
0.2125244
0.2125244
0.2486367
0.2615683
0.2630325
0.2601042
0.2549804
0.2488795
0.2488795
0.2535162
0.255956
0.249368
0.2452198
0.2532719
0.2488795
0.2452198
0.2542475
0.2542475
0.2552247
0.2552247
0.2562003
0.2549804
0.2530276
0.2518078
0.2518078
0.2547361
0.2535162
0.2432687
0.2252117
0.2098403
0.1983713
0.1759235
0.1585993
0.1585993
0.1446922
0.1227313
0.1078485
0.07954396
0.06539247
0.01537136
0.02073944
0.02073944
0.006099377
0.006099377
-0.02049671
-0.04977527
-0.06734365
-0.09174427
-0.1080912
-0.1080912
-0.1271238
-0.1637247
-0.1546954
-0.1908078
-0.2074006
-0.2156954
-0.222772
-0.218868
-0.218868
-0.2169153
-0.2183795
-0.2276514
-0.2410716
-0.25864
-0.25864
-0.2352165
-0.2449756
-0.2513208
-0.2557117
