0.01878826
0.1083355
0.1612834
0.2893843
0.2893843
0.3823484
0.41114
0.41114
0.5189885
0.5858436
0.6068273
0.630008
0.6892996
0.7102833
0.7263875
0.7061366
0.6773435
0.6678273
0.6402556
0.6402556
0.6431839
0.6402556
0.6424527
0.6424527
0.6527002
0.6527002
0.6151237
0.5863321
0.5590048
0.53314
0.53314
0.5163044
0.4633566
0.4489592
0.4435927
0.4435927
0.4457882
0.4457882
0.4004039
0.3701482
0.3496514
0.3333045
0.2867003
0.2354593
0.1515244
0.1515244
0.1080912
0.1080912
0.1000407
0.0649039
0.02391205
-0.03293975
-0.08100812
-0.1349316
-0.1349316
-0.2830406
-0.3108566
-0.3108566
-0.3228126
-0.3708794
-0.420412
-0.420412
