0.02976869
0.04270031
0.04270031
0.05636477
0.09271986
0.07954396
0.01634851
-0.09613676
-0.09271986
-0.09271986
-0.06465962
-0.02708466
0.00561236
0.003903912
-0.04440875
-0.06173129
-0.06173129
-0.002439751
-0.002439751
-0.03928341
-0.06246415
-0.04904397
-0.02879155
-0.02732738
-0.02659608
-0.02659608
-0.03342832
-0.01707981
-0.007807824
-0.009271986
-0.0180554
-0.04953254
-0.04953254
-0.07612862
-0.0773485
-0.07271173
-0.05416775
-0.0214723
-0.0214723
-0.02122801
-0.03879639
-0.03879639
-0.04709123
-0.02879155
-0.00341534
-0.01268733
-0.03440391
-0.03147558
-0.009516273
-0.009516273
-0.009271986
-0.01171174
-0.02025242
-0.0180554
-0.008783413
0.01293161
0.0124446
0.01098043
0.01098043
0.006587949
-0.001708448
-0.002684037
-0.003172609
-0.008540683
0.01854397
0.01854397
0.03196416
0.02195931
0.01000329
0.01439577
0.02684037
0.04221173
0.03391533
0.01512863
-0.004636771
-0.004636771
-0.0214723
-0.01488435
0.007563538
0.03659937
0.03293975
-0.002684037
-0.002684037
-0.03220844
-0.05319216
-0.06173129
-0.06392831
-0.0607557
-0.04123614
-0.04123614
-0.04928825
-0.06807651
-0.08393645
-0.09223129
-0.1097997
-0.1029674
-0.08881595
-0.08881595
-0.03904068
0.01049186
0.01488435
0.001708448
0.002439751
0.02708466
0.0649039
0.07710421
0.07710421
0.0641726
0.03781925
0.02171658
0.004148198
-0.004148198
0.02781596
0.02781596
0.0732003
0.09003583
0.09369545
0.06661235
0.04294459
0.02659608
0.006343663
-0.01098043
-0.02830453
-0.02879155
-0.02708466
-0.02708466
-0.03928341
-0.03928341
-0.06783222
-0.06783222
-0.07417589
-0.1058958
-0.1249283
-0.1276123
-0.1217557
-0.1163876
-0.1163876
-0.1324918
-0.1810472
-0.2052036
-0.2130114
-0.1978843
-0.1988599
-0.2217964
-0.2315554
-0.2088647
-0.2088647
-0.1747036
-0.1851954
-0.2205765
-0.1844641
-0.1058958
-0.03977198
-0.0566075
-0.1151677
-0.1151677
-0.1168762
-0.04440875
0.02562049
0.04611564
0.05001955
0.02488763
0.02488763
0.0009755891
-0.01585994
-0.006832235
0.02976869
0.04123614
0.02928012
-0.01098043
-0.01098043
0.0353795
0.051728
0.051728
0.05709608
0.03245273
0.001708448
-0.02708466
-0.02195931
-0.02195931
-0.003903912
0.0004885725
-0.001708448
0.01024758
0.00341534
-0.004392485
-0.004392485
-0.0173241
-0.02684037
-0.02952441
-0.009271986
0.003903912
0.001708448
0.007807824
0.007807824
0.02610751
0.01903255
0.01585994
0.0090277
-0.0090277
0.0002442863
0.02903583
0.03586807
0.03586807
0.03220844
0.03049999
0.02781596
0.02366776
0.01854397
0.003659626
-0.005123788
-0.02488763
-0.02488763
-0.03562378
