0.01659124
0.03098857
0.03098857
0.03440391
0.01976385
0.01927527
0.01927527
0.02488763
0.03781925
0.05123943
0.05123943
0.05465633
0.05465633
0.04879968
0.04831266
0.05001955
0.04514005
0.05026384
0.04294459
0.04294459
0.03440391
0.02342347
0.01561565
0.01293161
0.01464006
0.01829969
0.01829969
0.01829969
0.01854397
0.01024758
-0.002195464
-0.00561236
0.008783413
0.0124446
-0.003172609
0.001219875
0.001219875
0.0009755891
0.001708448
-0.007807824
-0.0007313028
0.006099377
0.007319252
0.002195464
0.008783413
0.01659124
0.02659608
0.02659608
0.005856646
0.005856646
0.005368074
0.005368074
0.006587949
