0.1244397
0.1054087
0.09271986
0.1259039
0.1664087
0.2396075
0.2144756
0.2144756
0.1600635
0.1046759
0.08613191
0.0871075
0.0509967
-0.0004885725
-0.04074757
-0.04074757
-0.03171987
0.001464162
0.02171658
0.1010163
0.1637247
0.2357036
0.3174445
0.3174445
0.4240716
0.5392393
0.6058517
0.6258599
0.6182963
0.5831595
0.5831595
0.5241123
0.5241123
0.4987361
0.5023957
0.5236237
0.5787686
0.6473321
0.6624607
0.6097556
0.6097556
0.5067882
0.3403794
0.2415602
0.1368843
0.0124446
-0.06173129
-0.09491532
-0.09491532
-0.2174039
-0.3337915
-0.2154527
-0.06612378
-0.05465633
-0.02659608
-0.02659608
0.09101141
0.1991042
0.2496123
0.3723436
0.4150439
0.2562003
0.1576238
-0.02195931
-0.02195931
-0.3113436
-0.5275276
-0.59414
-0.6597767
-0.6646562
-0.6600195
-0.6375716
-0.6375716
-0.6453794
-0.6453794
-0.5938957
-0.5885276
-0.5702279
-0.5402165
-0.5263078
-0.5263078
-0.5553436
-0.5353354
-0.4711644
-0.3933273
-0.3457475
-0.3115879
-0.2337524
-0.2337524
-0.1454235
-0.08344787
-0.04806838
-0.008783413
0.04343161
0.03586807
-0.0468485
-0.0468485
-0.03489248
0.05758465
0.06929639
0.001708448
-0.06343974
-0.09735663
-0.1464006
-0.1464006
-0.1825114
-0.1137036
0.01146745
0.1539641
0.2071563
0.206912
0.2010554
0.2183795
0.2183795
0.1944674
0.1429837
0.1110195
0.08735178
0.02440062
0.01903255
0.02610751
0.02610751
0.04611564
0.05636477
0.07051627
0.04953254
0.04001627
0.08418074
0.112728
0.112728
0.1842199
0.03562378
-0.1137036
-0.1390798
-0.0336726
0.2286286
0.1910521
0.1395684
0.1395684
0.2127687
0.2488795
0.1969087
0.07929967
-0.007076522
-0.02928012
-0.02928012
0.001219875
0.04562863
0.1068713
0.1473762
0.112728
0.07515148
0.1058958
0.08930452
0.08930452
0.0863762
0.1415195
0.03659937
0.03733223
0.05148372
0.03318403
0.03318403
0.06783222
