0.05148372
0.03001142
0.03001142
0.05563192
0.07271173
0.0739316
0.0739316
0.09564818
0.09564818
0.1017476
0.09393974
0.100772
0.100772
0.1051645
0.1110195
0.1139479
0.1139479
0.112728
0.1144364
0.1132166
0.1215114
0.1222443
0.1224886
0.08320359
0.06441533
0.06441533
0.07149185
0.06880782
0.04465148
0.02098372
-0.0090277
0.02122801
0.02122801
0.008540683
-0.001219875
-0.001219875
0.001464162
0.009271986
0.02562049
0.02562049
0.01756838
0.02684037
0.02976869
0.03464819
0.04757981
0.06270844
0.05807167
0.05758465
0.04514005
0.05294788
0.05294788
0.06197558
0.06758794
0.0697834
0.1019918
0.1019918
0.1115081
0.1115081
0.1166319
0.1151677
0.1156563
0.09735663
0.09979638
0.1076042
0.1076042
0.1107753
0.09223129
0.07929967
0.07271173
0.07637135
0.06465962
0.06465962
0.06368402
0.09198856
0.1178518
