0.4135797
0.4135797
0.3642915
0.3225683
0.295728
0.295728
0.2488795
0.1973957
0.1649446
0.1649446
0.08027527
0.05904726
0.03586807
0.03318403
0.02513192
0.02513192
0.01024758
0.01024758
0.005123788
-0.008052111
-0.03513677
-0.03513677
-0.06929639
-0.08686477
-0.08686477
-0.08954725
-0.09857651
-0.1166319
-0.1288322
-0.1381042
-0.1383485
-0.1615277
-0.1615277
-0.2235032
-0.2566873
-0.2908485
-0.2908485
-0.2908485
-0.3596563
-0.3596563
-0.3633159
-0.3596563
-0.3618518
-0.3618518
-0.38064
-0.38064
-0.4069918
-0.4321237
-0.4413957
-0.4413957
-0.4413957
-0.404552
-0.3933273
-0.3933273
-0.4043078
-0.4043078
-0.3862524
-0.3862524
-0.3708794
-0.3708794
-0.3581921
-0.3291563
-0.3028045
-0.2823078
-0.2823078
-0.244
-0.244
-0.2061807
-0.1886123
-0.1542084
