0.01976385
0.06026869
0.06026869
0.07685993
0.09076868
0.09028011
0.08466775
0.09418402
0.1085798
0.1085798
0.1283436
0.1481075
0.1202915
0.08100812
0.06026869
0.08100812
0.1095554
0.1095554
0.1200472
0.1254153
0.1188274
0.09613676
0.07246744
0.04245602
0.03025571
0.03025571
0.05758465
0.06880782
0.01488435
-0.008783413
-0.005368074
-0.006343663
-0.0263518
-0.06465962
-0.06465962
-0.1137036
-0.1144364
-0.07442018
-0.03611235
-0.05441204
-0.09589247
-0.1171205
-0.1278566
-0.09637949
-0.09637949
-0.09149998
-0.09711234
-0.09491532
-0.09759936
-0.08173943
-0.08173943
-0.0739316
-0.0739316
-0.09247557
-0.09613676
-0.1015033
-0.1005277
-0.1029674
-0.09784365
-0.09784365
-0.09515961
-0.08906023
-0.07271173
-0.09491532
-0.1163876
-0.1183404
-0.1183404
-0.07929967
-0.07929967
-0.07832409
-0.1073599
-0.1156563
-0.1117524
-0.1076042
-0.1068713
-0.1068713
-0.1141922
-0.1137036
-0.1068713
-0.08613191
-0.08735178
-0.1058958
-0.1137036
-0.1137036
-0.1085798
-0.09881923
-0.1051645
-0.1195602
-0.1266368
-0.1068713
-0.1068713
-0.09393974
-0.09393974
-0.1002834
-0.100772
-0.1063843
-0.1122394
-0.1137036
-0.09540389
-0.09540389
-0.09296415
-0.1066286
-0.1256596
-0.1317605
-0.1166319
-0.1166319
-0.1256596
-0.112728
-0.1054087
-0.1046759
-0.1056515
-0.1105325
-0.1076042
-0.09247557
-0.07612862
-0.0905244
-0.0905244
-0.07564005
-0.09589247
-0.1300521
-0.1307834
-0.09808794
-0.08271657
