-0.082228
-0.1000407
-0.1359087
-0.1549397
-0.1215114
-0.0780798
-0.03171987
-0.03171987
-0.008783413
-0.0007313028
-0.0007313028
0.01610422
0.02391205
0.04221173
0.06392831
0.06221987
0.0558762
0.03025571
0.03025571
0.03342832
0.02879155
-0.001708448
-0.01512863
-0.0222036
-0.0222036
-0.05319216
-0.05319216
-0.1066286
-0.1066286
-0.1137036
-0.1137036
-0.1568925
-0.1568925
-0.1661644
-0.1661644
-0.1439593
-0.1439593
-0.02952441
-0.02952441
0.0641726
0.05612049
0.082228
0.082228
0.09540389
0.09540389
0.05880453
0.05880453
0.05880453
0.0353795
-0.001464162
-0.001464162
0.0214723
-0.003659626
0.01951956
0.002684037
-0.0131759
-0.0131759
-0.0131759
-0.04440875
-0.04440875
-0.04855539
