-0.009516273
-0.003903912
-0.003903912
-0.006832235
-0.006832235
-0.01390876
-0.01171174
-0.01537136
-0.01927527
-0.01659124
-0.01659124
-0.01659124
-0.0124446
-0.0131759
-0.01439577
-0.01171174
-0.0131759
-0.02025242
-0.01659124
-0.02269217
-0.02244788
-0.02244788
-0.02537621
-0.01878826
-0.0214723
-0.02244788
-0.02098372
-0.02098372
-0.0180554
-0.01342018
-0.01390876
-0.01829969
-0.02366776
-0.02269217
-0.02171658
-0.005123788
-0.005123788
0.02000813
0.007807824
-0.03415962
-0.06099999
-0.03171987
-0.02854726
-0.02440062
-0.02440062
-0.0131759
0.007563538
0.006587949
-0.002684037
-0.006832235
-0.01220031
-0.01220031
-0.02830453
-0.02391205
-0.01610422
-0.01293161
-0.008540683
0.008296397
0.02342347
0.02342347
0.02049671
0.01464006
0.01049186
0.01073615
0.001952734
-0.0090277
-0.001952734
0.007563538
0.007563538
0.008783413
0.02244788
0.02610751
0.01585994
0.01220031
0.009516273
0.009516273
0.006099377
0.008783413
0.009271986
0.0131759
0.01073615
0.0007313028
-0.005123788
-0.005123788
0.01268733
0.00561236
0.01098043
0.005368074
-0.0004885725
-0.01146745
