0.07539576
0.05758465
0.05197229
0.03659937
0.03659937
0.03708794
0.03659937
0.04392018
0.0558762
0.06685664
0.06636807
0.04440875
0.02391205
0.02391205
0.03001142
0.05148372
0.06661235
0.07051627
0.05856024
0.05807167
0.05807167
0.07929967
0.09491532
0.09662377
0.09028011
0.08686477
0.09637949
0.1066286
0.1066286
0.1124837
0.122
0.122
0.1217557
0.1063843
0.08100812
0.06026869
0.06026869
0.06026869
0.04757981
0.02342347
0.01146745
0.03513677
0.03757652
0.08906023
0.1334674
0.1334674
0.1427394
0.1573795
