0.05416775
0.04879968
0.06343974
0.05856024
0.06734365
0.07246744
0.05343645
0.05343645
0.04148043
0.04001627
0.03001142
0.01707981
0.01781267
0.01976385
0.01976385
0.02293646
0.02073944
0.02122801
0.06197558
0.1076042
0.1395684
0.1725081
0.1986156
0.1986156
0.2605928
0.2991433
0.3716123
0.387228
0.3137834
0.2432687
0.2432687
0.1915407
0.1473762
0.1327361
0.1015033
0.01659124
-0.0566075
-0.1024804
-0.1200472
-0.1200472
-0.1471319
-0.1334674
-0.1302964
-0.1442036
-0.1466433
-0.1500602
-0.1581123
-0.1224886
-0.1224886
-0.06514819
-0.0222036
0.0009755891
0.03391533
0.05245931
0.06148856
0.06148856
0.07295601
0.07442018
0.07978825
0.08954725
0.1778762
0.246684
0.3291563
0.3918647
0.3918647
0.4689674
0.5199641
0.5365553
0.5487556
0.5909674
0.6095113
0.5655927
0.5655927
0.4589641
0.4223647
0.3813713
0.31964
0.2442442
0.1888566
0.1793403
0.1793403
0.1873925
0.1810472
0.1420081
0.08954725
0.01951956
-0.09320843
-0.09320843
-0.1944674
-0.2825521
-0.3423322
-0.4072361
-0.4567686
-0.4755553
-0.4906839
-0.5070325
-0.5311888
-0.5311888
-0.5511954
-0.5575406
-0.5409478
-0.5280162
-0.5319201
-0.5399722
-0.5399722
-0.5292361
-0.511912
-0.4533517
-0.3162247
-0.1695798
-0.07539576
0.01268733
0.01268733
0.1129723
0.206912
0.2779153
0.3447719
0.4082117
0.4677475
0.5048354
0.5048354
0.4887312
0.4514005
0.4584755
0.4962963
0.5106921
0.4931237
0.4609153
0.4609153
0.4223647
0.4052834
0.3191514
0.2056921
0.1280994
0.06612378
0.06612378
-0.01073615
-0.08954725
-0.1539641
-0.1895879
-0.2144756
-0.1707997
-0.1595765
-0.1695798
-0.2122801
-0.2122801
-0.2630325
-0.2788924
-0.2615683
-0.2364364
-0.225456
-0.2603485
-0.1964201
-0.1964201
-0.1722638
