0.1778762
0.1912964
0.2320439
0.2464397
0.2464397
0.2691319
0.2906042
0.2513208
0.2579087
0.2576644
0.2576644
0.185684
0.185684
0.1307834
0.08930452
0.04099186
-0.01512863
-0.0263518
-0.03611235
-0.03611235
-0.05709608
-0.05001955
-0.03147558
-0.03635664
-0.05148372
-0.03196416
-0.02464335
-0.02464335
-0.03489248
-0.05514335
-0.07271173
-0.1066286
-0.1254153
-0.1263925
-0.1259039
-0.1259039
-0.1241954
-0.124684
-0.1356644
-0.1576238
-0.1776319
-0.2027638
-0.2662036
-0.3303761
-0.3303761
-0.3659999
-0.3547752
-0.2832834
-0.1590879
-0.06148856
0.05685179
0.05685179
0.1668957
0.3440406
0.5841367
0.7246806
0.8078842
0.9130487
0.9816122
1.020164
1.020164
1.061156
1.1224
1.09922
0.9947881
0.8571725
0.6653875
0.5045927
0.5045927
0.3855195
0.2369234
0.09271986
0.01098043
-0.04026055
-0.01000329
-0.01000329
0.009760559
-0.04148043
-0.1537199
-0.1910521
-0.2735244
-0.3254966
-0.3762475
-0.3884478
-0.3884478
-0.3952801
-0.4750683
-0.5055683
-0.535824
-0.5873078
-0.4936123
-0.4028436
-0.4028436
-0.3635602
-0.2605928
-0.1790961
-0.1520114
-0.1490846
-0.1102882
0.05612049
0.05612049
0.1610407
0.1605521
0.2405846
0.3877165
0.4570113
0.5194755
0.5860879
0.5860879
0.6990601
0.8178875
0.8608321
0.8142279
0.7790927
0.7380993
0.7380993
0.725412
0.7171155
0.6946676
0.5343599
0.3647801
0.2674234
0.1351759
-0.02513192
-0.02513192
-0.2359478
-0.4457882
-0.6173207
-0.6973517
-0.7007686
-0.7512767
-0.7229722
-0.6792963
-0.6792963
-0.6529445
-0.6151237
-0.5873078
-0.4409087
-0.2835276
-0.2142313
-0.2142313
-0.1839756
-0.1254153
-0.09247557
-0.07881266
-0.04489577
0.001952734
0.07978825
0.07978825
0.1505472
0.2266759
0.2693762
0.2520521
0.2208208
0.1832443
0.1422524
0.1864153
0.1864153
0.2723045
0.3601433
0.4079674
0.3989397
0.3784445
0.3650244
0.3830797
0.3830797
0.3782003
0.3674641
0.3135406
0.2408274
