-0.1739723
-0.1876367
-0.2078876
-0.2178925
-0.2178925
-0.1920277
-0.1920277
-0.1783648
-0.1647003
-0.1451807
-0.1388355
-0.1363958
-0.1415195
-0.1381042
-0.1539641
-0.1539641
-0.1727524
-0.1900765
-0.1903208
-0.1991042
-0.2152084
-0.2034967
-0.2017882
-0.2017882
-0.1961759
-0.1952003
-0.1927605
-0.1956873
-0.1886123
-0.1825114
-0.1825114
-0.1871482
-0.1942247
-0.1939804
-0.1866596
-0.1790961
-0.1786075
-0.1742166
-0.1705554
-0.1705554
-0.1839756
-0.1915407
-0.2047165
-0.2261873
-0.2542475
-0.2867003
-0.3086596
-0.3086596
-0.331596
-0.3396482
-0.3506286
-0.356728
-0.3738078
-0.3669755
-0.3684397
-0.3699039
-0.3699039
-0.3850325
-0.3896677
-0.3945487
-0.392596
-0.3950358
-0.3950358
-0.3816156
-0.3816156
-0.3882035
-0.3860081
-0.3730765
-0.3625846
-0.3496514
-0.3384283
-0.328912
-0.328912
-0.3191514
-0.3096367
-0.3040244
-0.2920683
-0.2881644
-0.2825521
-0.2825521
-0.2727915
-0.2727915
-0.2659593
-0.2642524
-0.2508322
-0.2396075
-0.2396075
-0.2427801
-0.2391205
-0.2242361
-0.2310683
