0.09491532
0.1151677
0.1212687
0.1266368
0.1266368
0.1159006
0.1332247
0.1134593
0.1168762
0.1222443
0.09906352
0.09906352
0.1190717
0.1183404
0.1263925
0.1302964
0.1205358
0.1205358
0.1178518
0.09759936
0.1029674
0.08003253
0.06441533
0.05636477
0.05294788
0.04367589
0.02318074
0.02318074
0.009271986
-0.002195464
-0.01268733
-0.008783413
-0.006343663
-0.005123788
-0.008783413
-0.006343663
-0.006343663
0.001219875
0.009516273
0.01585994
0.01464006
0.01293161
0.01293161
0.01293161
0.008296397
0.01122472
0.01122472
0.01829969
0.01537136
0.01537136
0.01415149
0.02366776
0.02708466
0.02708466
0.02195931
0.02464335
0.04172472
0.03757652
0.03586807
0.03586807
0.04001627
0.03977198
0.03611235
0.02879155
0.02879155
0.03928341
0.03928341
0.02684037
0.01342018
-0.0002442863
0.06563676
0.02195931
0.08027527
0.05221658
