-0.04831266
-0.06929639
-0.06929639
-0.05953583
-0.051728
-0.06709937
-0.06709937
-0.07344458
-0.04026055
-0.02195931
-0.0641726
-0.05416775
-0.06709937
-0.1063843
-0.1063843
-0.1163876
-0.09418402
-0.10614
-0.1466433
-0.1517687
-0.1085798
-0.05758465
-0.05758465
-0.00341534
0.06441533
0.1280994
0.1686042
0.1991042
0.2252117
0.1920277
0.1649446
0.1649446
0.131272
0.04611564
-0.002684037
-0.04099186
-0.04440875
-0.03245273
-0.05294788
-0.05294788
-0.07100328
-0.07905539
-0.1046759
-0.1320033
-0.1229756
-0.1468876
-0.1939804
-0.2410716
-0.2410716
-0.2862117
-0.3049999
-0.3008518
-0.3198843
-0.3045114
-0.3045114
-0.3184201
-0.3218355
-0.3313518
-0.2896286
-0.2740114
-0.2579087
-0.2313126
-0.2313126
-0.2330195
-0.2083762
-0.1593322
-0.133956
-0.1439593
-0.1466433
-0.1466433
-0.1478648
-0.1461563
-0.1751921
-0.1451807
-0.1168762
-0.09930781
-0.0649039
0.0180554
0.1149235
0.1149235
0.1927605
0.2171596
0.2137443
0.1598208
0.0690521
0.02659608
0.02659608
-0.01707981
-0.01707981
-0.03245273
-0.03806353
-0.06880782
-0.07002769
-0.05270359
-0.05050813
-0.1005277
-0.1005277
-0.1427394
-0.1773876
-0.1964201
-0.1991042
-0.2091075
-0.2081319
-0.2081319
-0.1717753
-0.1798274
-0.1905635
-0.1964201
-0.2193566
-0.1934918
-0.1544527
-0.1241954
-0.1044316
-0.08442346
-0.08442346
-0.04489577
-0.02684037
-0.01073615
0.03098857
0.03098857
0.03586807
0.02562049
0.03049999
0.02513192
0.01293161
-0.002439751
-0.004392485
0.002928323
0.002928323
0.001219875
-0.001952734
-0.01024758
0.02122801
0.04782409
0.04782409
0.07881266
0.07881266
0.09979638
0.1044316
0.07978825
0.08247229
0.08149669
0.05319216
0.02098372
0.02098372
0.02684037
0.03318403
0.01878826
0.01464006
-0.02391205
-0.04611564
-0.0863762
-0.0863762
-0.112728
-0.1193159
-0.122
-0.1285879
-0.1424967
-0.2108159
-0.2108159
-0.2588843
-0.2764527
-0.267912
-0.2454641
-0.2159397
-0.1888566
-0.1888566
-0.1654316
-0.1332247
-0.08759607
-0.1029674
-0.100772
-0.09564818
-0.1058958
-0.1058958
-0.1190717
-0.1390798
-0.1461563
-0.1466433
-0.1437166
-0.1461563
-0.1388355
-0.1300521
-0.1198045
-0.1107753
-0.08491204
-0.08491204
-0.09247557
-0.08735178
-0.09881923
-0.1151677
-0.1151677
-0.1141922
-0.0871075
-0.05709608
-0.03269546
-0.03196416
-0.03586807
-0.03025571
-0.03025571
0.00341534
0.02415633
0.01268733
-0.001464162
0.006099377
