-0.4016237
-0.4016237
-0.3930846
-0.4016237
-0.4016237
-0.4574999
-0.4245602
-0.4245602
-0.2357036
-0.2357036
-0.1847084
-0.1627475
-0.1012605
-0.1012605
0.01220031
0.01220031
0.09271986
0.09271986
0.1212687
0.1761677
0.1761677
0.1761677
0.2693762
0.2825521
0.2825521
0.2542475
0.2542475
0.2576644
0.2949966
0.3228126
0.3228126
0.3962556
0.3962556
0.3962556
0.3010961
0.3010961
0.2896286
0.2823078
0.2823078
0.2120358
0.2235032
0.2210635
0.1688485
0.1515244
0.1500602
0.1266368
0.1266368
0.1966644
0.1966644
0.1898322
0.1898322
0.183
0.183
0.2618126
0.2618126
0.3552638
0.413824
0.413824
0.56364
0.5697393
0.5555879
0.5141074
0.4553045
0.4179722
0.3667313
0.3150032
0.2271644
0.1703126
0.08125241
0.08125241
0.04757981
0.04757981
-0.01512863
-0.06392831
-0.1224886
-0.2564445
-0.2564445
-0.1700684
