-0.9049966
-0.9179282
-0.9179282
-0.9459884
-0.9950324
-1.042856
-1.082873
-1.105076
-1.110931
-1.111664
-1.111664
-1.087996
-0.9947881
-0.8049559
-0.6997914
-0.7339526
-0.76128
-0.8152035
-0.8569282
-0.8569282
-0.8178875
-0.8147165
-0.7688435
-0.7637197
-0.7742116
-0.801052
-0.8513158
-0.8513158
-0.9481839
-1.01992
-1.042368
-0.9930797
-0.9689233
-0.9850276
-0.9901513
-0.9901513
-1.002107
-0.9803923
-0.9796594
-0.9762442
-0.9625797
-0.9757556
-1.037
-1.037
-1.067988
-1.129964
-1.232689
-1.348832
-1.434475
-1.438379
-1.438379
-1.46156
-1.456925
-1.329799
-1.140944
-0.9513565
-0.7593273
-0.6026806
-0.5104478
-0.5104478
-0.4714087
-0.4465195
-0.3601433
-0.2342394
-0.2322882
-0.3108566
-0.3108566
-0.3772247
-0.3906433
-0.3940602
-0.4118713
-0.4523761
-0.5104478
-0.5907246
-0.7505438
-0.7505438
-0.7590845
-0.7041839
-0.9047523
-1.085799
-1.078236
-1.061888
-1.013821
-1.013821
-1.112151
-1.412516
-1.466439
-1.46156
-1.585024
-1.523536
-1.523536
-1.505236
-1.660908
-1.749236
-1.527928
-1.411785
-1.278316
-1.229272
-1.238299
-1.096049
-1.096049
-0.8042246
-0.6143924
-0.4657963
-0.3847882
-0.3557524
-0.3930846
-0.4152882
-0.4152882
-0.4196807
-0.4460325
-0.4287084
-0.4316367
-0.4560358
-0.5131319
-0.5665683
-0.5665683
-0.5458273
-0.5375324
-0.5585162
-0.5102035
-0.5065439
-0.6646562
-0.8479005
-0.8479005
-1.006256
-1.158268
-1.125816
-1.148019
-1.296615
-1.491329
-1.596736
-1.596736
-1.562576
-1.569653
-1.534516
-1.389335
-1.144848
-1.031145
-1.136552
-1.136552
-1.196821
-1.020896
-0.831552
-0.7610357
