-0.9345194
-0.9276887
-0.8998728
-0.8967001
-0.9306155
-0.9306155
-0.9528207
-0.9669721
-0.9669721
-0.9611155
-0.95892
-0.9581887
-0.9289086
-0.9069477
-0.9069477
-0.8920634
-0.8718125
-0.8503402
-0.8393598
-0.8330162
-0.8571725
-0.8732767
-0.8732767
-0.8725438
-0.8708354
-0.8874282
-0.8676643
-0.8447279
-0.8476562
-0.8476562
-0.8654673
-0.8737637
-0.8932848
-0.9345194
-0.9140242
-0.8910878
-0.8920634
-0.8857197
-0.8857197
-0.9101204
-0.9240276
-0.9716073
-1.018944
-1.03334
-1.032365
-1.019431
-1.019431
-0.9918598
-0.9723402
-0.9457442
-0.9252474
-0.9203679
-0.9171953
-0.9171953
-0.9184167
-0.9242718
-0.9311041
-0.9420845
-0.949648
-0.9520878
-0.9533077
-0.9552604
-0.9674607
-0.9674607
-0.9684363
-0.9450113
-0.9340324
-0.9193923
-0.9320797
-0.9408646
-0.9408646
-0.9440357
-0.9516008
-0.9298842
-0.9298842
-0.9064607
-0.9267116
-0.9267116
-0.9408646
-0.9530634
-0.9518435
-0.9511122
-0.9440357
-0.9276887
-0.9142686
-0.8957246
-0.8891366
-0.8891366
-0.8852327
-0.9081676
-0.9003598
-0.8957246
-0.8840113
-0.8710797
-0.8601008
-0.8601008
-0.8518044
-0.8598565
-0.8893794
-0.8801073
-0.8815715
-0.88328
-0.88328
-0.8879167
-0.9179282
-0.9384233
-0.9459884
-0.9401318
-0.9569673
-0.9569673
-0.968192
-0.9591643
-0.9423288
-0.9391562
-0.9245161
-0.925736
-0.9852718
-0.9755128
-0.9755128
-0.9567246
-0.9293956
-0.8974315
