0.1183404
0.1776319
0.5233794
0.2832834
0.1112638
0.3767361
0.4435927
0.4435927
0.4374918
0.4145553
0.5714478
0.1171205
0.3699039
0.4936123
0.4936123
0.6734396
0.6734396
0.8139836
0.2237475
-0.05490061
0.2486367
0.3093924
0.3093924
0.6280553
0.6280553
0.2447313
0.1256596
0.3040244
0.3040244
0.8776676
0.8776676
0.5343599
0.5343599
0.4860487
0.6597767
0.7393207
0.7158957
0.3789316
0.7124803
0.8237442
0.8583924
0.8583924
0.2840162
0.2840162
0.1566482
0.05294788
0.2647394
0.2647394
0.7951953
0.5690081
0.4506677
0.3406237
0.3406237
0.6700243
