-0.8557083
-0.8681514
-0.8681514
-0.8662001
-0.8503402
-0.8422881
-0.8454607
-0.8522914
-0.858148
-0.858148
-0.8588794
-0.8591236
-0.862052
-0.8605878
-0.8566839
-0.8535113
-0.8559526
-0.8547327
-0.8547327
-0.8557083
-0.8574167
-0.8566839
-0.8552197
-0.8476562
-0.8498517
-0.8498517
-0.8498517
-0.8469234
-0.8427767
-0.8437523
-0.8503402
-0.8561953
-0.8461921
-0.8461921
-0.8559526
-0.8559526
-0.85278
-0.8398484
-0.8359445
-0.83814
-0.8388728
-0.8388728
-0.8522914
-0.8469234
-0.8357002
-0.85278
-0.8615634
-0.8844998
-0.9059721
-0.9059721
-0.9186594
-0.9247604
-0.9169526
-0.9184167
-0.9506236
-0.9520878
-0.9413517
-0.9303728
-0.9328125
-0.9328125
-0.9428158
-0.9220763
-0.9059721
-0.9052393
-0.9018239
-0.9018239
-0.9118288
-0.9245161
-0.9237848
-0.8986514
-0.9008484
-0.9176839
-0.9125601
-0.8564396
-0.8457035
-0.8457035
-0.8686399
-0.8662001
-0.8888924
-0.8957246
-0.9030438
-0.9030438
-0.9118288
-0.8976758
-0.8969445
-0.8888924
-0.8898679
-0.8974315
-0.9149998
-0.9149998
-0.9108517
-0.9020683
-0.8954803
-0.8852327
-0.8923077
-0.8898679
-0.9071921
-0.9071921
-0.9181725
-0.9394005
-0.9359836
-0.9274445
-0.9254917
-0.9074363
-0.9091448
-0.9091448
-0.9023125
-0.9030438
-0.9025568
-0.8971887
-0.8825487
-0.8769363
-0.8666887
-0.8378956
-0.8378956
-0.8032475
-0.7783598
-0.7993435
-0.8420438
-0.8759607
-0.8866953
-0.8652246
-0.8637604
-0.8662001
-0.8662001
-0.8559526
-0.8510715
-0.8498517
-0.8449721
-0.8496073
-0.8496073
-0.8437523
-0.8469234
-0.8566839
-0.8696155
-0.8722996
-0.8693728
-0.8591236
-0.8371643
-0.8225242
-0.8225242
-0.8215487
-0.8266725
-0.8542442
-0.8803517
-0.8652246
-0.8525357
-0.8525357
-0.8588794
-0.8569282
-0.8522914
-0.8598565
-0.8808402
-0.8881595
-0.8476562
-0.8476562
-0.8491204
-0.8825487
-0.8901122
-0.8579038
-0.8420438
-0.8186204
-0.824964
-0.824964
-0.8095927
-0.8237442
-0.8122767
-0.8332604
-0.8332604
-0.8210601
-0.8210601
-0.8366758
-0.8474119
-0.8479005
-0.8447279
-0.8530242
-0.8601008
-0.8596122
-0.8652246
-0.8652246
-0.885964
-0.8815715
-0.8903565
-0.8986514
-0.8962116
-0.8879167
-0.8847442
-0.8847442
-0.8823044
-0.8823044
-0.8686399
-0.8622963
-0.8627848
-0.8644917
-0.8771806
-0.9001155
-0.9001155
-0.9125601
-0.8139836
-0.8139836
-0.7581074
-0.7361481
-0.7361481
-0.7295601
-0.7700634
-0.7937327
-0.8374086
-0.8442393
-0.8442393
-0.8505845
-0.8371643
-0.8371643
-0.8281366
-0.8178875
-0.8134966
-0.8122767
-0.8108125
-0.8203273
-0.8198403
-0.8198403
-0.8191074
-0.8120324
-0.8086155
-0.8210601
-0.8210601
-0.827648
-0.8357002
-0.8322833
-0.8322833
-0.8230113
-0.8215487
-0.8215487
-0.8308207
-0.8291122
-0.8291122
-0.8183761
-0.8137393
-0.8059315
-0.8059315
-0.8042246
-0.8027604
-0.8266725
-0.8269168
-0.8535113
-0.8535113
-0.8915763
-0.8408239
-0.7883646
-0.8191074
-0.8708354
-0.8993842
-0.8993842
