-0.9540405
-0.9540405
-1.092145
-1.121912
-0.9423288
-0.9423288
-0.8444836
-0.9113402
-1.246352
-1.246352
-1.180716
-1.180716
-1.064816
-1.003329
-1.084093
-1.084093
-0.8432637
-0.8432637
-0.7532279
-0.7532279
-1.039684
-1.065549
-0.9857604
-0.9796594
-1.057252
-1.057252
-0.9274445
-0.9767327
-0.9767327
-0.9435487
-0.8186204
-0.8186204
-0.9764884
-0.9764884
-0.8176448
-0.8176448
-0.8176448
-1.103368
-1.103368
-1.041637
-0.6583126
-0.6583126
-0.8452165
-0.8452165
-1.033584
-0.9420845
-0.9420845
-0.9586757
-0.9467197
-0.8742523
-0.8642474
-0.8793761
-0.9586757
-0.9586757
-1.153876
-1.153876
-1.07726
-1.07726
-1.10044
-1.025044
-1.025044
-1.239519
