-0.9584315
-0.7925113
-0.7027197
-0.6236644
-0.6788077
-0.6788077
-0.4228517
-0.2469283
-0.04026055
-0.04026055
0.02171658
0.02171658
-0.008052111
-0.1759235
-0.2627882
-0.2627882
-0.3350114
-0.368684
-0.4557915
-0.4557915
-0.6783207
-0.6783207
-0.5963354
-0.5963354
-1.106052
-1.379332
-1.633337
-1.633337
-1.728008
-1.521584
-1.194137
-1.048225
-0.7256562
-0.5316758
-0.4411514
-0.4411514
-0.2213078
-0.1610407
-0.1310277
-0.1310277
-0.2603485
-0.2603485
-0.4899527
-0.4899527
-1.003085
-1.003085
-1.260505
-1.242692
-0.9786839
-0.9786839
-0.5343599
-0.5343599
-0.4006481
-0.4006481
-0.2557117
-0.2474153
-0.2779153
-0.2779153
-0.4911725
-0.5724234
-0.8625405
-1.067988
-1.245376
-1.349563
-1.518412
-1.518412
