-0.8757164
-0.8898679
-0.9057279
-0.9184167
-0.9184167
-0.9530634
-0.9530634
-0.9594086
-0.9608728
-0.9459884
-0.9528207
-0.9606284
-0.940376
-0.9276887
-0.9272001
-0.9272001
-0.9289086
-0.9208565
-0.9008484
-0.9037767
-0.8908435
-0.8849884
-0.8962116
-0.8962116
-0.9049966
-0.9049966
-0.9047523
-0.9049966
-0.8942604
-0.8942604
-0.8998728
-0.8713239
-0.8422881
-0.7832393
-0.7442002
-0.7280959
-0.7280959
-0.71492
-0.7517637
-0.7517637
-0.8020276
-0.8747393
-0.9647767
-1.015527
-1.028461
-1.040417
-1.06384
-1.06384
-1.069695
-1.045541
-1.044563
-1.056032
-1.098244
-1.138505
-1.138505
-1.180961
-1.18828
-1.154852
-1.12606
-1.085557
-1.040417
-0.9901513
-0.9633125
-0.9633125
-0.9606284
-0.9613598
-0.9577001
-0.9498923
-0.9498923
-0.9523321
-0.9713646
-0.9713646
-0.9928353
-1.002596
-1.0309
-1.033584
-1.00406
-0.9603842
-0.9010926
-0.9010926
-0.8213044
-0.7756758
-0.7390764
-0.7241921
-0.7090634
-0.6980845
-0.6980845
-0.7229722
-0.7781155
-0.7781155
-0.8166676
-0.9030438
-0.9550161
-1.01748
-0.9764884
-0.9764884
-0.9433044
-0.8525357
-0.8810845
-0.9320797
-0.9347637
-0.8901122
-0.8901122
-0.8344803
-0.8183761
-0.8049559
