-0.9154884
-0.9476953
-0.9476953
-1.00772
-1.058716
-1.024312
-1.024312
-0.9816122
-0.9816122
-1.004791
-1.027728
-1.022848
-1.008695
-0.9862474
-0.9738044
-0.9855161
-0.9855161
-0.9860047
-1.0187
-0.9979607
-0.9552604
-0.9581887
-0.9491594
-0.9452556
-0.9825878
-0.9825878
-1.007475
-1.041148
-1.024312
-0.9711204
-0.9208565
-0.9818565
-0.9818565
-1.005769
-0.9860047
-0.9860047
-0.9940552
-1.028703
-1.047247
-1.047247
-1.054568
-1.002352
-0.9642881
-0.9725845
-1.002596
-1.026752
-1.012112
-0.9930797
-0.9764884
-0.9964966
-0.9964966
-1.026264
-1.04676
-1.029923
-0.9957637
-0.9957637
-1.005524
-1.005524
-1.010159
-1.017725
-1.008453
-0.9764884
-0.9808794
-0.986736
-0.986736
-0.9701447
-0.9555047
-0.9598956
-0.9584315
-0.9725845
-0.9525763
-0.9525763
-1.018212
-1.035536
-1.029436
