-0.9394005
-0.9706318
-0.9706318
-1.029681
-0.9040194
-0.9110959
-0.9664836
-0.9664836
-0.9440357
-0.9325683
-0.9777083
-0.9777083
-1.025044
-1.025044
-0.9781953
-0.9781953
-1.260505
-1.260505
-1.037488
-1.037488
-1.015772
-1.015772
-1.086044
-1.135332
-1.085557
-0.8803517
-0.7532279
-0.7390764
-0.9189038
-0.9189038
-1.188769
-0.8698598
-1.022604
-1.022604
-0.8586366
-0.8166676
-0.9091448
-1.047005
-1.047005
-1.06262
-1.06262
-0.9691676
-0.9691676
-0.9174396
-0.9720959
-0.9720959
-0.9982035
-1.040172
-0.9886887
-0.9886887
-0.8932848
-0.8932848
-0.8779119
-0.9054836
-0.9274445
-0.9274445
-0.9757556
-0.9642881
-0.9452556
-0.8964559
