-0.7300487
-0.7483484
-0.7483484
-0.88328
-0.9640438
-1.039197
-1.039197
-1.106541
-1.22976
-1.22976
-1.173884
-1.063352
-1.063352
-0.9718516
-0.8935276
-0.8147165
-0.8147165
-0.7959282
-0.824964
-0.824964
-0.8474119
-0.8713239
-0.862052
-0.8676643
-0.9415959
-1.039928
-1.0797
-1.126791
-1.118252
-1.118252
-1.069453
-1.069453
-0.7912914
-0.7912914
-0.7093077
-0.7093077
-0.8052002
-0.8052002
-0.8686399
-0.9354966
-1.132648
-1.132648
-1.2627
-1.2627
-1.258552
-1.227563
-1.168028
-1.093852
-1.048225
-0.9418402
-0.8981643
-0.8981643
-0.9584315
-1.048956
-1.048956
-1.08336
-1.134601
-1.134601
-1.131428
-1.101172
-1.081651
-1.027484
