-0.7349282
-0.66978
-0.8171562
-0.9362279
-0.9362279
-0.6548957
-0.6548957
-0.6548957
-0.6487963
-0.7573761
-0.7573761
-0.6202475
-0.6202475
-0.9579445
-0.9579445
-1.29076
-1.29076
-1.26148
-1.103612
-1.103612
-0.6490406
-0.6490406
-0.7036954
-0.7036954
-0.5802327
-0.8574167
-0.9652637
-0.9652637
-1.133624
-1.124596
-0.9159755
-0.8976758
-0.8378956
-0.8378956
-0.6383044
-0.6383044
-0.7478598
-0.7478598
-0.5299674
-0.5299674
-0.4911725
-0.4797035
-0.4001596
-0.4001596
-0.3977198
-0.3977198
-0.3428208
-0.3428208
-0.3428208
-0.2725488
-0.2725488
-0.4670162
-0.3572165
-0.3572165
-0.6463565
-0.6463565
-0.6958875
-0.80764
-0.80764
-0.606096
-0.9555047
-0.9784396
-0.9613598
-0.9613598
-0.862052
-0.6341562
-0.6768565
-0.8274038
