-0.9047523
-0.8488761
-0.8488761
-0.8452165
-0.8452165
-0.8752279
-0.9196366
-0.8866953
-0.8866953
-0.9176839
-0.9176839
-0.9691676
-0.9691676
-0.9530634
-0.9472083
-0.9508679
-0.9218321
-0.9218321
-0.9364721
-0.9933239
-0.9933239
-1.0065
-0.9933239
-0.9933239
-0.9611155
-0.9569673
-0.9569673
-0.9491594
-0.9491594
-0.9816122
-0.9816122
-0.9816122
-1.025288
-1.020409
-0.9279315
-0.7815324
-0.7422475
-0.7807996
-0.8479005
-0.8808402
-0.8808402
-0.9220763
-1.072624
-1.088972
-1.088972
-1.18706
-1.18706
-1.110689
-1.110689
-1.110689
-1.028703
-1.028703
-0.9667279
-0.9667279
-0.9171953
-0.9132914
-0.9132914
-0.9252474
-0.9252474
-0.8947474
-0.8947474
-0.8640047
-0.855464
