-1.005524
-1.0187
-1.015527
-1.015527
-0.9879559
-0.9633125
-0.9555047
-0.9640438
-0.9911284
-0.9899086
-0.9825878
-0.9886887
-1.008453
-1.008453
-1.034316
-1.022848
-1.035049
-1.028948
-1.026019
-1.025288
-1.025288
-1.023335
-1.013576
-1.009184
-1.006256
-0.996008
-0.9928353
-0.9864917
-0.9886887
-0.9886887
-1.0065
-0.9816122
-0.9640438
-0.9667279
-0.9706318
-0.9750242
-0.9852718
-0.9852718
-0.9899086
-0.9984477
-1.014552
-1.020164
-1.025532
-1.01992
-1.00894
-1.00894
-1.00894
-1.002107
-0.9962522
-0.9903956
-0.9855161
-0.9777083
-0.9811236
-0.9811236
-1.003816
-1.011137
-1.002352
-0.9950324
-0.9942995
-0.9967393
-0.977464
-0.977464
-1.000645
-0.9882001
-0.9574559
-0.9835634
