-0.8376514
-0.8261839
-0.691008
-0.691008
-0.5572963
-0.5768158
-0.603412
-0.5860879
-0.51728
-0.6217116
-0.7671366
-0.7354168
-0.8422881
-0.8422881
-0.8862083
-0.8564396
-0.9052393
-0.9052393
-1.120203
-1.120203
-1.185596
-1.185596
-1.517436
-1.413736
-1.413736
-1.290516
-1.275387
-1.169492
-1.125571
-0.9215878
-0.9215878
-0.8500959
-0.8352116
-0.7773842
-0.7256562
-0.7402963
-0.7259005
-0.7510324
-0.6568484
-0.6053647
-0.6195162
-0.7559119
-0.7559119
-0.7424917
-0.7424917
-0.8742523
-0.8742523
-0.9225634
-0.9225634
-0.9289086
-1.019189
-1.099464
-1.0919
-1.0919
-1.119472
-1.178032
-1.178032
-1.203409
-1.203409
