-0.8156921
-0.8164234
-0.8164234
-0.8020276
-0.8020276
-0.8059315
-0.8120324
-0.8122767
-0.8154477
-0.8127637
-0.8161806
-0.8161806
-0.8139836
-0.8215487
-0.8198403
-0.8176448
-0.8230113
-0.8266725
-0.8293565
-0.8330162
-0.8344803
-0.8344803
-0.8283794
-0.8286237
-0.8210601
-0.8098354
-0.8059315
-0.8059315
-0.8054445
-0.8117881
-0.8144721
-0.82228
-0.83692
-0.8479005
-0.8579038
-0.8957246
-0.8957246
-0.9501366
-0.9633125
-0.9089005
-0.8705927
-0.7332197
-0.7168728
-0.6719755
-0.6719755
-0.6829559
-0.6861285
-0.7610357
-0.7776285
-0.7878761
-0.7981237
-0.7981237
-0.8078842
-0.8195959
-0.8225242
-0.8305764
-0.8398484
-0.85278
-0.8608321
-0.8608321
-0.8530242
-0.8613207
-0.855464
-0.8498517
-0.8310634
-0.8376514
-0.8288679
-0.8339917
-0.8339917
-0.8422881
-0.8535113
-0.8635162
-0.8642474
-0.8654673
-0.8608321
-0.8608321
-0.8518044
-0.8457035
-0.8444836
-0.8415568
-0.824964
-0.810324
-0.7983679
-0.7983679
-0.7893403
-0.7666481
-0.7117475
-0.6165879
-0.5233794
-0.4501807
