-1.013821
-1.00894
-1.00162
-1.00162
-0.9847832
-0.9720959
-0.9796594
-1.000888
-1.006256
-1.017725
-1.029923
-1.029923
-1.034072
-1.036756
-1.026508
-1.023824
-1.007475
-0.9974721
-1.002596
-1.021873
-1.021628
-1.021628
-1.007233
-0.9821008
-0.98942
-1.002352
-1.006744
-1.00162
-1.00162
-0.9842963
-0.9835634
-0.9791725
-0.9701447
-0.9674607
-0.9596514
-0.9540405
-0.9738044
-0.9738044
-0.9679477
-0.9777083
-0.9781953
-0.9808794
-0.9833207
-0.9899086
-0.9947881
-0.9947881
-0.9784396
-0.9818565
-0.9840519
-0.9889315
-0.9879559
-0.9906399
-0.9906399
-0.9882001
-0.9925926
-0.980148
-0.9852718
-0.9921041
-0.998692
-0.9977164
-1.003329
-1.003329
-0.9984477
-0.9925926
-1.002107
-1.002107
-0.9974721
-0.9999119
-0.9999119
-0.9923484
