-0.8893794
-0.8923077
-0.8901122
-0.8881595
-0.8881595
-0.8964559
-0.8964559
-0.892552
-0.8818158
-0.862052
-0.8671758
-0.8847442
-0.9001155
-0.9001155
-0.9081676
-0.9210992
-0.9149998
-0.8998728
-0.8879167
-0.8906008
-0.8901122
-0.8901122
-0.8915763
-0.895236
-0.8957246
-0.8935276
-0.8942604
-0.8876725
-0.8891366
-0.8893794
-0.8893794
-0.8842556
-0.8798646
-0.8884038
-0.8918207
-0.8942604
-0.8918207
-0.8918207
-0.8913321
-0.8901122
-0.9013354
-0.9103646
-0.9013354
-0.8676643
-0.8615634
-0.8500959
-0.8500959
-0.8186204
-0.8266725
-0.8300878
-0.8230113
-0.8417996
-0.8603435
-0.8864526
-0.8864526
-0.9042637
-0.9201236
-0.9303728
-0.937692
-0.9357393
-0.9357393
-0.9425715
-0.9667279
-0.9667279
-0.9740487
-0.9891757
-0.9828321
-0.9847832
-0.9860047
-0.9860047
-0.998692
-1.00528
-0.9991806
-0.9918598
-0.9742914
-0.9667279
-0.9555047
-0.9555047
-0.9518435
-0.9513565
-0.9452556
-0.9354966
-0.9345194
-0.9357393
-0.9367164
-0.9362279
-0.9364721
-0.9364721
-0.9386676
-0.9189038
-0.9264688
-0.9286643
-0.9345194
