0.5045927
0.5294803
0.5294803
0.5338713
0.5221595
0.511912
0.5094722
0.5148403
0.5219153
0.5333843
0.5333843
0.5431433
0.5431433
0.5294803
0.5136204
0.5080081
0.5016644
0.4921481
0.4826318
0.4826318
0.4784836
0.4616481
0.4540846
0.4448126
0.4352963
0.4282198
0.4282198
0.4282198
0.4106514
0.4077246
0.4040635
0.4023566
0.3999153
0.4028436
0.3974755
0.3974755
0.3974755
0.3982084
0.404552
0.4040635
0.4072361
0.4150439
0.4150439
0.41114
0.4116286
0.4157768
0.4321237
0.4321237
0.4333436
0.4333436
0.4301725
0.4301725
0.4179722
