-0.5897475
-0.6129282
-0.6434282
-0.6341562
-0.6341562
-0.6258599
-0.6217116
-0.6217116
-0.6512361
-0.6802719
-0.7168728
-0.7773842
-0.8676643
-0.8676643
-0.9086562
-0.8535113
-0.7866562
-0.6890553
-0.6234201
-0.4589641
-0.4589641
-0.328912
-0.5282605
-0.2132557
-0.005856646
-0.07246744
-0.1983713
-0.02928012
-0.02928012
0.05050813
0.1259039
0.1481075
0.1288322
0.1058958
-0.1324918
-0.1417638
-0.1417638
-0.04148043
-0.04148043
-0.1044316
-0.0732003
-0.1037003
-0.0863762
-0.03245273
-0.03245273
-0.0353795
-0.051728
-0.0649039
-0.02269217
-0.04294459
-0.03757652
-0.06807651
-0.08832738
-0.07783552
-0.07783552
-0.0780798
-0.05807167
-0.01976385
-0.0180554
-0.02879155
-0.02879155
-0.04904397
-0.01537136
0.005123788
-0.01195602
-0.0336726
-0.03049999
0.002439751
0.002439751
-0.01415149
-0.01049186
-0.002684037
-0.01756838
-0.01049186
-0.02049671
-0.01073615
-0.01073615
-0.02879155
-0.02488763
0.002928323
0
-0.06758794
-0.03781925
0.02342347
-0.04465148
-0.04465148
-0.03220844
0.06587949
0.005368074
-0.01903255
