0.1739723
0.1329804
0.1329804
0.1278566
0.10614
0.08857166
0.08418074
0.09711234
0.09711234
0.1202915
0.1525
0.1812915
0.2039837
0.2349723
0.246684
0.2476596
0.2476596
0.2230162
0.218868
0.2271644
0.2303355
0.2303355
0.2403403
0.2408274
0.2408274
0.2403403
0.2349723
0.234728
0.2293599
0.2510765
0.2840162
0.2840162
0.2952394
0.3059755
0.3157361
0.3423322
0.3423322
0.3777117
0.3601433
0.3186644
0.3186644
0.3059755
0.3118322
0.3252524
0.3428208
0.3884478
0.4433484
0.4440797
0.5121562
0.5121562
0.5760846
0.6085358
0.6195162
0.6119527
0.6168321
0.6378158
0.6378158
0.6556285
0.6492833
0.6239086
0.5816954
0.526552
0.4753126
0.4243159
0.4243159
0.3784445
0.3591677
0.3469674
0.3184201
0.2925554
0.2708403
0.2296042
0.1898322
0.1898322
0.1503045
0.1276123
0.1027247
0.09198856
0.1029674
0.1051645
0.1076042
0.1076042
0.1090684
0.1076042
0.1088241
0.1249283
0.2144756
0.2130114
0.2130114
0.07417589
-0.008783413
0.07490875
0.1834885
0.2405846
0.2557117
