0.4972719
0.5316758
0.5316758
0.5389966
0.5299674
0.5177686
0.5104478
0.4989803
0.4970276
0.5045927
0.5136204
0.5136204
0.514596
0.5177686
0.5255764
0.5292361
0.5187442
0.5160602
0.5160602
0.5170358
0.5165488
0.5143517
0.511912
0.5080081
0.5036156
0.5036156
0.4997117
0.4975162
0.5092279
0.5148403
0.5138647
0.4931237
0.499956
0.496052
0.496052
0.4853159
0.474824
0.4711644
0.4823876
0.4982475
0.5016644
0.5016644
0.493368
0.5019087
0.50264
0.5111806
0.5138647
0.5204527
0.5248436
0.5355797
0.5355797
0.5133761
0.481412
0.5380195
0.56364
0.5602247
0.5438761
0.5272833
0.5272833
0.5245993
0.5343599
0.5206954
0.5399722
0.5402165
0.5458273
0.5458273
0.5438761
0.5448517
0.554368
0.5326514
0.5289918
0.5404608
0.5763273
0.5550993
0.5421677
0.5421677
0.5180113
0.5187442
0.5311888
0.5458273
0.5421677
0.5536367
0.5536367
0.5509527
0.5726677
0.5253322
0.5233794
0.5267963
0.5253322
0.5170358
0.5192327
0.5192327
0.5219153
0.5370439
0.5336285
0.5333843
0.5209396
0.5192327
0.5192327
0.5197198
0.5199641
0.5160602
0.5050797
0.5062996
0.511912
0.5102035
0.5136204
0.5136204
0.5143517
0.5143517
0.5087394
0.5045927
0.5111806
0.5075195
0.5075195
0.5089837
0.5182557
0.4865358
0.4892198
0.5121562
0.5209396
0.5148403
0.5148403
0.5141074
0.5082523
0.5006872
0.5062996
0.5160602
0.5309445
0.5182557
0.5182557
0.5272833
0.4936123
0.4945879
0.4921481
0.4967833
0.5175243
0.5180113
0.5260634
0.5260634
0.5236237
0.5165488
0.5121562
0.5099608
0.5224038
0.5187442
0.5070325
0.5097165
0.5097165
0.5050797
0.50264
0.4945879
0.4950764
0.4980048
0.5077637
0.5111806
0.5111806
0.5036156
0.4958077
0.4943436
0.4989803
0.505324
0.5019087
0.5019087
0.5006872
0.4967833
0.5065439
0.5104478
0.5214282
0.5141074
0.4950764
0.4984918
0.4984918
0.5041041
0.5109364
0.521184
0.5250879
0.5224038
0.5087394
0.5087394
0.5006872
0.4967833
0.4962963
0.5023957
0.5092279
0.5072768
0.5072768
0.50264
0.4992246
0.5036156
0.4965406
0.4997117
0.5089837
0.5194755
0.5321644
0.5321644
0.51728
0.5084966
0.5082523
0.5080081
0.5153273
0.5175243
0.4972719
0.5048354
0.5048354
0.5048354
0.5019087
0.5062996
0.5102035
