0.002195464
-0.04001627
-0.03733223
-0.04562863
-0.04562863
-0.01415149
-0.02732738
-0.08759607
-0.08759607
-0.08613191
-0.08344787
-0.06685664
-0.1422524
-0.1422524
-0.09906352
-0.09906352
-0.1754364
-0.1754364
-0.1600635
-0.1625033
-0.1688485
-0.1527443
-0.1227313
-0.1227313
-0.1661644
-0.1356644
-0.1315162
-0.1715325
-0.1837313
-0.25864
-0.25864
-0.3179316
-0.4523761
-0.5011758
-0.5011758
-0.5131319
-0.4962963
-0.4962963
-0.4962963
-0.3518485
-0.3481873
-0.3616075
-0.3645358
-0.3633159
-0.3633159
-0.2942638
-0.2920683
-0.3062198
-0.2781596
