-0.007807824
0.05782738
0.1571368
0.145912
0.1476205
0.1400554
0.1039446
0.07539576
0.07539576
0.05050813
0.02366776
0.04831266
0.1471319
0.1415195
0.07612862
0.05465633
0.03855211
0.03855211
0.001708448
0.003659626
-0.001219875
-0.01220031
0
0.02879155
0.02879155
0.06661235
0.1073599
0.1190717
0.08076384
0.0946726
0.09857651
0.1105325
0.1105325
0.1205358
0.07271173
0.02903583
0.09101141
0.1417638
0.1512801
0.07149185
-0.001219875
-0.001219875
0.05709608
0.07710421
0.1310277
0.1132166
0.1288322
0.1659202
0.1659202
0.1927605
0.1817801
0.1566482
0.1566482
0.1271238
0.1093127
0.1424967
0.1517687
0.1415195
0.1266368
0.1266368
0.145912
0.112728
0.06246415
0.0124446
0.004879501
0.03586807
0.03586807
0.1261482
0.1188274
0.02610751
-0.04806838
-0.06441533
-0.02781596
0.02171658
0.02171658
-0.03513677
-0.07954396
-0.03635664
-0.01537136
-0.03342832
-0.03342832
-0.05319216
-0.04465148
-0.0509967
-0.07368731
-0.06880782
-0.01146745
0.006587949
-0.01268733
-0.01268733
0.004148198
0.004148198
0.02513192
-0.001708448
-0.01024758
-0.006587949
-0.001952734
-0.001952734
0.04709123
0.0566075
0.0566075
0.04270031
0.02732738
0.04538434
0.07929967
0.1083355
0.1071156
0.1071156
0.1041873
0.1144364
0.1176075
0.1095554
0.1005277
0.3150032
0.3150032
0.279868
0.1222443
0.04294459
-0.05856024
-0.0004885725
