0.41114
0.3891807
0.3782003
0.3650244
0.3650244
0.3211042
0.3211042
0.3137834
0.3211042
0.3337915
0.3513599
0.3562394
0.3530683
0.3606319
0.3847882
0.3847882
0.3882035
0.3555081
0.3333045
0.326228
0.326228
0.3313518
0.3206156
0.3206156
0.3132963
0.3228126
0.3342801
0.3437963
0.3574592
0.3574592
0.3552638
0.3813713
0.4021123
0.4143126
0.3928403
0.3884478
0.3884478
0.3603876
0.3606319
0.3606319
0.352824
0.3435521
0.2993876
0.1993485
0.1132166
0.03708794
-0.03708794
-0.03708794
-0.1139479
-0.1886123
-0.2749885
-0.3423322
-0.3603876
-0.3628273
-0.3628273
-0.4269999
-0.3642915
-0.3003647
-0.2164283
-0.1522557
-0.09637949
-0.08491204
-0.08271657
-0.08271657
-0.07759123
-0.06636807
-0.03733223
0.001219875
0.04001627
0.04514005
0.04196744
0.04196744
0.03977198
0.0336726
0.04196744
0.09345272
0.1754364
0.2339967
0.2500993
0.2500993
0.3003647
0.3269593
0.322324
0.3023159
0.3115879
0.3135406
0.3135406
0.3042687
0.2725488
0.2852361
0.3030488
0.3069527
0.2801123
0.2481482
0.2174039
0.2174039
0.2217964
0.4235846
0.3157361
0.2074006
0.2693762
0.3049999
0.3049999
0.3874722
0.4740927
0.5421677
