-0.06343974
-0.0871075
-0.0739316
-0.0739316
-0.06636807
-0.08247229
-0.09223129
-0.0829593
-0.06831924
-0.06295273
-0.08173943
-0.08173943
-0.1029674
-0.1168762
-0.1124837
-0.1444479
-0.1373713
-0.1137036
-0.1229756
-0.1280994
-0.115412
-0.115412
-0.08954725
-0.008783413
-0.01049186
-0.02928012
-0.0353795
-0.01976385
-0.01976385
0.02854726
0.03708794
0.04587136
0.04050328
0.03781925
0.06295273
0.06758794
0.06880782
0.06880782
0.09979638
0.1071156
0.1215114
0.1195602
0.1083355
0.1071156
0.09589247
0.09589247
0.1132166
0.09808794
0.07198042
0.04733552
0.04977527
0.06051142
0.06051142
0.08003253
0.05612049
0.03684366
0.02659608
0.05343645
0.06856353
0.08247229
0.05026384
0.05026384
0.02440062
0.07759123
0.1005277
0.08466775
0.04733552
-0.03171987
-0.03171987
-0.006832235
