-0.3884478
-0.3035358
-0.3035358
-0.2762084
-0.2430244
-0.2371677
-0.3306204
-0.4399315
-0.4399315
-0.4740927
-0.4858045
-0.5062996
-0.6258599
-0.7800683
-0.9218321
-0.9389119
-0.9389119
-1.119228
-1.119228
-1.178519
-1.150461
-1.067011
-1.016747
-0.9611155
-0.9611155
-0.8393598
-0.6966204
-0.5694966
-0.4904397
-0.3720993
-0.2886514
-0.1873925
-0.08320359
-0.08320359
-0.04416447
0.009760559
0.009760559
0.06124428
0.02708466
-0.1537199
-0.4931237
-0.6944234
-0.6944234
-0.7105276
-0.5641285
-0.2574202
-0.01854397
0.1010163
0.2025195
0.2025195
0.2139885
0.1812915
0.2181367
0.1795846
0.05831595
-0.06099999
-0.03318403
-0.03318403
-0.08930452
-0.277184
-0.3064641
-0.225456
-0.09759936
0.007563538
0.02928012
0.02928012
0.04855539
-0.03757652
-0.1732394
-0.2435114
-0.3418436
-0.3825927
-0.3359885
-0.3359885
-0.2835276
-0.2386319
-0.267912
-0.2405846
-0.1215114
-0.1510358
-0.1895879
-0.3157361
-0.3157361
-0.3562394
-0.4745797
-0.4584755
-0.4819005
-0.4252915
-0.328912
-0.2249674
-0.2249674
-0.2091075
-0.09637949
0.1276123
0.2213078
0.206912
0.1402997
0.1402997
0.0697834
-0.02757167
-0.1712882
-0.3362313
-0.408456
-0.3821042
-0.3147605
-0.3147605
-0.2562003
-0.1944674
-0.1449364
-0.05392347
-0.03147558
-0.06124428
-0.09271986
-0.09271986
-0.05831595
0.03659937
0.07271173
0.06319545
0.02244788
-0.04392018
-0.04489577
-0.04489577
-0.1085798
-0.1676286
-0.2605928
-0.3862524
-0.3718566
-0.2730358
-0.1268795
-0.1268795
0.02830453
0.1137036
0.1688485
0.1786075
0.06587949
-0.1295635
-0.2322882
-0.2322882
-0.2803566
-0.3303761
-0.3059755
-0.3059755
-0.1656759
-0.1698241
-0.2152084
-0.2152084
-0.3879592
-0.3879592
-0.5023957
-0.5214282
-0.5094722
-0.5780358
-0.6546514
-0.6107327
-0.5065439
-0.5065439
-0.4145553
-0.3023159
-0.2405846
-0.2888957
-0.3015846
-0.3799087
-0.3799087
-0.4679918
-0.5463158
-0.6012165
-0.5546123
-0.4875113
-0.4304153
-0.3891807
-0.3891807
-0.3267165
-0.3267165
-0.1998355
-0.1166319
-0.03464819
0.04367589
0.1437166
0.1437166
0.2986563
0.3984527
0.4245602
0.5555879
0.7571318
0.862052
0.8984086
2.18258
2.18258
0.7556676
0.4604282
0.5882833
0.5777915
0.4548159
0.5175243
0.5175243
0.6641676
0.4923924
0.4601839
0.4775081
0.5160602
0.5768158
0.6204917
0.6204917
0.6295195
0.6117083
0.5985324
0.5704722
0.5658354
0.5577833
0.5236237
0.5236237
0.4635993
0.4404201
0.4543273
0.5136204
0.5470487
0.5455846
0.5048354
0.5048354
0.4589641
0.4565243
0.4667719
0.4511563
0.4609153
0.4838517
0.4945879
0.4787279
0.4787279
0.4392003
0.3733208
0.3113436
0.291824
0.2745
0.225456
0.1695798
0.1244397
0.09589247
0.09028011
0.09028011
0.09393974
0.1139479
0.127368
0.1522557
0.1437166
0.0905244
0.0905244
0.06148856
0.05343645
0.05929154
0.0739316
0.1012605
0.1012605
0.1349316
0.1903208
0.2879201
0.3306204
0.322324
0.2498566
0.2193566
0.1961759
0.1668957
0.1668957
0.1637247
0.1937361
0.2313126
0.2930439
0.3477003
0.3782003
0.3469674
0.3469674
0.3291563
0.3728322
0.4265113
0.5165488
0.6766123
0.7969038
0.7969038
0.7380993
0.7468842
0.694912
0.6336676
0.5006872
0.3435521
0.1654316
0.01366447
0.01366447
-0.05758465
-0.1590879
-0.1890993
-0.2012997
-0.2217964
-0.2720602
-0.3455032
-0.3455032
-0.4047963
-0.3940602
-0.3577035
-0.3547752
-0.3389153
-0.3389153
-0.3342801
-0.3342801
-0.3703924
-0.3808843
-0.3494087
