0.5802327
0.6017035
0.6017035
0.6004837
0.5958484
0.5846237
0.5751074
0.5746204
0.5712035
0.5773044
0.5814527
0.5863321
0.5914559
0.5914559
0.5841367
0.5838924
0.5648599
0.5555879
0.5502198
0.5638843
0.5838924
0.5838924
0.6021921
0.606096
0.5948713
0.5777915
0.5638843
0.5609559
0.5609559
0.5619316
0.5602247
0.566324
0.5643713
0.5555879
0.5533924
0.5546123
0.5575406
0.5575406
0.5590048
0.5633957
0.5680324
0.5621758
0.5604674
0.557052
0.557052
0.5607116
0.5607116
0.5577833
0.5619316
0.5590048
0.5590048
0.5651041
0.5631514
0.5631514
0.5604674
0.5604674
0.5587605
0.5565634
0.5541237
0.5599803
0.5597361
0.5592475
0.5592475
0.5597361
0.5580276
0.5594918
0.5616872
0.5614445
0.5594918
0.5594918
0.56364
0.5655927
0.5621758
0.5582719
0.5604674
0.5633957
0.5633957
0.5687637
0.5687637
0.5677882
0.5665683
0.5616872
0.56364
0.56364
0.557052
0.557052
0.56364
0.5619316
0.5587605
0.566324
0.5807198
0.5712035
0.5658354
0.5802327
0.5802327
0.5865764
0.5897475
0.582184
0.5475358
0.5287475
0.5287475
0.4994674
