0.02318074
0.08051955
0.1234641
0.1105325
0.1105325
0.1105325
0.2095961
0.2095961
0.2095961
0.1544527
0.2557117
0.2537605
0.188368
0.1149235
0.01512863
0.01512863
0.04050328
0.05221658
0.05221658
-0.1232199
-0.2322882
-0.2322882
-0.5880406
-0.660508
-0.660508
-0.4079674
-0.1832443
-0.1832443
-0.007076522
0.09613676
0.09613676
0.1498159
0.1498159
0.2100846
0.2100846
0.2901156
0.3413566
0.3645358
0.3645358
0.3681954
0.3503843
0.3728322
0.2049593
0.2049593
0.07564005
0.08979154
0.08979154
-0.07173613
-0.1676286
-0.1673843
-0.07173613
0.2025195
0.2025195
0.2025195
0.2610798
0.2408274
0.2408274
0.2498566
0.3525797
0.2862117
0.3001204
0.3777117
0.4716514
0.4001596
0.4001596
0.2703518
0.16714
0.16714
0.2730358
0.09955209
-0.4055276
-0.4055276
-0.4055276
-0.2237475
0.05026384
0.2884087
0.246684
0.1510358
0.1510358
0.1290765
0.1290765
0.2952394
0.3442834
0.3442834
0.4065048
0.4065048
0.3142719
0.2666921
0.2666921
0.2869445
0.2869445
0.2869445
-0.1119967
-0.4318794
-0.4318794
-0.691008
-0.691008
-0.596824
0.01293161
0.01293161
0.2354593
0.1769006
0.1317605
0.1190717
0.1190717
0.1690928
0.1690928
