-0.03196416
-0.04953254
-0.110044
-0.1002834
-0.1002834
-0.1019918
-0.1124837
-0.1798274
-0.09515961
0.1041873
-0.0124446
-0.008052111
-0.008052111
-0.08930452
-0.1093127
-0.1159006
-0.1046759
-0.07442018
-0.06783222
-0.04709123
-0.07198042
-0.07198042
-0.0641726
-0.07442018
-0.05612049
-0.0600244
-0.07222471
-0.0732003
-0.07002769
-0.07002769
-0.06368402
-0.05368074
-0.03415962
-0.04416447
-0.03781925
0.02757167
0.06124428
0.06124428
0.07295601
0.08540061
0.0732003
0.1068713
0.09491532
0.05465633
0.1244397
0.1244397
0.06539247
0.006832235
0.002195464
0
-0.01561565
-0.05221658
-0.07978825
-0.09540389
-0.09540389
-0.08369216
-0.09491532
-0.1388355
-0.1798274
-0.1790961
-0.2081319
-0.2081319
-0.2486367
-0.3049999
-0.3630716
-0.389912
-0.4614038
-0.5299674
-0.5670553
-0.5565634
-0.5565634
-0.584868
-0.6109755
-0.5999966
-0.5680324
-0.5482686
-0.5433875
-0.5433875
-0.4819005
-0.4135797
-0.3674641
-0.3172003
-0.2742557
-0.2232605
-0.2232605
-0.09540389
-0.09540389
-0.05221658
0.01220031
0.05343645
0.0863762
0.1464006
0.1464006
0.2239918
0.2239918
0.2059364
0.2122801
0.1761677
0.1600635
