0.2425358
0.2361921
0.2144756
0.2144756
0.2278957
0.2469283
0.2239918
0.2239918
0.2474153
0.2615683
0.2615683
0.2191123
0.2191123
0.2191123
0.2003241
0.2003241
0.1754364
0.1554283
0.1554283
0.1205358
0.08051955
0.06270844
0.2666921
0.2666921
0.3569722
0.3569722
0.3569722
0.2642524
0.3242768
0.3242768
0.3313518
0.2947524
0.2034967
0.009760559
0.009760559
0.009760559
-0.03196416
-0.03196416
-0.08588763
-0.2847475
-0.2847475
-0.4457882
-0.4457882
-0.4457882
-0.4994674
-0.5011758
-0.5011758
-0.453596
-0.3628273
-0.3628273
-0.2122801
-0.1415195
-0.1415195
-0.0739316
0.02806024
0.02806024
0.03245273
0.08540061
-0.02391205
-0.02391205
-0.02391205
-0.02391205
-0.2186238
-0.3013403
-0.3013403
-0.4809234
-0.5402165
-0.5402165
-0.5277719
-0.5277719
-0.2781596
-0.09174427
-0.09174427
-0.08564334
