0.237412
0.2300928
0.2298485
0.1744593
0.1573795
0.1573795
0.1337117
0.1363958
0.1361515
0.1542084
0.1729967
0.1729967
0.183
0.1793403
0.1793403
0.1793403
0.1744593
0.1634804
0.1510358
0.1495717
0.1361515
0.1466433
0.1466433
0.1581123
0.1822687
0.1849527
0.1849527
0.1688485
0.1622605
0.1734837
0.1900765
0.1900765
0.2193566
0.08540061
0.06709937
0.06783222
0.1703126
0.2039837
0.2000798
0.1759235
0.1554283
0.161772
0.1449364
0.1346873
0.1346873
0.1261482
0.08271657
0.03196416
0.04343161
0.08930452
0.08930452
0.07588433
0.1368843
0.173728
0.1715325
0.1634804
0.1959316
0.1666515
0.1920277
0.2010554
0.2010554
0.1707997
0.1600635
0.2078876
0.2871873
0.3352557
0.3415993
0.3081726
0.3081726
0.2801123
0.2727915
0.3228126
0.3691725
0.3455032
0.3247638
0.3018273
0.3018273
0.3330602
0.3577035
0.3494087
0.3662442
0.3232996
0.3232996
0.2120358
0.1761677
0.1812915
0.2164283
0.1817801
0.09418402
0.03147558
0.03147558
0.06465962
0.04806838
-0.00341534
-0.01439577
-0.006343663
-0.02366776
-0.01171174
-0.01171174
-0.02854726
0.00341534
-0.02366776
-0.007076522
0.003172609
-0.003903912
-0.002684037
0.04001627
0.07954396
0.1378599
0.1559153
0.1559153
0.1107753
0.08320359
0.1178518
0.1715325
0.1715325
0.2078876
0.2642524
0.2593713
0.2335081
0.2476596
0.2610798
0.2993876
0.3259837
0.3193957
0.3193957
0.3608761
0.3328159
0.3294006
0.326228
0.3335488
0.3335488
0.3638045
0.3464804
0.3367198
0.326228
0.3264723
0.3386725
0.3386725
0.3694153
0.338184
0.338184
0.2954837
0.2989006
0.2630325
0.2930439
