0.5250879
0.5619316
0.5514396
0.5514396
0.5189885
0.5055683
0.4955634
0.5002002
0.5180113
0.5189885
0.5328957
0.5411921
0.5411921
0.5416806
0.5319201
0.526552
0.51728
0.5224038
0.5272833
0.5272833
0.5258207
0.5328957
0.5267963
0.5341156
0.545096
0.5494885
0.5494885
0.5443647
0.535824
0.535824
0.5280162
0.5267963
0.5272833
0.5321644
0.5321644
0.5314316
0.5314316
0.5419234
0.5489999
0.5409478
0.5348485
0.5253322
0.5155716
0.5206954
0.5299674
0.5299674
0.5180113
0.5084966
0.5111806
0.5109364
0.5170358
0.5170358
0.5170358
0.5114234
0.5114234
0.4984918
0.4901954
0.4958077
0.4914168
0.4845846
0.4850716
0.4850716
0.4877556
0.4894641
0.4806807
0.4797035
0.4816563
0.4850716
0.484096
0.484096
0.48678
0.4984918
0.4855602
0.481412
0.4850716
0.4940993
0.4940993
0.4975162
0.4923924
0.4997117
0.4945879
0.4855602
0.4767767
0.4755553
0.4872686
0.4872686
0.5019087
0.5072768
0.5182557
0.5321644
0.5302116
0.5116677
0.4962963
0.4962963
0.48678
0.4784836
0.4645765
0.4736041
0.4877556
0.5011758
0.511912
0.5094722
0.5094722
0.5243565
0.5194755
0.5133761
0.5109364
0.4955634
0.5006872
0.5006872
0.5092279
0.5102035
0.5167915
0.5255764
0.5289918
0.5307002
0.5404608
0.545096
0.5468044
0.5468044
0.5397279
0.5438761
0.5407035
0.5431433
0.5431433
0.54778
0.54778
0.5548565
0.5514396
0.5546123
0.5565634
0.5407035
0.5314316
0.5280162
0.5280162
0.5182557
0.5133761
0.5133761
0.5092279
0.5150846
0.5253322
0.5253322
0.5409478
0.5333843
0.5199641
