0.3630716
0.3835683
0.3508713
0.25864
0.2249674
0.2171596
0.2171596
0.2557117
0.2845033
0.2898713
0.2974364
0.2813322
0.2749885
0.2749885
0.2815765
0.2989006
0.2713273
0.2593713
0.295728
0.2615683
0.246684
0.2574202
0.2574202
0.2859674
0.2859674
0.2593713
0.2459527
0.2579087
0.3035358
0.3264723
0.3264723
0.3337915
0.3396482
0.3603876
0.3884478
0.4067475
0.4399315
0.4399315
0.4267556
0.4650635
0.5233794
0.5233794
0.5438761
0.5309445
0.5350927
0.5394837
0.5724234
0.5724234
0.6017035
0.6141481
0.6248842
0.6268354
0.6263484
0.6263484
0.6746595
0.6746595
0.6597767
0.6378158
0.6456237
0.6441595
0.6473321
0.6409885
0.6314722
0.6314722
0.6280553
0.6163436
0.5882833
0.5868207
0.6058517
0.6012165
0.6012165
0.5736433
0.5350927
0.5385081
0.5614445
0.572912
0.5529038
0.5363126
0.5363126
0.5487556
0.5504641
0.5233794
0.5492442
0.5834038
0.6102442
0.566324
0.5348485
0.5275276
0.5531481
0.5531481
0.5982882
0.5909674
0.5553436
0.5319201
0.5463158
0.5463158
0.5475358
0.5441204
0.5455846
0.5572963
0.5751074
0.575596
0.575596
0.5819396
0.5758403
0.5536367
0.557052
