-0.6624607
-0.8427767
-0.8754721
-0.82228
-0.4435927
-0.4435927
0.007319252
0.007319252
0.1747036
0.1071156
0.006587949
-0.08930452
-0.1898322
-0.1898322
-0.2327752
-0.2327752
-0.1525
-0.0641726
0.03513677
0.03513677
0.2095961
0.2095961
0.2113045
0.2113045
0.3184201
0.3184201
0.2420488
0.2420488
-0.03586807
-0.03586807
-0.03855211
-0.03855211
0.005856646
-0.03318403
0.06099999
0.06099999
0.1778762
0.1778762
0.07442018
0.07442018
-0.1198045
-0.2003241
-0.2471726
-0.3191514
-0.3940602
-0.4243159
-0.453596
-0.5392393
-0.5392393
-0.6561155
-0.7251676
-0.5907246
-0.4362719
-0.3513599
-0.3296433
-0.3994282
-0.3994282
-0.3928403
-0.3928403
-0.2708403
-0.1639674
-0.1017476
-0.05123943
-0.05734036
-0.05734036
