0.4545716
0.4574999
0.4540846
0.4448126
0.4448126
0.4433484
0.4433484
0.4482279
0.4428599
0.429684
0.4374918
0.4479837
0.4553045
0.4553045
0.4560358
0.4587198
0.4540846
0.4438355
0.4372475
0.4404201
0.4431041
0.4431041
0.4484722
0.4528647
0.4550602
0.4526204
0.4501807
0.4492035
0.4477394
0.4516433
0.4516433
0.4479837
0.4448126
0.4494478
0.4521318
0.4514005
0.4472524
0.4472524
0.4450553
0.4409087
0.4392003
0.4348077
0.4409087
0.4333436
0.5111806
0.6527002
0.6527002
0.7778713
0.7878761
0.7195553
0.6075602
0.4875113
0.3613647
0.2969478
0.2969478
0.2832834
0.2601042
0.2242361
0.2054479
0.2078876
0.2078876
0.2332638
0.2620554
0.2620554
0.2544918
0.2288713
0.2174039
0.2078876
0.2147198
0.2147198
0.2310683
0.2413159
0.2549804
0.2515635
0.255956
0.2793795
0.3013403
0.3013403
0.3040244
0.3054885
0.2971921
0.2967035
0.2927997
0.2901156
0.2930439
0.3130521
0.3518485
0.3518485
0.2827964
0.2698647
0.3001204
0.3455032
0.3664885
