-0.07515148
-0.07515148
-0.07515148
0.008296397
0.008296397
0.1063843
0.004636771
0.004636771
-0.02610751
-0.03415962
-0.03415962
-0.06758794
-0.06758794
-0.1715325
-0.1715325
-0.2230162
-0.1895879
-0.2813322
-0.2813322
-0.2813322
-0.3218355
-0.1978843
-0.1456677
-0.1456677
-0.1688485
-0.1688485
-0.1537199
-0.1315162
-0.1607964
-0.1317605
-0.1317605
-0.1561596
-0.1769006
-0.1769006
-0.1654316
-0.2156954
-0.1239527
-0.1239527
-0.03147558
-0.2213078
-0.2213078
-0.2603485
-0.2603485
-0.1071156
-0.01927527
-0.1161433
-0.1210244
-0.2662036
-0.3335488
-0.3335488
-0.3372084
-0.2791367
-0.2791367
-0.2791367
-0.1417638
-0.1417638
-0.2330195
-0.2330195
-0.2740114
-0.3789316
-0.3359885
-0.2249674
-0.192272
-0.2403403
-0.1930033
