0.3423322
0.3423322
0.3040244
0.2737687
0.3081726
0.3337915
0.2935325
0.2888957
0.3523355
0.3982084
0.3982084
0.3860081
0.3455032
0.3689283
0.3689283
0.3503843
0.3503843
0.3520927
0.3674641
0.3623403
0.3581921
0.3659999
0.4433484
0.5409478
0.5409478
0.5892605
0.575596
0.5768158
0.5924315
0.5748647
0.5621758
0.5214282
0.5092279
0.5065439
0.5231367
0.5231367
0.5124006
0.3911318
0.2103274
-0.004148198
-0.004148198
-0.2076433
-0.3586807
-0.5855993
-0.7995878
-1.176324
-1.359812
-1.188524
-1.031145
-1.031145
-0.843508
-0.7959282
-0.8522914
-0.8591236
-0.8625405
-0.8127637
-0.7139445
-0.6619722
-0.6619722
-0.6419641
-0.5892605
-0.5277719
-0.50264
-0.5243565
-0.557052
-0.6187833
-0.6187833
-0.6722198
-0.6924722
-0.712236
-0.7207767
-0.7132116
-0.7061366
-0.6961318
-0.6961318
-0.7910487
-0.7912914
-0.7585959
-0.7544478
-0.7893403
-0.7893403
-0.773236
-0.773236
-0.773236
-0.8030047
-0.834236
-0.8820601
-0.92842
-0.8847442
-0.8954803
-0.8954803
-0.8842556
-0.8256953
-0.7415162
-0.7790927
-0.8069086
-0.8483875
-0.8454607
-0.8454607
-0.8120324
-0.9318354
-0.9542832
-0.8862083
-0.8086155
-0.8056887
-0.8056887
-0.782508
-0.6570927
-0.7622556
-0.8281366
-0.7673794
-0.7249234
