0.2300928
0.2200879
0.1825114
0.1647003
0.1559153
0.1019918
0.04879968
0.04879968
-0.07002769
-0.07002769
-0.1659202
-0.1510358
-0.1937361
-0.2195993
-0.2252117
-0.2003241
-0.1529886
-0.1529886
-0.04879968
-0.03489248
0.0180554
0.0180554
0.08198372
0.08198372
0.08198372
0.1376156
0.1376156
0.1600635
0.161772
0.1812915
0.1649446
0.1649446
0.1217557
0.1217557
0.1217557
-0.01073615
-0.05001955
-0.1129723
-0.1178518
-0.1115081
-0.1107753
-0.1107753
-0.1107753
-0.08271657
-0.08881595
-0.08881595
-0.08027527
-0.04148043
-0.04148043
0.01171174
0.04635993
0.09174427
0.09174427
0.08662049
0.05807167
0.05807167
0.09735663
0.09735663
-0.02781596
-0.02781596
-0.02610751
-0.04806838
-0.1241954
-0.1241954
-0.082228
-0.082228
-0.09198856
-0.07954396
-0.07954396
-0.04977527
-0.02000813
-0.00561236
-0.00561236
-0.01049186
-0.07783552
-0.03928341
-0.03928341
-0.05368074
-0.0773485
-0.0773485
-0.09686806
-0.09686806
-0.1183404
-0.1183404
-0.2115488
-0.2115488
