-0.01000329
-0.007319252
-0.001708448
-0.001708448
-0.01073615
-0.01659124
-0.01098043
-0.008296397
-0.01756838
-0.03562378
-0.02903583
-0.01146745
-0.01146745
-0.004879501
0.01171174
0.02464335
0.04465148
0.04953254
0.05953583
0.05953583
0.07515148
0.09223129
0.09930781
0.1010163
0.1151677
0.1263925
0.1263925
0.1402997
0.1612834
0.1781205
0.1915407
0.1978843
0.2237475
0.25864
0.2820635
0.2949966
0.2949966
0.3130521
0.3394039
0.3623403
0.3757605
0.3957686
0.4033322
0.4033322
0.4179722
0.4301725
0.4445683
0.4504234
0.462868
0.47214
0.4743355
0.4806807
0.4984918
0.4984918
0.5287475
0.5499755
0.5816954
0.6136595
0.6204917
0.6204917
0.6341562
0.6341562
0.6436725
0.6422083
0.6375716
0.6248842
0.6165879
0.6043875
0.5982882
0.5982882
0.6156123
0.6222002
0.6058517
0.603412
0.6070716
0.6104885
0.6104885
0.6224445
0.6224445
0.603412
0.603412
0.6163436
0.6231758
0.6158565
0.6158565
0.6124396
0.6158565
0.6175634
0.6173207
0.6236644
0.6148794
0.6075602
0.6075602
0.6209803
0.6173207
0.6236644
0.6431839
0.6478207
0.6478207
0.6404999
0.6285439
0.6134152
