-0.2659593
-0.2801123
-0.2757198
-0.2757198
-0.2635195
-0.2640081
-0.2713273
-0.2603485
-0.2552247
-0.2657166
-0.2520521
-0.2520521
-0.2213078
-0.1834885
-0.1954446
-0.2322882
-0.2659593
-0.3071954
-0.3071954
-0.3189087
-0.2603485
-0.2291156
-0.2300928
-0.2300928
-0.1515244
-0.124684
-0.124684
-0.1227313
-0.09198856
-0.02025242
0.01439577
0.04318732
0.08247229
0.1778762
0.1778762
0.2554674
0.2906042
0.3230554
0.3694153
0.4311481
0.4870243
0.5472915
0.5472915
0.6971074
0.8178875
0.9237848
1.030412
1.142651
1.173396
1.136308
1.139236
1.159975
1.159975
1.095316
1.070184
1.071159
1.098488
1.0614
1.0004
1.0004
