0.0173241
0.001219875
0.0004885725
-0.002439751
-0.00561236
0.001952734
0.008052111
0.008052111
0.009760559
0.006099377
0.001464162
-0.006099377
-0.008783413
-0.0090277
-0.005856646
-0.005856646
0.007563538
0.00341534
0.02098372
0.02903583
0.03586807
0.04245602
0.04245602
0.08003253
0.08003253
0.09711234
0.1132166
0.1271238
0.1520114
0.1793403
0.1978843
0.2137443
0.2137443
0.2352165
0.2435114
0.2737687
0.2906042
0.3230554
0.3440406
0.3755162
0.4082117
0.4082117
0.4243159
0.4494478
0.4779966
0.4914168
0.5121562
0.5248436
0.5248436
0.5421677
0.5609559
0.5819396
0.5936514
0.6178077
0.6209803
0.6387914
0.6397686
0.6397686
0.6509917
0.6553842
0.6465993
0.6383044
0.6424527
0.6634364
0.6634364
0.6609966
0.6558728
0.6553842
0.6585553
0.6595324
0.6509917
0.6509917
0.6544086
0.660508
0.6673403
0.6566041
0.6531872
0.6468436
0.6470879
0.6282996
0.6282996
0.6282996
0.6309837
0.6224445
0.6117083
0.6222002
0.6317165
0.6487963
0.6487963
0.6480634
0.6497719
0.6468436
0.6531872
0.6502604
0.6487963
0.6497719
0.6497719
0.6429396
0.6324478
