-0.06368402
-0.08491204
-0.06636807
-0.04465148
-0.04416447
-0.04416447
-0.04611564
-0.06929639
-0.08076384
-0.08100812
-0.0912557
-0.08930452
-0.08930452
-0.08588763
-0.08271657
-0.07564005
-0.07490875
-0.06295273
-0.03928341
-0.00561236
0.02830453
0.02830453
0.04855539
0.07051627
0.1071156
0.1300521
0.1639674
0.2022752
0.2022752
0.222772
0.2481482
0.2784039
0.310368
0.3391596
0.3584364
0.3716123
0.3896677
0.3896677
0.4128484
0.4345635
0.4555487
0.4831204
0.5033713
0.5197198
0.5197198
0.5299674
0.5346041
0.5363126
0.53314
0.5382637
0.5419234
0.5550993
0.5672996
0.5672996
0.5485113
0.5480243
0.5394837
0.5243565
0.4897084
0.5560764
0.5353354
0.5353354
0.5258207
0.514596
0.505324
0.5062996
0.5038599
0.5019087
0.5019087
0.4972719
0.4928794
0.4821433
0.493368
0.4828761
0.4711644
0.4711644
0.4648207
0.4723843
0.4731156
0.4787279
0.4811677
0.4784836
0.4916596
0.5028843
0.5028843
0.5084966
0.5109364
0.5141074
0.5080081
0.5126433
0.5121562
0.5041041
0.5041041
0.4906839
0.4611596
0.4472524
0.444324
0.432368
0.3989397
0.3730765
0.3294006
0.3001204
0.3001204
0.291824
0.2642524
0.218868
0.1634804
0.1295635
0.1058958
0.1058958
0.0780798
0.04489577
-0.003659626
-0.03318403
-0.06099999
-0.08442346
-0.1032117
-0.1032117
-0.131272
-0.1525
-0.1629918
-0.1554283
-0.1517687
-0.1529886
-0.1637247
-0.1637247
-0.1681156
-0.1566482
-0.1385928
-0.1249283
-0.1276123
-0.1237084
-0.1185846
-0.1076042
-0.1076042
-0.09662377
-0.08832738
-0.0863762
-0.07954396
-0.07905539
-0.07612862
-0.07564005
-0.07564005
-0.07612862
-0.07442018
-0.06514819
-0.06148856
-0.07685993
-0.07612862
-0.07612862
-0.0690521
-0.06880782
-0.0739316
-0.08051955
-0.1015033
-0.1032117
-0.1032117
-0.07783552
-0.05880453
-0.09320843
-0.07759123
-0.1046759
