-0.07222471
-0.08979154
-0.1027247
-0.1027247
-0.1027247
-0.1119967
-0.1119967
-0.1000407
-0.07466446
-0.05953583
-0.06563676
-0.06465962
-0.06465962
-0.08100812
-0.08100812
-0.1051645
-0.1198045
-0.1422524
-0.1512801
-0.1173648
-0.09345272
-0.1561596
-0.1561596
-0.1890993
-0.1022361
0.02098372
0.06807651
0.1054087
0.2139885
0.3359885
0.4631123
0.4631123
0.5487556
0.5855993
0.6182963
0.6070716
0.6473321
0.7302914
0.7302914
0.7978794
0.8171562
0.8071514
0.8142279
0.8386285
0.8888924
0.8986514
0.8986514
0.892552
0.8803517
0.7793354
0.7793354
0.7388321
0.7051595
0.6539201
0.6895438
