-0.08930452
-0.09515961
-0.08808465
-0.08808465
-0.09540389
-0.09540389
-0.08906023
-0.07417589
-0.06563676
-0.06685664
-0.06685664
-0.06685664
-0.06124428
-0.06636807
-0.06465962
-0.06636807
-0.07661564
-0.06734365
-0.05563192
-0.05148372
-0.05294788
-0.05294788
-0.06148856
-0.07173613
-0.07002769
-0.05685179
-0.04587136
-0.06246415
-0.06148856
-0.05221658
-0.04392018
-0.03855211
-0.03855211
-0.03171987
-0.02391205
-0.03098857
-0.03635664
-0.03635664
-0.04928825
-0.0509967
-0.06099999
-0.06539247
-0.06661235
-0.06661235
-0.0641726
-0.06563676
-0.06563676
-0.06295273
-0.05050813
-0.04050328
-0.04514005
-0.07173613
-0.09223129
-0.1107753
-0.1107753
-0.1068713
-0.09442831
-0.08832738
-0.07685993
-0.07685993
-0.07685993
-0.06539247
-0.06026869
-0.06758794
-0.07685993
-0.08930452
-0.09589247
-0.08491204
-0.09076868
-0.08540061
-0.08540061
-0.09003583
-0.1022361
-0.1093127
-0.09686806
-0.08930452
-0.1012605
-0.1134593
-0.1134593
-0.1134593
-0.10614
-0.1012605
-0.1051645
-0.09808794
-0.1129723
-0.1129723
-0.1049202
-0.09003583
-0.08808465
-0.08588763
-0.09223129
