-0.06929639
-0.07149185
-0.07149185
-0.06880782
-0.07295601
-0.06783222
-0.06807651
-0.06246415
-0.06246415
-0.06368402
-0.05856024
-0.06514819
-0.07539576
-0.07783552
-0.07881266
-0.06734365
-0.07881266
-0.07881266
-0.07246744
-0.06539247
-0.06758794
-0.0566075
-0.03928341
0.001708448
0.001708448
0.04343161
0.04343161
-0.01976385
-0.122
-0.1576238
-0.1359087
-0.1005277
-0.09662377
-0.09662377
-0.0912557
-0.08247229
-0.06734365
-0.06246415
-0.07588433
-0.06783222
-0.06783222
-0.0566075
-0.04294459
-0.04294459
-0.05929154
-0.08100812
-0.07100328
-0.03220844
-0.01512863
-0.009516273
-0.04635993
-0.04635993
-0.08808465
-0.09442831
-0.09442831
-0.08369216
-0.08369216
-0.08393645
-0.08418074
-0.06954067
-0.06587949
-0.0732003
-0.07783552
-0.0773485
-0.06514819
-0.06514819
-0.05636477
-0.05636477
-0.05807167
-0.06465962
-0.06661235
-0.06197558
-0.0649039
-0.05636477
-0.05636477
-0.03708794
-0.0263518
-0.02293646
-0.00561236
-0.00561236
0.0004885725
0.0004885725
-0.01146745
