-0.0180554
-0.03025571
-0.05953583
-0.05953583
-0.07100328
-0.07100328
-0.08881595
-0.08881595
-0.09149998
-0.09149998
-0.07978825
-0.06221987
-0.06221987
-0.05538763
-0.04635993
-0.02976869
0.01146745
0.1461563
0.1461563
0.1820244
0.2198436
0.2774283
0.3220797
0.383324
0.4260243
0.5077637
0.5077637
0.5077637
0.5472915
0.5799885
0.5799885
0.5743761
0.5743761
0.572912
0.572912
0.566324
0.5609559
0.5609559
0.6170764
0.6414755
0.6380602
0.6139038
0.6353761
0.6353761
0.6580683
0.6519673
0.6329364
0.6329364
0.6222002
0.6175634
0.6190276
0.6190276
