-0.04318732
-0.03147558
-0.0131759
-0.01390876
-0.01293161
-0.01634851
-0.00341534
0.01195602
0.01195602
0.002928323
-0.01390876
-0.02562049
-0.02122801
-0.01488435
-0.02098372
-0.05123943
-0.05123943
-0.07149185
-0.08271657
-0.09271986
-0.09320843
-0.06709937
-0.03098857
-0.01171174
-0.01171174
0.001952734
0.007319252
-0.007319252
-0.01927527
-0.02269217
-0.01464006
-0.01610422
-0.0222036
-0.0222036
-0.02025242
-0.02098372
-0.02976869
-0.04367589
-0.06124428
-0.06124428
-0.06929639
-0.08808465
-0.1024804
-0.1129723
-0.1110195
-0.09393974
-0.09393974
-0.07442018
-0.06465962
-0.06099999
-0.05709608
-0.04294459
-0.02488763
-0.01683552
-0.01024758
0.001464162
0.001464162
0.03049999
0.08173943
0.1507915
0.2217964
0.31964
0.3952801
0.4838517
0.4838517
0.5416806
0.603412
0.6314722
0.6529445
0.6534315
0.6990601
0.7388321
0.7388321
0.7632327
0.8308207
0.8945047
0.9659966
1.00162
0.9838077
0.998692
1.036024
1.036024
1.066769
1.111909
1.11142
1.062865
1.012357
1.018212
1.027972
1.027972
1.029681
0.9720959
0.949648
0.9208565
0.9027995
0.8906008
0.8798646
0.8798646
0.8815715
0.8825487
0.8649803
0.8893794
0.9086562
0.9042637
0.8888924
0.8888924
0.8964559
0.9659966
1.003085
1.0187
1.041148
