-0.1005277
-0.08857166
-0.08857166
-0.09540389
-0.09540389
-0.1005277
-0.100772
-0.08247229
-0.08247229
-0.04660422
-0.04660422
-0.0312313
-0.02488763
0.02562049
0.02562049
0.07905539
0.1464006
0.1464006
0.1476205
0.1476205
0.2625439
0.2971921
0.2971921
0.3701482
0.4113843
0.4440797
0.4440797
0.4753126
0.4753126
0.4894641
0.4894641
0.4589641
0.4482279
0.4482279
0.4396873
0.4304153
0.4362719
0.4487165
0.453596
0.4753126
0.484096
0.484096
0.4845846
0.4560358
0.4648207
0.4660406
0.4660406
0.4540846
0.4653077
