-0.07856838
-0.08076384
-0.07661564
-0.07442018
-0.07564005
-0.07564005
-0.07612862
-0.07612862
-0.08100812
-0.08881595
-0.09662377
-0.1205358
-0.1788518
-0.1788518
-0.2230162
-0.2237475
-0.2103274
-0.2103274
-0.1937361
-0.1937361
-0.09784365
-0.09784365
-0.04221173
-0.01366447
0.03586807
0.03586807
0.03586807
0.09808794
0.2291156
0.2620554
0.2874316
0.2874316
0.3232996
0.3738078
0.4679918
0.4679918
0.5541237
0.5541237
0.6156123
0.6395243
0.6512361
0.6495276
0.6505048
0.6505048
0.6587996
0.6587996
0.6766123
0.6766123
0.691008
0.6939363
0.7054038
0.7036954
0.7054038
0.7054038
0.6902767
