-0.02952441
-0.04392018
-0.04074757
-0.01903255
-0.006587949
-0.006587949
-0.01342018
-0.04050328
-0.05685179
-0.05563192
-0.04465148
-0.04367589
-0.04367589
-0.06734365
-0.1051645
-0.1195602
-0.124684
-0.1315162
-0.1515244
-0.1639674
-0.1778762
-0.1778762
-0.1947117
-0.1827557
-0.1468876
-0.06246415
0.07466446
0.2022752
0.2530276
0.265228
0.265228
0.2693762
0.3313518
0.4104087
0.4916596
0.6014608
0.6014608
0.7961725
0.8976758
0.8976758
0.9962522
1.0675
1.115813
1.123376
1.154365
1.154365
1.159733
1.148996
1.119228
1.110931
1.118497
