0.4594527
0.4543273
0.4760439
0.5075195
0.5038599
0.5038599
0.5021514
0.5041041
0.5089837
0.5048354
0.5097165
0.5048354
0.5062996
0.5062996
0.5019087
0.5011758
0.4838517
0.4653077
0.4543273
0.4450553
0.4357834
0.4357834
0.4121156
0.3864966
0.3464804
0.326228
0.3042687
0.2827964
0.2457084
0.2032524
0.1756807
0.1756807
0.1659202
0.1495717
0.1188274
0.08588763
0.05123943
0.02025242
0.02025242
-0.0090277
-0.03220844
-0.04148043
-0.05904726
-0.08491204
-0.1037003
-0.1085798
-0.1085798
-0.1029674
-0.09345272
-0.07929967
-0.0780798
-0.06587949
-0.05148372
-0.05148372
-0.03806353
-0.03293975
-0.02659608
-0.02195931
-0.01366447
-0.01366447
0.0002442863
0.0002442863
0.004148198
0.002928323
0.004636771
0.009516273
0.01122472
0.02513192
0.02293646
0.02293646
0.02708466
0.03489248
0.03269546
0.03757652
0.04562863
0.04465148
0.04635993
0.04635993
0.03855211
0.02732738
0.0312313
0.0336726
0.04001627
0.04587136
0.04587136
0.04782409
0.04782409
0.04294459
0.03684366
0.03781925
0.03806353
0.04294459
0.03928341
0.03562378
0.03220844
0.03220844
0.05001955
0.05001955
0.05514335
0.0558762
0.05075242
0.04928825
0.04928825
0.05075242
0.04879968
0.04831266
0.04562863
0.03586807
0.04514005
0.05075242
0.05075242
0.0509967
0.04148043
0.03513677
0.03293975
0.04050328
0.04611564
0.04855539
0.04196744
0.04074757
0.04074757
0.04392018
0.05148372
0.04831266
0.05148372
0.0468485
0.0468485
0.04562863
0.05685179
0.05368074
0.05343645
0.05807167
0.05978011
0.05978011
0.06392831
0.0649039
0.05758465
0.05563192
0.05929154
0.05709608
0.05245931
0.05245931
0.05319216
0.05441204
0.05880453
0.06319545
0.07124756
0.07124756
0.08393645
0.07368731
0.06831924
0.06831924
0.06587949
0.0739316
0.08491204
0.08564334
0.07954396
0.06539247
0.05734036
0.05734036
0.05343645
0.0607557
0.05831595
0.0509967
0.03977198
0.04928825
0.06124428
0.06124428
0.0600244
0.05465633
0.04538434
0.04367589
0.05148372
0.05636477
0.05636477
0.05001955
0.05001955
0.04660422
0.05270359
0.05929154
0.06026869
0.05831595
0.06734365
0.06734365
0.06856353
0.06173129
0.07417589
0.0732003
0.07344458
0.07417589
0.07417589
0.05831595
0.05831595
0.05075242
0.0468485
0.04123614
0.03025571
0.02879155
0.02879155
0.03708794
0.03708794
0.05270359
0.05075242
0.003172609
0.02976869
0.02757167
0.02757167
