-0.02928012
-0.007076522
0.002684037
-0.03025571
-0.04831266
-0.03025571
-0.03025571
-0.02415633
-0.04050328
-0.04928825
-0.05148372
-0.03904068
-0.051728
-0.051728
-0.06734365
-0.07759123
-0.0732003
-0.06026869
-0.06246415
-0.07198042
-0.04562863
-0.04562863
0.003172609
0.03147558
0.05197229
0.05856024
0.1356644
0.1964201
0.2540033
0.2540033
0.3015846
0.3728322
0.4594527
0.5641285
0.6797833
0.7578647
0.8810845
0.8810845
1.009672
1.112884
1.151925
1.125085
1.134843
1.117032
1.088484
1.088484
1.03578
0.9842963
0.9313484
