0.01024758
0.01878826
0.009271986
0.003659626
0.003659626
0.004392485
0.002684037
-0.005368074
-0.006832235
-0.01366447
-0.0173241
-0.01537136
-0.01659124
-0.01659124
-0.00341534
0.01610422
0.02854726
0.03659937
0.05270359
0.07685993
0.1146807
0.1146807
0.1298078
0.1422524
0.1527443
0.1666515
0.1761677
0.1898322
0.2130114
0.2330195
0.2330195
0.2642524
0.2893843
0.3174445
0.3579478
0.3933273
0.4396873
0.4977605
0.5350927
0.5350927
0.5594918
0.5870634
0.6095113
0.6241514
0.6314722
0.6439168
0.6439168
0.6663647
0.6746595
0.6878354
0.6900324
0.6878354
0.6866155
0.6858842
0.6858842
0.7036954
0.7046725
0.7024755
0.7127246
0.7185797
0.7278517
0.7312686
0.7312686
0.7302914
0.7117475
0.6917393
0.66978
0.6609966
0.6609966
0.6563599
0.6566041
0.6539201
0.6507475
0.6544086
0.6507475
0.6561155
0.6649005
0.6649005
0.6612393
0.6575797
0.660508
