0.240096
0.2000798
0.1995928
0.1995928
0.1625033
0.1295635
0.1090684
0.06831924
0.006099377
-0.06099999
-0.1254153
-0.1478648
-0.1478648
-0.1600635
-0.1576238
-0.1529886
-0.1424967
-0.1176075
-0.07515148
-0.07515148
-0.0180554
0.01829969
0.02318074
-0.005123788
-0.01707981
-0.01195602
-0.01146745
-0.01146745
-0.01390876
0.007807824
0.0336726
0.03684366
0.03098857
0.0263518
0.03196416
0.03196416
0.008783413
0.008052111
0.007319252
0.006343663
0.008783413
0.01464006
0.02366776
0.02366776
0.01073615
-0.005856646
-0.02122801
-0.04294459
-0.04806838
-0.07271173
-0.08784036
-0.08784036
-0.09418402
-0.09198856
-0.08906023
-0.08491204
-0.04026055
-0.02806024
-0.02757167
-0.02757167
-0.04245602
-0.01146745
0.02122801
0.01634851
-0.0004885725
0.002928323
0.02122801
0.03196416
0.03196416
0.0395277
0.06221987
0.09345272
0.1378599
0.1886123
0.2581514
0.3352557
0.3352557
0.3974755
0.4426156
0.4958077
0.5533924
0.6104885
0.6719755
0.7542035
0.7542035
0.8054445
0.8586366
0.9276887
0.9703875
1.03822
1.041637
1.041637
0.9964966
0.9967393
1.019676
1.055057
1.044563
1.029923
1.034316
1.037975
1.022115
1.022115
1.011624
1.015041
1.000645
0.9772197
0.9379363
0.9437914
0.9437914
0.940376
0.9494038
0.9354966
0.9401318
0.9569673
0.9169526
0.9311041
0.9606284
0.9606284
0.9757556
0.9547718
0.9220763
0.8957246
0.831552
0.782508
0.782508
0.7407833
0.7132116
0.6639234
0.7937327
0.7642083
0.6404999
0.6356204
0.6656318
0.6656318
