-0.09881923
-0.0871075
-0.06392831
-0.06465962
-0.06587949
-0.06051142
-0.06051142
-0.06612378
-0.06173129
-0.06563676
-0.07271173
-0.07710421
-0.07222471
-0.06612378
-0.06612378
-0.06465962
-0.0697834
-0.06392831
-0.05856024
-0.04879968
-0.05392347
-0.05953583
-0.05953583
-0.05685179
-0.04757981
-0.04757981
-0.05563192
-0.05831595
-0.06368402
-0.05904726
-0.05978011
-0.05978011
-0.06441533
-0.06465962
-0.06661235
-0.05758465
-0.06124428
-0.07344458
-0.08613191
-0.08613191
-0.07661564
-0.07710421
-0.08173943
-0.08173943
-0.0905244
-0.1224886
-0.1271238
-0.09930781
-0.08344787
-0.08344787
-0.08759607
-0.08540061
-0.06807651
-0.003172609
-0.003172609
0.04318732
0.04928825
0.06587949
0.1002834
0.1002834
0.1647003
0.2159397
0.2505879
0.2847475
0.2847475
0.3830797
0.3830797
0.4165081
0.4555487
0.4762882
0.4989803
0.5243565
0.5592475
0.5592475
0.5787686
0.5731562
0.5597361
0.5585162
0.5702279
0.5931644
0.5953599
0.5953599
0.5716921
0.5482686
0.5382637
0.535824
0.5419234
0.5419234
0.5414364
0.5182557
0.5089837
0.5089837
0.5021514
0.5067882
0.5067882
0.5072768
0.4945879
0.4945879
0.4877556
0.493368
0.4955634
0.4936123
0.4921481
0.4884885
0.4823876
0.4823876
0.4853159
0.4792165
0.4950764
0.5011758
0.4753126
0.4596954
0.4596954
0.4684803
