-0.05392347
-0.05026384
-0.04977527
-0.0558762
-0.0558762
-0.04806838
-0.03269546
-0.03855211
-0.03708794
-0.03708794
-0.03513677
-0.02976869
-0.03586807
-0.04367589
-0.03391533
-0.03757652
-0.03757652
-0.03586807
-0.03586807
-0.04026055
-0.04831266
-0.0468485
-0.03806353
-0.04270031
-0.04782409
-0.04123614
-0.04123614
-0.03977198
-0.05294788
-0.04635993
-0.03855211
-0.03855211
-0.03196416
-0.03196416
-0.01976385
-0.03049999
-0.04123614
-0.03464819
-0.04001627
-0.05368074
-0.04050328
-0.04050328
-0.02732738
-0.06539247
-0.06880782
-0.05490061
-0.04831266
-0.04660422
-0.04635993
-0.04977527
-0.04977527
-0.06051142
-0.0607557
-0.05148372
-0.0558762
-0.04928825
-0.04733552
-0.04245602
-0.03562378
-0.03855211
-0.03855211
-0.04001627
-0.04099186
-0.04733552
-0.05392347
-0.05392347
-0.03904068
-0.03245273
-0.02659608
-0.02171658
-0.01464006
-0.008540683
-0.002439751
0.01366447
0.01366447
0.0336726
0.03562378
0.04074757
0.04806838
0.0641726
0.0739316
0.0739316
0.08881595
0.09906352
0.1010163
0.1080912
0.1176075
0.1315162
0.1520114
0.1695798
0.2017882
0.2017882
0.2393647
0.2718159
0.2832834
0.3074397
0.3391596
0.3496514
0.3477003
0.3477003
0.3523355
0.3696596
0.3835683
0.4072361
0.4265113
0.44164
0.44164
0.4579885
0.4665276
0.4804364
0.4767767
0.4948322
0.5121562
0.5338713
0.5338713
0.5458273
0.5816954
0.6175634
0.6324478
0.6407442
0.6651433
0.68442
0.7080879
0.7080879
0.7246806
0.7246806
0.7107719
0.6817361
0.6658761
0.6546514
0.6517246
0.6517246
0.6373273
0.6160993
0.6158565
0.6190276
0.5982882
0.5982882
0.57828
0.5917002
0.5917002
0.5982882
0.5953599
0.5960927
0.5960927
0.5851123
0.5851123
0.6012165
0.5943843
0.5899917
0.5799885
0.5799885
0.5597361
0.5455846
0.5502198
0.5502198
0.5597361
0.5585162
0.5546123
0.5492442
0.5485113
0.5392393
0.5314316
0.5314316
