0.002439751
-0.001708448
-0.001708448
-0.01049186
-0.01049186
-0.01195602
-0.02488763
-0.02488763
-0.02073944
-0.01049186
0.01512863
0.03855211
0.03855211
0.05368074
0.07051627
0.08686477
0.1032117
0.1276123
0.1276123
0.1478648
0.1664087
0.1837313
0.1998355
0.2130114
0.2252117
0.234728
0.2581514
0.2803566
0.2996319
0.3135406
0.3135406
0.3320846
0.3435521
0.35014
0.3555081
0.3555081
0.3674641
0.3945487
0.4145553
0.4289527
0.4406644
0.4638436
0.4836074
0.4980048
0.5075195
0.5075195
0.5280162
0.5521725
0.5658354
0.5648599
0.5504641
0.5387523
0.5245993
0.5245993
0.5199641
0.5409478
0.5624201
0.5802327
0.5985324
0.6114641
0.6270797
0.6270797
0.6331806
0.6390358
0.6424527
0.6456237
0.6456237
0.6463565
0.6556285
0.6602637
0.6673403
0.6780764
0.6741725
0.6724641
0.6658761
0.6700243
0.6685601
0.6685601
0.6646562
0.6607523
0.6656318
0.6695358
0.6700243
0.6624607
0.6597767
0.6597767
0.6675845
0.679052
0.6768565
0.6846644
0.6892996
0.6814917
0.6971074
0.6971074
0.6958875
0.6922279
0.6980845
0.7051595
0.6934478
0.6873484
0.6873484
0.6817361
0.6688044
