-0.05636477
-0.0468485
-0.0468485
-0.05782738
-0.06270844
-0.05343645
-0.05075242
-0.05075242
-0.05856024
-0.05465633
-0.05441204
-0.05636477
-0.05294788
-0.05294788
-0.05490061
-0.05294788
-0.05636477
-0.05758465
-0.05929154
-0.0649039
-0.07442018
-0.07442018
-0.06758794
-0.06685664
-0.07271173
-0.07344458
-0.06587949
-0.06929639
-0.06636807
-0.06563676
-0.0641726
-0.0641726
-0.06807651
-0.06807651
-0.06539247
-0.06221987
-0.05953583
-0.05953583
-0.05026384
-0.05026384
-0.05026384
-0.05026384
-0.04538434
-0.04099186
-0.04074757
-0.03855211
-0.03855211
-0.02391205
-0.01537136
-0.0090277
-0.004392485
0.0004885725
0.006832235
0.01171174
0.02391205
0.03733223
0.04367589
0.04367589
0.0607557
0.07295601
0.08393645
0.0905244
0.1107753
0.1107753
0.1198045
0.1349316
0.1449364
0.1805602
0.2081319
0.2286286
0.2371677
0.2371677
0.2479039
0.2681563
0.2942638
0.3089039
0.3140276
0.3376954
0.3506286
0.3750276
0.3750276
0.3967442
0.4113843
0.438956
0.4533517
0.4801921
0.5109364
0.5324087
0.5324087
0.5502198
0.5753517
0.5919445
0.5887719
0.566324
0.5507084
0.5507084
0.5277719
0.5204527
0.5429006
0.5592475
0.5790113
0.6090243
0.6341562
0.6734396
0.7156514
0.7156514
0.7510324
0.7576204
0.7578647
0.7564005
0.7383435
0.7239478
0.7239478
0.697596
0.6773435
0.6890553
0.7356595
0.7515194
0.7710406
0.7710406
0.7986122
0.8117881
0.8393598
0.8513158
0.909876
0.9808794
1.002107
1.002107
0.9672164
0.9672164
0.8988956
0.8779119
0.86742
0.8293565
0.8195959
0.8195959
0.7998321
0.7908044
0.7524966
0.7078435
0.6602637
0.6583126
