-0.08662049
-0.1107753
-0.09711234
-0.0871075
-0.0697834
-0.07564005
-0.08686477
-0.08686477
-0.08564334
-0.07954396
-0.07905539
-0.09442831
-0.09833222
-0.1066286
-0.1151677
-0.1151677
-0.1237084
-0.1344446
-0.1359087
-0.1427394
-0.1442036
-0.13664
-0.1183404
-0.1183404
-0.1054087
-0.09784365
-0.07271173
-0.05026384
-0.04392018
-0.0312313
-0.0312313
-0.008052111
0.02440062
0.07124756
0.1054087
0.1356644
0.1627475
0.2071563
0.2071563
0.2317996
0.2705961
0.3140276
0.3403794
0.3613647
0.3921075
0.4289527
0.4679918
0.4679918
0.5009316
0.521184
0.5404608
0.5502198
0.5619316
0.57828
0.5934086
0.6099999
0.6099999
0.6090243
0.6136595
0.618052
0.6121954
0.6119527
0.6119527
0.6065845
0.6002393
0.6002393
0.5909674
0.5882833
0.5804755
0.5726677
0.5629086
0.5751074
0.5751074
0.5646155
0.5646155
0.5492442
0.5387523
0.5365553
0.5363126
0.5350927
0.5350927
0.5272833
0.5253322
0.5182557
0.5380195
0.542412
0.535824
