-0.2520521
-0.2583957
-0.2583957
-0.2852361
-0.3062198
-0.3342801
-0.3738078
-0.404552
-0.4069918
-0.3664885
-0.3664885
-0.3423322
-0.3374527
-0.2998762
-0.240096
-0.1598208
-0.1029674
-0.05416775
-0.05416775
0.02562049
0.1010163
0.1454235
0.1769006
0.1961759
0.2259446
0.3589234
0.3589234
0.4431041
0.496052
0.5304559
0.6019478
0.6985716
0.8447279
1.009917
1.009917
1.097511
1.183156
1.209996
1.174616
1.145093
1.162417
1.174373
1.180228
1.180228
1.145335
1.133137
1.138505
1.151681
1.107028
1.075308
1.057739
1.057739
1.014552
0.9530634
0.8854755
0.8805959
0.8918207
0.8810845
0.8810845
0.8498517
0.8371643
0.8525357
0.8823044
0.8818158
0.8642474
0.8588794
0.9269559
0.9269559
0.9030438
0.9320797
0.9454998
0.9950324
1.00894
0.9862474
