-0.9835634
-0.9806366
-0.9855161
-0.9808794
-0.9940552
-0.9940552
-0.9901513
-0.9838077
-0.9838077
-0.9889315
-0.9877115
-1.002107
-1.002107
-1.031632
-1.044076
-1.033584
-1.032852
-1.049689
-1.032607
-1.005524
-1.00528
-1.00528
-0.9935682
-0.95892
-0.9564803
-0.9181725
-0.8522914
-0.7839721
-0.7495683
-0.7134559
-0.7134559
-0.6666074
-0.6334234
-0.5934086
-0.5587605
-0.521184
-0.521184
-0.5199641
-0.5214282
-0.5214282
-0.514596
-0.4975162
-0.4926367
-0.4638436
-0.4838517
-0.4838517
-0.4677475
-0.4697002
-0.465552
-0.4584755
-0.4853159
