-1.033829
-1.061156
-1.061156
-1.083848
-1.14314
-1.1407
-1.13826
-1.104101
-1.004304
-1.004304
-0.9530634
-0.9550161
-0.9757556
-0.9711204
-0.8964559
-0.8391155
-0.8654673
-0.8654673
-0.9179282
-0.8993842
-0.8820601
-0.8491204
-0.8442393
-0.8210601
-0.8095927
-0.7898273
-0.7898273
-0.7283403
-0.6236644
-0.5458273
-0.496052
-0.4338322
-0.4206563
-0.4206563
-0.3406237
-0.2154527
-0.267912
-0.3703924
-0.3025602
-0.2156954
-0.2315554
-0.2342394
-0.2342394
-0.2203322
-0.2557117
-0.3206156
-0.3982084
-0.432368
-0.4262686
-0.4028436
-0.4028436
-0.4265113
-0.4945879
-0.5114234
-0.4882442
-0.4152882
-0.3923517
-0.3974755
-0.3974755
-0.4477394
-0.4338322
-0.310368
-0.359412
-0.4196807
-0.5272833
-0.6029234
-0.6029234
-0.5860879
-0.5367996
-0.50264
-0.5019087
-0.4762882
-0.474824
