-0.9877115
-0.9899086
-1.005769
-1.004791
-0.9955194
-0.9860047
-0.9923484
-0.9923484
-0.9945438
-0.9918598
-0.9967393
-1.005769
-1.016747
-1.029681
-1.027972
-1.027972
-1.029923
-1.014063
-1.010404
-0.9994233
-0.9818565
-0.9738044
-0.9738044
-0.9718516
-0.9718516
-0.9777083
-0.9850276
-0.9723402
-0.9564803
-0.9664836
-0.9664836
-0.9474526
-0.9474526
-0.9252474
-0.9149998
-0.9142686
-0.8810845
-0.8662001
-0.8666887
-0.8732767
-0.8727881
-0.8727881
-0.8637604
-0.8566839
-0.8537556
-0.8366758
-0.8310634
-0.8112996
-0.8112996
-0.8044673
-0.7944641
-0.7883646
-0.7822637
-0.7715276
-0.7851921
-0.7964168
-0.7744559
-0.7744559
-0.7666481
-0.7776285
-0.7817767
-0.7812881
-0.7788484
-0.7915357
-0.7915357
-0.7776285
-0.77714
-0.7734803
-0.7737246
-0.7622556
-0.7495683
-0.7495683
-0.7605487
-0.7717718
-0.7700634
-0.7532279
-0.7683565
-0.7659168
-0.7698207
-0.76128
-0.76128
-0.7590845
-0.7686008
-0.7661595
-0.7681122
-0.7661595
-0.7807996
-0.7973924
-0.7973924
-0.7756758
-0.7717718
-0.7593273
-0.7656725
-0.7720162
-0.7656725
-0.7661595
-0.7661595
-0.7651839
-0.7668924
