-0.8420438
-0.8339917
-0.8598565
-0.8854755
-0.874008
-0.874008
-0.8720552
-0.8774233
-0.8830357
-0.8869396
-0.8844998
-0.8815715
-0.8888924
-0.8888924
-0.9054836
-0.8957246
-0.8754721
-0.8496073
-0.8549755
-0.8805959
-0.8935276
-0.8935276
-0.8993842
-0.892552
-0.8844998
-0.8754721
-0.8891366
-0.8942604
-0.8969445
-0.8988956
-0.9030438
-0.9030438
-0.9184167
-0.9491594
-0.9833207
-1.000645
-0.998692
-1.008453
-1.008453
-1.031876
-1.041392
-1.058716
-1.059692
-1.042856
-1.014796
-1.009184
-1.009184
-1.006013
-1.011624
-1.018944
-0.9957637
-1.000888
-1.001376
-1.001376
-0.9933239
-1.00406
-1.00162
-0.9935682
-0.9845405
-0.9845405
-0.9999119
-0.9999119
-1.0004
-1.019676
-1.014063
-1.010404
-1.01626
-1.014308
-1.000645
-1.000645
-0.9840519
-0.9996676
-0.9952767
-0.9903956
-0.9720959
-0.970876
-0.9777083
-0.9777083
-0.9723402
-0.9862474
-0.9964966
-1.015772
-1.009672
-0.9935682
-0.9935682
-1.000888
-1.000888
-0.9952767
-1.006256
-0.9952767
-0.9999119
-1.009184
-1.020164
-1.006256
-0.9933239
-0.9933239
-1.003329
-1.003329
-0.9964966
-0.9757556
-0.9713646
-0.9623353
-0.9623353
-0.9645324
-0.9777083
-0.9984477
-0.9982035
-0.9957637
-0.996008
-1.018456
-1.018456
-1.040172
-1.031876
-1.018456
-0.98942
-0.9842963
-0.9862474
-0.9794167
-0.9637995
-0.9386676
-0.9386676
-0.9215878
-0.9176839
-0.9437914
-0.9974721
-1.058716
-1.058716
-1.100195
-1.088241
-1.074821
-1.039928
-1.005769
-0.9728288
-0.9728288
-0.9332995
-0.9049966
-0.9074363
-0.9577001
-1.007475
-1.021873
-1.011624
-1.011624
-0.9962522
-0.9828321
-0.9401318
-0.9406204
-0.977464
-0.977464
-1.014796
-1.017967
-1.0004
-1.0004
-0.9952767
-1.018944
-1.042612
-1.049444
-1.028703
-0.9813679
-0.970876
-0.970876
-0.9901513
-0.9850276
-0.9662408
-0.9623353
-0.9674607
-0.9803923
-0.9994233
-0.9994233
-1.006013
-1.013332
-1.003816
-1.00406
-1.016992
-1.025288
-1.025288
-0.9803923
-0.9803923
-0.9816122
-0.9928353
-0.9964966
-0.9991806
-0.98942
-0.9857604
-0.9857604
-0.9855161
-0.9799038
-0.9816122
-1.0065
-1.033096
-1.025532
-1.025532
-0.9889315
-0.9889315
-0.9964966
-1.001376
-0.97478
-0.9437914
-0.9415959
-0.9415959
-0.9957637
-0.9957637
-0.9301285
-0.9459884
-1.025044
-1.073601
-1.086532
-1.086532
