-0.9501366
-0.9494038
-0.9459884
-0.9459884
-0.9635568
-0.9369607
-0.9369607
-0.9450113
-0.956236
-0.9564803
-0.9430601
-0.9347637
-0.9472083
-0.9472083
-0.9420845
-0.9467197
-0.9620926
-0.9484282
-0.9445242
-0.9489167
-0.9440357
-0.9518435
-0.9518435
-0.9498923
-0.9516008
-0.9616041
-0.949648
-0.9315926
-0.9516008
-0.9689233
-0.9689233
-0.9711204
-0.9618484
-0.9281757
-0.9594086
-0.9611155
-0.9611155
-0.965508
-0.9467197
-0.9467197
-0.9320797
-0.9547718
-0.9611155
-0.9447685
-0.916464
-0.8876725
-0.8876725
-0.8708354
-0.8847442
-0.8742523
-0.8715683
-0.8632718
-0.8632718
-0.8515601
-0.862052
-0.862052
-0.8454607
-0.8415568
-0.8520487
-0.855464
-0.8613207
-0.8613207
-0.843508
-0.8498517
-0.8469234
-0.8544884
-0.8474119
-0.83814
-0.8230113
-0.8230113
-0.8220357
-0.8188646
-0.8208158
-0.8178875
-0.8122767
-0.8215487
-0.8271595
-0.8300878
-0.8300878
-0.8286237
-0.8427767
-0.8408239
-0.83814
-0.8303321
-0.8483875
-0.8449721
-0.8449721
-0.8337474
-0.8310634
-0.8410683
-0.8474119
-0.8474119
-0.8471676
-0.83814
-0.83814
-0.8344803
-0.8303321
-0.8347246
-0.8444836
-0.8454607
-0.8427767
-0.8210601
-0.8210601
-0.8308207
-0.8320405
-0.8486318
-0.8420438
-0.8374086
-0.8374086
-0.8039803
