-0.9908842
-0.9840519
-0.970876
-0.9728288
-0.9828321
-0.9877115
-0.9882001
-0.9899086
-0.9913728
-0.9913728
-1.001376
-1.003816
-1.004791
-0.9979607
-1.013088
-1.003085
-0.9999119
-1.017967
-1.038708
-1.038708
-1.015285
-0.9879559
-0.9657522
-0.9606284
-0.9606284
-0.9411073
-0.8844998
-0.8398484
-0.7849478
-0.7571318
-0.7259005
-0.7041839
-0.6544086
-0.6175634
-0.6175634
-0.6109755
-0.6263484
-0.6036562
-0.5843794
-0.5914559
-0.5934086
-0.5934086
-0.5758403
-0.5716921
-0.6409885
-0.6461123
-0.6363517
-0.6226888
-0.6226888
