-0.9845405
-0.9884444
-0.9901513
-0.9901513
-0.9891757
-0.9838077
-0.9838077
-0.9838077
-0.9713646
-0.9713646
-0.9784396
-0.9779526
-0.9713646
-0.9779526
-0.9813679
-0.9813679
-0.9828321
-0.9828321
-0.980148
-0.9762442
-0.9808794
-0.9891757
-0.9886887
-0.9918598
-0.9918598
-0.9891757
-0.980148
-0.9803923
-0.9811236
-0.9830763
-0.9830763
-0.9806366
-0.9806366
-0.9825878
-0.9825878
-0.9882001
-0.9947881
-0.9947881
-0.9952767
-0.9979607
-0.9979607
-0.9938125
-0.9852718
-0.9845405
-0.9825878
-0.9745357
-0.9635568
-0.9613598
-0.9591643
-0.9591643
-0.9601399
-0.9620926
-0.9703875
-0.9555047
-0.9501366
-0.9476953
-0.9476953
-0.9440357
-0.9555047
-0.9613598
-0.95892
-0.9467197
-0.9467197
-0.9389119
-0.935008
-0.9364721
-0.9291514
-0.9306155
-0.925736
-0.92842
-0.9347637
-0.92842
-0.92842
-0.9181725
-0.9186594
-0.9081676
-0.9057279
-0.8974315
-0.8940161
-0.8988956
-0.8884038
-0.8884038
-0.8662001
-0.8454607
-0.8205715
-0.8166676
-0.8313077
-0.8313077
-0.8437523
-0.8437523
-0.8452165
-0.83692
-0.8308207
-0.8169119
-0.8100797
-0.8047116
-0.7927556
-0.7927556
-0.7898273
-0.7764086
-0.7893403
-0.7956839
-0.7944641
-0.7922686
-0.7922686
-0.7756758
-0.7751887
-0.7869005
-0.7778713
-0.77592
-0.7873875
-0.7873875
-0.7961725
-0.7834836
-0.7656725
-0.7556676
-0.74542
-0.7415162
-0.7332197
-0.7312686
-0.7354168
-0.7354168
-0.7329755
-0.7383435
-0.7424917
-0.7468842
-0.7603044
-0.7695764
-0.7695764
-0.7649396
-0.7502996
-0.7429803
-0.7351725
-0.7363924
-0.7483484
-0.7439559
-0.7078435
-0.7078435
-0.6919836
-0.6968647
-0.7212637
