-0.9947881
-0.9991806
-0.9991806
-1.00284
-1.001865
-0.9950324
-0.9908842
-0.9896643
-0.9896643
-0.9908842
-0.9840519
-0.9813679
-0.9816122
-0.9816122
-0.9723402
-0.9713646
-0.9713646
-0.980148
-0.980148
-0.9767327
-0.9691676
-0.9618484
-0.9567246
-0.949648
-0.949648
-0.9545276
-0.9440357
-0.9391562
-0.9108517
-0.9010926
-0.8974315
-0.8823044
-0.8705927
-0.8586366
-0.8586366
-0.8547327
-0.8349673
-0.8264282
-0.8137393
-0.8022718
-0.8066643
-0.8066643
-0.7788484
-0.7788484
-0.7756758
-0.7854363
-0.77714
-0.7744559
-0.77714
-0.7893403
-0.7893403
-0.7910487
-0.7937327
-0.7810438
-0.7622556
-0.7676237
-0.7737246
-0.7815324
-0.7856806
-0.7861676
-0.7861676
-0.7812881
-0.7837279
-0.7866562
-0.77714
-0.7617686
-0.7598158
-0.7598158
-0.7502996
-0.7439559
-0.7398077
-0.7332197
-0.7339526
-0.742736
-0.742736
-0.742736
-0.7405406
-0.7529836
-0.7634755
-0.770552
-0.7615243
-0.7615243
-0.7546921
-0.7546921
-0.749324
-0.7422475
-0.7432246
-0.7415162
-0.7600601
-0.7483484
-0.7483484
-0.7449315
-0.7478598
-0.7429803
-0.7500553
-0.749324
-0.7351725
-0.7495683
-0.7495683
-0.7488354
-0.7505438
-0.7398077
-0.7371237
