-1.005524
-1.004791
-0.9925926
-0.9925926
-0.9706318
-0.9633125
-0.9633125
-0.9738044
-0.9740487
-0.9808794
-0.9647767
-0.9728288
-0.9728288
-0.9852718
-0.98942
-0.980148
-0.9552604
-0.9369607
-0.9225634
-0.9225634
-0.9023125
-0.8805959
-0.8830357
-0.8764477
-0.8632718
-0.8622963
-0.8698598
-0.8698598
-0.8696155
-0.8313077
-0.7844607
-0.7444445
-0.7278517
-0.7315113
-0.7285845
-0.7285845
-0.7368794
-0.7417604
-0.7976366
-0.7598158
-0.7158957
-0.6895438
-0.7032083
-0.7032083
-0.6678273
-0.6736839
-0.6980845
-0.70028
-0.6944234
-0.6839315
-0.6839315
-0.5672996
-0.5672996
-0.5416806
-0.57828
-0.6375716
-0.6834445
-0.7429803
-0.7468842
-0.7468842
-0.6653875
-0.6600195
-0.6997914
-0.7449315
-0.7522523
-0.7681122
-0.7681122
-0.7649396
-0.7932442
-0.7932442
-0.8349673
-0.8662001
-0.8713239
-0.8915763
-0.8915763
-0.9015797
-0.8649803
-0.8059315
-0.7908044
-0.8286237
-0.9023125
-0.9733158
-1.017967
-1.017967
-1.0309
-1.023335
-1.022848
-1.009184
-0.9667279
-0.9406204
-0.9369607
-0.9415959
-0.9406204
-0.9406204
-0.9411073
-0.9498923
-0.9637995
-0.9723402
-0.9742914
-0.9964966
-0.9640438
-0.9640438
-0.9808794
-0.9877115
-0.9884444
-1.001132
-1.013821
-1.007475
-1.007475
-0.9794167
-0.9369607
-0.9250047
