-0.9825878
-0.9598956
-0.9598956
-0.9430601
-0.9625797
-0.9830763
-1.003085
-1.021873
-1.040904
-1.040904
-1.043101
-1.022115
-1.012601
-1.011868
-1.001865
-0.9982035
-0.9794167
-0.9884444
-0.9884444
-0.968192
-0.9689233
-0.9642881
-0.9706318
-0.9825878
-0.9779526
-0.9445242
-0.9445242
-0.9245161
-0.9006041
-0.888648
-0.8352116
-0.8398484
-0.8547327
-0.8749836
-0.8513158
-0.8513158
-0.8815715
-0.8398484
-0.810324
-0.7554234
-0.7725047
-0.7749445
-0.7749445
-0.7756758
-0.7644526
-0.7842165
-0.7954396
-0.7834836
-0.770552
-0.7695764
-0.7476155
-0.7341954
-0.7341954
-0.7210194
-0.6861285
-0.6463565
-0.6124396
-0.5948713
-0.5917002
-0.5917002
-0.5863321
-0.5880406
-0.6019478
-0.6231758
-0.6448924
-0.6736839
-0.6736839
-0.7036954
-0.7110162
-0.7290716
-0.7656725
-0.8232556
-0.8537556
-0.8317963
-0.801052
-0.801052
-0.8396041
-0.8466806
-0.83814
-0.810324
-0.7988565
-0.8139836
-0.8444836
-0.8444836
-0.8896236
-0.8896236
-0.9201236
-0.9274445
-0.9447685
-0.9725845
-0.9694119
-0.9537963
-0.9537963
-0.9525763
-0.9691676
-0.9799038
-0.9738044
-0.9555047
-0.9447685
-0.9447685
-0.9315926
-0.9311041
-0.9286643
-0.9286643
-0.937692
-0.9652637
-0.9864917
-0.9864917
-0.9899086
-0.9835634
-0.9650194
-0.9840519
-1.050664
-1.021384
-1.021384
-1.062132
-1.0553
-1.036268
-1.012843
-1.003572
