-0.9813679
-0.9840519
-0.9840519
-0.9994233
-1.010404
-1.024557
-1.010404
-1.008208
-1.008208
-1.00162
-1.010404
-1.011379
-1.0065
-0.9877115
-0.9803923
-0.9803923
-0.9874673
-0.9784396
-0.9652637
-0.9352522
-0.9335438
-0.9184167
-0.9035324
-0.86742
-0.8708354
-0.8708354
-0.8659559
-0.8679086
-0.8613207
-0.8371643
-0.7871448
-0.7871448
-0.7683565
-0.7851921
-0.7929999
-0.7959282
-0.7947083
-0.7951953
-0.7959282
-0.7959282
-0.8047116
-0.8156921
-0.8188646
-0.8108125
-0.8159363
-0.8208158
-0.7983679
-0.8152035
-0.7900715
-0.7900715
-0.8049559
-0.7986122
-0.7922686
-0.7751887
-0.7646953
-0.7646953
-0.7737246
-0.7737246
-0.7598158
-0.7415162
-0.7527393
-0.7512767
-0.7468842
-0.7373679
-0.7373679
-0.7442002
-0.742736
-0.7420048
-0.7537165
-0.7500553
-0.7603044
-0.7698207
-0.7698207
-0.7573761
-0.7585959
-0.7583517
-0.7622556
-0.7583517
-0.7564005
-0.7542035
-0.7542035
-0.7788484
-0.7676237
-0.7639641
-0.7703077
-0.7876318
-0.7873875
-0.7737246
