-0.9474526
-0.9550161
-0.9437914
-0.9396448
-0.9508679
-0.9508679
-0.9435487
-0.9603842
-0.9545276
-0.9450113
-0.9315926
-0.935008
-0.935008
-0.9357393
-0.9315926
-0.9379363
-0.9411073
-0.940376
-0.9406204
-0.9406204
-0.9296399
-0.9396448
-0.9396448
-0.940376
-0.9457442
-0.9394005
-0.9481839
-0.9452556
-0.9513565
-0.9513565
-0.9484282
-0.9423288
-0.940376
-0.9337881
-0.9428158
-0.9454998
-0.9454998
-0.9572116
-0.9611155
-0.9518435
-0.9389119
-0.9281757
-0.9389119
-0.9242718
-0.9506236
-0.9440357
-0.9269559
-0.9269559
-0.925736
-0.8852327
-0.8908435
-0.8857197
-0.8869396
-0.8542442
-0.8542442
-0.8464363
-0.8252083
-0.8252083
-0.8688842
-0.8371643
-0.8452165
-0.8452165
-0.8532686
-0.8532686
-0.8293565
-0.8125194
-0.8044673
-0.8152035
-0.8152035
-0.8552197
-0.8186204
-0.8071514
-0.7888517
-0.7847035
-0.7847035
-0.7993435
-0.8044673
-0.8044673
-0.7942197
-0.7856806
-0.7871448
-0.8056887
-0.8152035
-0.8056887
-0.7922686
-0.7922686
-0.7949526
-0.7993435
-0.7978794
-0.7939755
-0.8110552
-0.8195959
-0.8176448
-0.8183761
-0.8183761
-0.8164234
-0.8195959
-0.8259396
-0.7983679
-0.8166676
-0.8166676
-0.8281366
-0.8281366
-0.8335047
-0.8303321
-0.8264282
-0.8274038
-0.8208158
-0.8117881
-0.8252083
-0.8252083
-0.8266725
-0.8288679
-0.8156921
