-0.9703875
-0.9706318
-0.9706318
-0.986736
-0.9940552
-0.9947881
-1.0004
-0.9923484
-0.9921041
-0.9896643
-0.9925926
-0.9808794
-0.9864917
-0.9864917
-0.9918598
-1.010892
-1.029436
-1.05042
-1.083604
-1.097024
-1.097024
-1.080431
-1.047247
-0.9276887
-0.8310634
-0.7451758
-0.6875927
-0.6924722
-0.6924722
-0.6812475
-0.6509917
-0.6202475
-0.5448517
-0.5336285
-0.5653484
-0.5694966
-0.5787686
-0.5787686
-0.5926758
-0.6043875
-0.5997523
-0.6207361
-0.6517246
-0.6290324
-0.6290324
-0.6175634
-0.6412327
-0.6292768
