-0.9645324
-0.9772197
-0.9862474
-0.9911284
-0.9847832
-0.9750242
-0.9750242
-0.9899086
-0.9803923
-0.9757556
-0.9845405
-0.9916155
-1.000156
-0.9928353
-0.9928353
-0.9994233
-1.003329
-1.002352
-1.001376
-0.9864917
-0.9855161
-0.9720959
-0.9720959
-0.9613598
-0.9413517
-0.946964
-0.9486725
-0.9406204
-0.9508679
-0.9386676
-0.9386676
-0.937692
-0.9167083
-0.9201236
-0.9228077
-0.9198794
-0.9071921
-0.9108517
-0.9076806
-0.8932848
-0.8932848
-0.8935276
-0.8852327
-0.8735194
-0.8488761
-0.8256953
-0.8256953
-0.8186204
-0.8066643
-0.813008
-0.8044673
-0.8205715
-0.834236
-0.8386285
-0.8281366
-0.810324
-0.810324
-0.7942197
-0.7822637
-0.7847035
-0.7707963
-0.7634755
-0.7634755
-0.7468842
-0.7476155
-0.7529836
-0.7583517
-0.7476155
-0.7476155
-0.7585959
-0.7664038
-0.7664038
-0.7781155
-0.77592
-0.7754315
-0.7678679
-0.7690879
-0.7624999
-0.7624999
-0.7622556
-0.7578647
-0.7546921
-0.7432246
-0.7420048
-0.7529836
-0.7634755
-0.7671366
-0.7639641
-0.7698207
-0.7698207
-0.7710406
-0.7695764
-0.7681122
-0.7598158
-0.7380993
-0.7380993
-0.7566448
-0.7524966
-0.749324
-0.7561562
-0.7537165
-0.7693321
-0.7693321
-0.7737246
