-0.9825878
-0.8732767
-0.7951953
-0.7951953
-0.7290716
-0.7371237
-0.7832393
-0.8300878
-0.8357002
-0.862052
-0.8474119
-0.8420438
-0.8420438
-0.8920634
-0.9633125
-0.9957637
-1.031145
-1.031145
-1.021873
-1.021873
-1.000645
-0.9979607
-1.014552
-1.012357
-1.010648
-0.9882001
-0.9642881
-0.9642881
-0.9552604
-0.9289086
-0.9291514
-0.9547718
-0.9940552
-1.017967
-1.035291
-1.035291
-1.021873
-1.012357
-0.9967393
-1.008208
-1.014063
-1.003085
-1.016505
-1.016505
-1.022115
-0.9923484
-0.9540405
-0.9425715
-0.9128044
-0.8691285
-0.8701041
-0.8701041
-0.9279315
-0.9686806
-0.9930797
-1.05286
-1.097756
-1.112396
-1.081164
-1.081164
-1.065304
-1.024799
-1.010404
-0.9711204
-0.9537963
-0.9379363
-0.9359836
-0.9084119
-0.9084119
-0.8830357
-0.8727881
-0.8659559
-0.8454607
-0.8337474
-0.8449721
-0.8366758
-0.8366758
-0.8181318
-0.7539607
-0.6900324
-0.6419641
-0.6002393
-0.5414364
-0.5392393
-0.5392393
-0.5304559
-0.5343599
-0.5189885
-0.4677475
-0.4850716
-0.5560764
-0.5560764
-0.5502198
-0.5687637
-0.5960927
-0.6134152
-0.5938957
-0.5853565
-0.5980439
-0.5948713
-0.5734006
-0.5734006
-0.5429006
-0.5270406
-0.5309445
-0.5087394
-0.4936123
-0.514596
-0.514596
-0.5365553
-0.5411921
-0.5309445
-0.5504641
-0.5731562
-0.5499755
-0.5687637
-0.5929201
-0.5929201
-0.5585162
-0.5482686
-0.5492442
-0.582184
-0.6312279
-0.6636806
-0.6636806
-0.6880797
-0.6888126
-0.7139445
-0.7803125
-0.8417996
-0.7534721
-0.7290716
-0.74664
-0.74664
