0.3498957
0.3335488
0.3240325
0.3198843
0.3198843
0.3213485
0.3110993
0.3157361
0.3276921
0.3398924
0.3423322
0.3472117
0.3472117
0.3298876
0.3284234
0.3372084
0.3525797
0.3281807
0.3281807
0.3301319
0.3303761
0.3535554
0.3586807
0.3464804
0.3384283
0.3284234
0.3445276
0.3369641
0.3369641
0.3418436
0.3613647
0.368684
0.3672198
0.352824
0.3313518
0.3374527
0.3374527
0.3208599
0.3455032
0.3689283
0.3550195
0.3655114
0.3655114
0.3584364
0.3645358
0.3625846
0.3540439
0.3540439
0.3445276
0.3791758
0.3874722
0.3481873
0.307684
0.307684
0.2979234
0.3452605
0.3479445
0.3279364
0.2959723
0.2408274
0.2598599
0.2803566
0.2803566
0.2803566
0.277184
0.2657166
0.2696204
0.2981677
0.2981677
0.3108566
0.2867003
0.2862117
0.2898713
0.298412
0.2986563
0.277184
0.277184
0.2691319
0.2693762
0.2669364
0.2808436
0.2749885
0.2749885
0.2954837
0.3025602
0.3025602
0.3028045
0.2969478
0.3147605
0.328912
0.3294006
0.310368
0.310368
0.286456
0.2913355
0.3042687
0.2949966
0.2820635
0.25864
0.2622997
0.2654723
0.2654723
0.2867003
0.3045114
0.2818208
0.2671807
0.2703518
0.2898713
0.2898713
0.3162247
0.3132963
0.3093924
0.2845033
0.2913355
0.310368
0.3032915
0.3274478
0.3274478
0.3557524
0.3328159
0.2357036
0.2681563
0.3040244
