0.1534756
0.1378599
0.1437166
0.1085798
0.1171205
0.1171205
0.1195602
0.1054087
0.1044316
0.08954725
0.0773485
0.08857166
0.08857166
0.01561565
0.03293975
0.05563192
0.06051142
0.02342347
0.06612378
0.06612378
0.09833222
0.0905244
0.0905244
0.09784365
0.07832409
0.1395684
0.1532313
0.1727524
0.1952003
0.1952003
0.1869039
0.2557117
0.2949966
0.2745
0.3218355
0.3413566
0.3659999
0.3659999
0.3718566
0.3320846
0.3220797
0.3325716
0.3074397
0.3162247
0.3049999
0.3049999
0.3130521
0.2376563
0.2476596
0.2342394
0.1925162
0.2059364
0.1915407
0.1915407
0.1966644
0.1827557
0.2076433
0.1812915
0.1422524
0.1546954
0.1908078
0.1908078
0.145912
0.1444479
0.1193159
0.1510358
0.2088647
0.1354202
0.1078485
0.1512801
0.1137036
0.1137036
0.1166319
0.1261482
0.155184
0.2217964
0.1666515
0.1944674
0.1944674
0.1825114
0.2088647
0.2115488
0.2137443
