0.3838126
0.3564837
0.326228
0.3145162
0.3272035
0.3272035
0.3286677
0.3015846
0.3218355
0.3201286
0.3445276
0.3623403
0.3623403
0.3440406
0.3328159
0.3320846
0.331596
0.3276921
0.3308647
0.3308647
0.3535554
0.3301319
0.3301319
0.3420879
0.3342801
0.3374527
0.347456
0.3394039
0.3298876
0.3298876
0.3269593
0.3340358
0.3430635
0.3357442
0.3328159
0.3213485
0.3213485
0.326228
0.368684
0.3406237
0.3340358
0.3306204
0.3496514
0.3552638
0.3584364
0.3455032
0.3472117
0.3472117
0.3498957
0.3320846
0.3189087
0.3369641
0.3574592
0.3032915
0.3032915
0.2725488
0.3608761
0.3608761
0.3977198
0.371368
0.3247638
0.3247638
0.3052442
0.3052442
0.3035358
0.331596
0.3296433
0.3159804
0.3159804
0.3181759
0.2845033
0.2488795
0.2725488
0.298412
0.298412
0.3242768
0.322324
0.322324
0.2930439
0.2869445
0.3128078
0.3208599
0.3333045
0.3235439
0.3291563
0.3291563
0.3569722
0.352824
0.3379397
0.3523355
0.3508713
0.3645358
0.3916204
0.3842996
0.3842996
0.3508713
0.3320846
0.2888957
0.2737687
0.2593713
0.2593713
0.2637638
0.2637638
0.2745
0.2671807
0.2701075
0.2979234
0.3147605
0.3606319
0.3640487
0.3640487
0.2976807
0.2791367
0.3413566
