0.07124756
0.09637949
0.09637949
0.07759123
0.09076868
0.09369545
0.08003253
0.06709937
0.04831266
0.04831266
0.06587949
0.0607557
0.07149185
0.07978825
0.06856353
0.06856353
0.07710421
0.07710421
0.09808794
0.1171205
0.1461563
0.1195602
0.110044
0.110044
0.1022361
0.08369216
0.09320843
0.08613191
0.07515148
0.1066286
0.1261482
0.1122394
0.1122394
0.07929967
0.07051627
0.06856353
0.08613191
0.06563676
0.04318732
0.04318732
0.07076055
0.1041873
0.09076868
0.06270844
0.051728
0.06368402
0.07783552
0.07783552
0.07929967
0.05319216
0.0468485
0.07490875
0.07198042
0.04562863
0.02562049
0.03318403
0.03318403
0.04343161
0.03391533
-0.002928323
-0.003659626
-0.03781925
-0.0600244
-0.0600244
-0.04660422
-0.02464335
-0.03440391
-0.004879501
0.01293161
0.02879155
0.01903255
0.01903255
0.005368074
0.007319252
-0.009271986
0.01878826
0.03659937
0.02195931
0.008296397
-0.01049186
-0.01049186
-0.02562049
-0.01268733
0.01366447
0.02781596
