0.1295635
0.1410325
0.1556726
0.1556726
0.173728
0.1676286
0.1622605
0.1581123
0.1476205
0.1476205
0.1368843
0.1302964
0.127368
0.1190717
0.1283436
0.1261482
0.1268795
0.1278566
0.1278566
0.13664
0.13664
0.1268795
0.1149235
0.1132166
0.09662377
0.09930781
0.1027247
0.1115081
0.1115081
0.1176075
0.1251726
0.1224886
0.1224886
0.1146807
0.1146807
0.1090684
0.1134593
0.1056515
0.1015033
0.1039446
0.1054087
0.1105325
0.1071156
0.1071156
0.1215114
0.1227313
0.1249283
0.1241954
0.1288322
0.13664
0.13664
0.1371286
0.1371286
0.1368843
0.1361515
0.1439593
0.1454235
0.1483518
0.1483518
0.1429837
0.1446922
0.1298078
0.1180961
0.100772
0.09955209
0.09149998
0.1015033
0.1015033
0.1254153
0.1427394
0.1703126
0.1827557
0.16714
0.16714
0.1449364
0.1449364
0.1073599
0.07515148
0.02659608
0.03562378
-0.001464162
0.01951956
0.04318732
0.07027198
0.07027198
0.08418074
0.0871075
0.09442831
0.1027247
0.09564818
0.02244788
-0.03904068
-0.03904068
-0.1222443
-0.1581123
-0.1581123
-0.1588436
-0.1437166
-0.1261482
-0.09442831
-0.09442831
-0.05929154
-0.05148372
-0.0912557
-0.1237084
-0.1305407
-0.1556726
-0.1827557
-0.1827557
-0.2132557
-0.244
-0.2208208
-0.1983713
-0.2115488
-0.1991042
-0.1651873
-0.1198045
-0.1198045
-0.09564818
-0.09393974
-0.1119967
-0.1512801
-0.1659202
-0.1659202
-0.1442036
-0.1588436
-0.1588436
-0.1647003
-0.1507915
-0.1651873
-0.1632361
-0.1698241
-0.1698241
-0.1920277
-0.1903208
-0.1666515
-0.1354202
-0.05807167
-0.05807167
-0.05807167
-0.09369545
-0.1017476
-0.06563676
-0.06148856
-0.0558762
-0.07100328
-0.06929639
-0.07271173
