0.1544527
0.1132166
0.1132166
0.08393645
0.01220031
0.04757981
0.04196744
0.04440875
0.08808465
0.08808465
0.1076042
0.1827557
0.2320439
0.2061807
0.295728
0.2903599
0.2901156
0.2901156
0.2774283
0.298412
0.2927997
0.28914
0.2696204
0.2598599
0.2769397
0.22814
0.22814
0.2025195
0.2452198
0.2701075
0.2491238
0.2286286
0.1534756
0.1534756
0.2310683
0.3642915
0.2562003
0.2052036
0.2571759
0.3235439
0.2132557
0.1324918
0.1324918
0.1402997
0.110044
0.05953583
0.0004885725
0.02757167
0.01439577
0
0
-0.0007313028
0.0004885725
0.00561236
0.009271986
-0.0124446
0.02513192
0.03342832
0.03342832
0.01122472
0.01049186
0.02293646
0.0641726
0.001219875
-0.03757652
0.03757652
0.03757652
-0.02488763
-0.01195602
-0.01342018
0.03781925
0.04806838
0.02562049
