0.1564039
0.1607964
0.1722638
0.1442036
0.1442036
0.127368
0.1256596
0.1161433
0.1083355
0.1083355
0.1371286
0.1466433
0.1371286
0.1424967
0.1654316
0.1593322
0.1593322
0.1498159
0.1498159
0.1742166
0.1527443
0.1334674
0.1407882
0.1512801
0.1476205
0.13664
0.13664
0.1385928
0.1332247
0.1412753
0.133956
0.1320033
0.1300521
0.1300521
0.1378599
0.1268795
0.1259039
0.1627475
0.1866596
0.1925162
0.2037394
0.2037394
0.1878795
0.1861726
0.216184
0.1864153
0.1686042
0.1786075
0.1744593
0.1798274
0.1798274
0.1749479
0.1749479
0.1839756
0.1822687
0.1766563
0.16714
0.1639674
0.164456
0.1561596
0.1561596
0.1410325
0.1622605
0.1539641
0.1395684
0.1395684
0.1559153
0.1642117
0.1483518
0.1585993
0.1683599
0.1532313
0.1534756
0.1607964
0.1607964
0.1573795
0.1346873
0.1481075
0.1529886
0.1285879
0.1241954
0.1241954
0.1442036
0.1481075
0.1522557
0.1590879
0.1490846
0.133956
0.1212687
0.1244397
0.1334674
0.1334674
0.1402997
0.1332247
0.1146807
0.1346873
0.1654316
0.1798274
0.1690928
0.1690928
0.1627475
0.1625033
0.1429837
0.1212687
0.08540061
0.08588763
0.08588763
0.0946726
0.09345272
0.07929967
0.06734365
0.07929967
0.07881266
0.08540061
0.08540061
0.09076868
0.09955209
0.08832738
0.0732003
0.06246415
0.02391205
0.0131759
0.03977198
0.03977198
0.04172472
0.04172472
0.0312313
0.04806838
0.0395277
0.001952734
-0.007563538
-0.007563538
0.02073944
0.03220844
0.02708466
0.02903583
0.04928825
0.04928825
0.05001955
0.07368731
0.07368731
0.07124756
0.05270359
0.07027198
0.07442018
0.07344458
0.07344458
0.0607557
0.02781596
0.02342347
0.05929154
0.05929154
0.07002769
0.09564818
0.1080912
0.1080912
0.1185846
0.07929967
0.04196744
0.09028011
0.09271986
0.06343974
0.1151677
0.1151677
