0.0641726
0.08149669
0.08881595
0.103456
0.112728
0.08686477
0.08686477
0.02952441
0.0004885725
-0.01000329
-0.01781267
-0.02903583
-0.02537621
-0.02537621
0.06636807
0.06636807
0.09564818
0.09662377
0.1122394
0.1585993
0.1876367
0.2078876
0.2410716
0.2413159
0.2413159
0.1786075
0.1315162
0.2998762
0.01464006
0.04489577
0.08954725
0.1400554
0.1400554
0.1564039
0.1873925
0.2010554
0.2088647
0.2164283
0.2437557
0.2437557
0.2854804
0.2198436
0.0558762
-0.0468485
0
0.01561565
0.04928825
0.04928825
0.1346873
0.1522557
0.1244397
0.1212687
0.1307834
0.1334674
0.1656759
0.2037394
0.2288713
0.2288713
0.2230162
0.1576238
0.06124428
-0.01195602
-0.04245602
-0.04245602
-0.01854397
0.04977527
0.09759936
0.1205358
0.1354202
0.1398126
0.1427394
0.1398126
0.1398126
0.1310277
0.1300521
0.1300521
0.1342003
0.1461563
0.1493274
0.1564039
0.1564039
0.1934918
0.2086205
0.204228
0.1832443
0.1542084
0.1481075
0.1481075
0.1481075
0.1349316
0.1285879
0.1603078
0.1842199
0.1781205
0.1664087
0.1712882
0.1712882
0.1639674
0.2303355
0.2415602
0.1571368
0.1210244
0.05782738
0.01829969
0.01829969
0.04270031
0.1029674
0.1439593
