0.1700684
0.1790961
0.1788518
0.1522557
0.1442036
0.1168762
0.1024804
0.1024804
0.1049202
0.1054087
0.1212687
0.1305407
0.1434723
0.155184
0.155184
0.1539641
0.1427394
0.1285879
0.1280994
0.1349316
0.1381042
0.1359087
0.1346873
0.1346873
0.1337117
0.1298078
0.1468876
0.1398126
0.1373713
0.1378599
0.1378599
0.1310277
0.1471319
0.1464006
0.1522557
0.1629918
0.1639674
0.1639674
0.1571368
0.1571368
0.1503045
0.1493274
0.1402997
0.1322476
0.1095554
0.09418402
0.100772
0.1224886
0.1224886
0.1344446
0.143228
0.1283436
0.1280994
0.1146807
0.1146807
0.07685993
0.06051142
0.02928012
0.02025242
0.005368074
0.01366447
0.02708466
0.0180554
0.0180554
-0.002928323
-0.04660422
-0.07198042
-0.1054087
-0.1278566
-0.1310277
-0.1466433
-0.1503045
-0.1200472
-0.09735663
-0.09735663
-0.04904397
-0.0263518
-0.02708466
-0.02391205
-0.0353795
-0.07442018
-0.1132166
-0.1132166
-0.1398126
-0.1434723
-0.1651873
-0.1808045
-0.2303355
-0.2303355
-0.2522964
-0.2540033
-0.2459527
-0.2676677
-0.2576644
-0.2342394
-0.2056921
-0.1910521
-0.1910521
-0.1851954
-0.1715325
-0.161772
-0.1654316
-0.1803159
-0.1986156
-0.2174039
-0.2174039
-0.2505879
-0.2749885
-0.2774283
-0.2774283
-0.2642524
-0.2300928
-0.2300928
-0.1959316
-0.1854397
-0.2095961
-0.1420081
-0.1532313
-0.1793403
-0.2008126
-0.2008126
-0.2510765
-0.2920683
-0.3298876
-0.347456
-0.2820635
