0.1934918
0.1934918
0.1727524
0.1729967
0.1751921
0.173728
0.1817801
0.1771433
0.1681156
0.1681156
0.1686042
0.1705554
0.1710439
0.1749479
0.1661644
0.1556726
0.1771433
0.1864153
0.1969087
0.1969087
0.1822687
0.2012997
0.1995928
0.2078876
0.2078876
0.1832443
0.1590879
0.1676286
0.1510358
0.1446922
0.1698241
0.1873925
0.1337117
0.06807651
0.06807651
0.07246744
0.1032117
0.0780798
0.02854726
-0.02318074
0.02513192
0.02513192
0.02976869
0.02928012
0.1105325
0.09418402
0.09808794
0.07417589
0.07417589
