0.1449364
0.1178518
0.09564818
0.09076868
0.07881266
0.05782738
0.05782738
0.03147558
-0.006343663
-0.02537621
-0.01976385
-0.009516273
-0.0004885725
0.02269217
0.0558762
0.09540389
0.09540389
0.1037003
0.04221173
-0.0732003
-0.1851954
-0.1859283
-0.1566482
-0.1566482
-0.1507915
-0.1329804
-0.09515961
-0.03904068
0.0090277
0.03318403
0.04172472
0.04172472
0.04806838
0.0600244
0.04709123
0.04318732
0.06783222
0.08247229
0.09881923
0.09881923
0.1132166
0.1254153
0.1307834
0.1534756
0.1381042
0.1381042
0.1471319
0.1471319
0.1388355
0.1105325
0.07564005
0.0353795
-0.005123788
-0.01878826
-0.01634851
-0.01634851
0.001708448
0.0173241
0.0180554
0.03293975
0.0395277
0.03904068
0.03904068
0.02659608
0.03074428
0.03074428
0.03586807
0.02391205
0.008540683
0.008296397
0.01561565
0.01561565
0.02025242
0.02854726
0.02513192
0.001464162
0.01439577
0.04953254
0.0697834
0.06685664
0.08320359
0.08320359
0.1017476
0.1202915
0.1276123
0.1144364
0.1022361
0.08491204
0.06197558
0.06197558
0.04392018
0.05075242
0.07954396
0.09393974
0.09320843
0.08906023
0.08906023
0.06563676
0.05001955
0.04831266
0.051728
0.04831266
0.07246744
0.08173943
0.08173943
0.06636807
0.04367589
0.02562049
0.03635664
0.04489577
0.06587949
0.08320359
0.1134593
