0.1554283
0.1603078
0.1815358
0.1815358
0.1847084
0.1888566
0.1803159
0.1568925
0.1571368
0.157868
0.1564039
0.1564039
0.164456
0.1615277
0.1525
0.1664087
0.145912
0.1500602
0.1385928
0.1385928
0.1205358
0.1195602
0.1293192
0.1027247
0.05953583
0.02659608
0.01756838
-0.01488435
-0.01488435
-0.06954067
-0.08954725
-0.1090684
-0.1503045
-0.2152084
-0.2474153
-0.2474153
-0.2405846
-0.2593713
-0.2971921
-0.2930439
-0.3035358
-0.3340358
-0.3672198
-0.3672198
-0.3774674
-0.371368
-0.3530683
-0.3935716
-0.4201677
-0.423096
-0.423096
-0.4479837
-0.4926367
-0.5407035
-0.5382637
-0.5748647
-0.6297637
-0.691008
-0.7137002
-0.7356595
-0.7356595
-0.7405406
-0.7273647
-0.6963761
-0.7051595
-0.7371237
-0.7463956
-0.7417604
-0.7385879
-0.7420048
-0.7420048
-0.7156514
-0.6397686
-0.6727083
-0.7632327
-0.7632327
-0.7820194
-0.7961725
-0.77714
