0.3657556
0.3311075
0.3535554
0.3535554
0.2793795
0.2920683
0.2920683
0.2991433
0.3054885
0.3357442
0.3284234
0.3159804
0.3013403
0.3013403
0.2886514
0.2881644
0.298412
0.347456
0.3333045
0.3242768
0.3042687
0.2986563
0.2986563
0.2986563
0.31964
0.3115879
0.3091482
0.2993876
0.3145162
0.3235439
0.3235439
0.3218355
0.3254966
0.3018273
0.2835276
0.3140276
0.3140276
0.2674234
0.3147605
0.3147605
0.3257394
0.3040244
0.3350114
0.3525797
0.3530683
0.3345244
0.3345244
0.2732801
0.2727915
0.3045114
0.3306204
0.3442834
0.3442834
0.3430635
0.3142719
0.3142719
0.3267165
0.307684
0.295728
0.3018273
0.3269593
0.3269593
0.3269593
0.2947524
0.2908485
0.2837719
0.3267165
0.3281807
0.3159804
0.3159804
0.2981677
0.2818208
0.2964593
0.3132963
0.316956
0.3115879
0.3059755
0.2976807
0.2976807
0.3008518
0.3081726
0.3159804
0.3132963
0.295728
0.3115879
0.3272035
0.3272035
0.3193957
0.3230554
0.3135406
0.3220797
0.3220797
0.328912
0.3137834
0.3137834
0.3108566
0.3118322
0.3147605
0.3291563
0.3142719
0.3484316
0.3708794
0.3708794
0.3816156
0.3203713
0.3184201
0.326228
0.2854804
0.2854804
0.3308647
