0.2044723
0.2049593
0.2049593
0.1988599
0.1878795
0.1873925
0.1839756
0.1786075
0.1615277
0.1642117
0.1642117
0.1642117
0.1717753
0.176412
0.1761677
0.1822687
0.1961759
0.2008126
0.2008126
0.183
0.183
0.1781205
0.1871482
0.1964201
0.1952003
0.1912964
0.1971515
0.1971515
0.1930033
0.1893436
0.1810472
0.1798274
0.1625033
0.1444479
0.1444479
0.1507915
0.1393241
0.1356644
0.1151677
0.1261482
0.1444479
0.1444479
0.1527443
0.1500602
0.157868
0.1517687
0.1346873
0.1232199
0.1288322
0.1361515
0.1359087
0.1302964
0.1302964
0.1256596
0.140544
0.1700684
0.1546954
0.1539641
0.1539641
0.1805602
0.1573795
0.1573795
0.1227313
0.1066286
0.07344458
0.06856353
0.0905244
0.09247557
0.08881595
0.08881595
0.09759936
0.1166319
0.1285879
0.1429837
0.1525
0.1351759
0.1351759
0.1159006
0.1115081
0.1097997
0.1017476
0.09101141
0.07149185
0.07271173
0.07271173
0.09003583
0.1234641
0.1334674
0.1324918
0.155184
0.161772
0.161772
0.1700684
0.1188274
0.1015033
0.09686806
0.06807651
0.05319216
0.04367589
0.1132166
