0.1778762
0.157868
0.157868
0.1615277
0.164456
0.1307834
0.1437166
0.1437166
0.1634804
0.1507915
0.1707997
0.1707997
0.1727524
0.1842199
0.1842199
0.1969087
0.2052036
0.1952003
0.1959316
0.1851954
0.1881238
0.1861726
0.1861726
0.173728
0.1473762
0.1510358
0.1627475
0.1661644
0.1642117
0.1473762
0.1427394
0.1466433
0.1466433
0.1573795
0.1810472
0.1890993
0.1793403
0.1751921
0.1751921
0.1673843
0.1481075
0.1566482
0.1527443
0.1410325
0.1473762
0.1654316
0.1654316
0.1429837
0.1429837
0.1466433
0.1402997
0.1520114
0.1520114
0.1549397
0.1690928
0.1690928
0.155184
0.1581123
0.1576238
0.1605521
0.157868
0.1576238
0.1605521
0.1605521
0.1810472
0.1854397
0.1571368
0.1568925
0.1527443
0.1385928
0.1112638
0.1102882
0.127368
0.127368
0.1402997
0.1549397
0.1705554
0.1815358
0.1759235
0.1876367
0.1876367
0.1605521
0.1605521
0.1322476
0.1129723
0.1071156
0.1144364
0.1232199
0.1232199
0.1478648
0.1554283
0.1549397
0.1493274
0.1478648
0.1344446
0.1344446
0.1185846
0.1185846
0.1076042
0.04587136
-0.01293161
-0.02391205
0.0090277
0.0090277
0.009516273
0.009516273
0.03659937
0.03806353
0.03098857
0.03318403
0.02830453
0.004392485
0.004392485
-0.03001142
-0.007319252
-0.003659626
0.004879501
0.03147558
0.04221173
0.008052111
-0.007807824
-0.007807824
-0.004392485
-0.003903912
-0.02269217
0.001219875
0.005368074
0.1000407
0.1000407
0.124684
0.06807651
0.03806353
0.04050328
0.01903255
0.04538434
0.06368402
0.06368402
