0.2208208
0.2388762
0.2388762
0.2542475
0.2527834
0.244
0.249368
0.2469283
0.2391205
0.2391205
0.2393647
0.2425358
0.2364364
0.2393647
0.2447313
0.2525406
0.2610798
0.2754755
0.2754755
0.2447313
0.1893436
0.1800717
0.2391205
0.277184
0.2815765
0.2764527
0.2764527
0.2530276
0.2476596
0.2618126
0.2625439
0.2500993
0.2500993
0.2081319
0.2081319
0.1890993
0.1773876
0.1793403
0.1778762
0.1647003
0.1803159
0.1971515
0.1971515
0.1910521
0.1698241
0.1698241
0.1969087
0.1854397
0.1912964
0.2156954
0.2156954
0.2054479
0.194956
0.1942247
0.1812915
0.1546954
0.1559153
0.1485961
0.1429837
0.1429837
0.1276123
0.1212687
0.1478648
0.1803159
0.1895879
0.1895879
0.1651873
0.1681156
0.1693355
0.1695798
0.1739723
0.1769006
0.1549397
0.161772
0.161772
0.1542084
0.1493274
0.1420081
0.173728
