0.1039446
0.110044
0.1115081
0.1107753
0.1232199
0.1119967
0.1049202
0.1049202
0.09637949
0.09345272
0.09174427
0.09223129
0.09271986
0.09515961
0.09662377
0.09662377
0.1093127
0.1117524
0.1083355
0.09808794
0.1139479
0.1166319
0.1166319
0.1054087
0.1054087
0.09589247
0.09564818
0.1115081
0.1237084
0.1354202
0.1344446
0.1351759
0.1351759
0.1259039
0.1115081
0.127368
0.1324918
0.1239527
0.1417638
0.1454235
0.1493274
0.1493274
0.1439593
0.1488404
0.1507915
0.1722638
0.173728
0.1449364
0.1449364
0.1417638
0.1422524
0.1603078
0.1525
0.1537199
0.1378599
0.1544527
0.1556726
0.1556726
0.1554283
0.1442036
0.1305407
0.1280994
0.1200472
0.1149235
0.1149235
0.1110195
0.1024804
0.1068713
0.1076042
0.1027247
0.09540389
0.09540389
0.09247557
0.09247557
0.1056515
0.1071156
0.09198856
0.09028011
0.09979638
0.1000407
0.1000407
0.1056515
0.1022361
0.08271657
0.0946726
0.1071156
0.1054087
0.1002834
0.1002834
0.1039446
0.09930781
0.0739316
0.05880453
0.0566075
0.04196744
0.0509967
0.0509967
0.082228
0.1024804
