0.1288322
0.05636477
0.05636477
0.01585994
-0.009271986
-0.01439577
-0.01512863
0.02781596
0.08027527
0.08418074
0.08418074
0.1063843
0.1373713
0.09223129
0.2054479
0.1395684
0.1952003
0.2061807
0.2061807
0.2135
0.2520521
0.2718159
0.2803566
0.2635195
0.2293599
0.2893843
0.2893843
0.2330195
0.2547361
0.1649446
-0.02513192
-0.001219875
0.0690521
0.02415633
0.02415633
-0.002928323
0.03830782
0.03708794
0.0641726
0.05343645
-0.05343645
0.002928323
-0.04514005
-0.04514005
-0.06880782
-0.09833222
-0.08003253
-0.0905244
-0.1012605
-0.1010163
-0.0739316
-0.0739316
-0.1041873
-0.07637135
-0.02000813
-0.06685664
-0.06295273
-0.09540389
-0.09540389
-0.1217557
-0.00561236
-0.01146745
-0.1046759
-0.06270844
0.1005277
0.112728
-0.01122472
-0.01122472
0.06685664
0.03733223
0.05197229
0.0214723
0.0131759
0.02195931
