0.09589247
0.122
0.1344446
0.1571368
0.1307834
0.1044316
0.1044316
0.09442831
0.1195602
0.1315162
0.1371286
0.143228
0.157868
0.157868
0.1890993
0.1917834
0.1729967
0.1556726
0.1510358
0.173728
0.176412
0.176412
0.1988599
0.218868
0.2239918
0.1969087
0.1747036
0.161772
0.1329804
0.1329804
0.01854397
-0.02684037
-0.0222036
-0.02318074
-0.009760559
0.008540683
0.01098043
0.01098043
0.02415633
0.01268733
0.0214723
0.02098372
0.01464006
0.05978011
0.02073944
0.02073944
0.01659124
0.03830782
0.05490061
