-0.06392831
-0.06783222
-0.03074428
0.02049671
0.03781925
0.02464335
0.02391205
-0.003903912
-0.003903912
-0.02684037
-0.03074428
-0.007076522
0.01024758
0.005368074
-0.003903912
-0.01903255
-0.01903255
-0.03171987
-0.03025571
-0.01073615
-0.01268733
0.03879639
0.05490061
0.05953583
0.05953583
0.03781925
0.001952734
-0.008052111
-0.01512863
0.001708448
0.02122801
0.01024758
0.01024758
0.0222036
0.02293646
0.0007313028
0.003172609
0.01878826
0.01878826
0.02952441
0.01220031
0.02318074
0.0336726
0.0336726
0.06636807
0.0912557
0.103456
0.08954725
0.08954725
0.05856024
0.05075242
0.05294788
0.06783222
0.07368731
0.06758794
0.05294788
0.04514005
0.04514005
0.03464819
0.04367589
0.05978011
0.07417589
0.05026384
0.04148043
0.03415962
0.03415962
0.03440391
0.03855211
0.03830782
0.02342347
0.01561565
0.0336726
0.0336726
0.04123614
0.02830453
0.05294788
0.04440875
0.01756838
0.002195464
-0.0090277
-0.0090277
-0.001464162
0.01342018
0.009516273
0.004148198
0.004148198
0.0124446
0.008296397
0.02025242
0.02025242
0.02854726
0.04733552
0.04635993
0.1180961
0.06734365
0.06734365
-0.1285879
-0.06929639
