-0.05441204
-0.02976869
0.04514005
0.04514005
0.03659937
0.01927527
0.02806024
0.02342347
0.01585994
-0.0009755891
-0.01854397
-0.02659608
-0.02659608
-0.02732738
-0.04928825
-0.02464335
-0.02830453
-0.02806024
-0.01415149
-0.02073944
-0.02073944
-0.01171174
-0.01512863
-0.005368074
-0.01171174
-0.02195931
-0.05245931
-0.04635993
-0.04635993
-0.04562863
0.006587949
0.01488435
0.004879501
-0.01707981
-0.04489577
-0.04294459
-0.02806024
-0.02806024
0.005123788
0.03830782
0.03196416
-0.008540683
-0.03684366
-0.03684366
-0.03586807
0.005856646
0.01537136
0.04611564
0.06221987
0.0566075
0.09564818
0.09564818
0.06587949
0.06587949
0.1083355
0.1415195
0.1498159
0.1481075
0.1527443
0.1629918
0.1629918
0.1402997
0.133956
0.1869039
0.2183795
0.183
0.1464006
0.1385928
0.1385928
0.1251726
0.1444479
0.1554283
0.1363958
0.1222443
0.1188274
0.1285879
0.1285879
0.1332247
0.1259039
0.09149998
0.0829593
0.08271657
0.09881923
0.1224886
0.1224886
0.143228
0.1429837
0.1632361
0.09418402
-0.02854726
-0.0739316
0.02659608
