0.1595765
0.1890993
0.192272
0.192272
0.1920277
0.2008126
0.2008126
0.1903208
0.1759235
0.1759235
0.1744593
0.173728
0.1717753
0.1607964
0.1698241
0.1698241
0.1732394
0.1707997
0.1742166
0.1700684
0.1690928
0.1573795
0.1625033
0.1678713
0.1678713
0.1485961
0.1559153
0.1520114
0.1505472
0.1500602
0.1500602
0.1661644
0.1661644
0.1666515
0.1666515
0.1603078
0.1512801
0.1512801
0.1383485
0.145912
0.145912
0.140544
0.1395684
0.1429837
0.1476205
0.1554283
0.1539641
0.161772
0.1600635
0.1600635
0.1525
0.1498159
0.1485961
0.1344446
0.1259039
0.1268795
0.1268795
0.1356644
0.1288322
0.1378599
0.1429837
0.1424967
0.1424967
0.1293192
0.1407882
0.1529886
0.1556726
0.1503045
0.1507915
0.1515244
0.1393241
0.1351759
0.1351759
0.1337117
0.1146807
0.08808465
0.07368731
0.07417589
0.0732003
0.09637949
0.1178518
0.1178518
0.1412753
0.1407882
0.145912
0.143228
0.1356644
0.1356644
0.1539641
0.1539641
0.1329804
0.1185846
0.1102882
0.1105325
0.1190717
0.1073599
0.1254153
0.1254153
0.1834885
0.1988599
0.2025195
0.2059364
0.1727524
0.1271238
0.1271238
0.09686806
0.0732003
0.03318403
0.03708794
0.04123614
0.04611564
0.04611564
0.06709937
0.100772
0.09174427
0.100772
0.1156563
0.1290765
0.1041873
0.1146807
0.1505472
0.1505472
0.1537199
0.1305407
0.1012605
0.09393974
0.06856353
0.05197229
0.05197229
0.07490875
0.09881923
0.1037003
0.1271238
0.1690928
0.2166726
0.2266759
0.2137443
0.2137443
0.1588436
0.1554283
0.1647003
