0.1998355
0.2486367
0.2486367
0.2842605
0.2403403
0.185684
0.1278566
0.1151677
0.1151677
0.1427394
0.1622605
0.1839756
0.1937361
0.1698241
0.1285879
0.1141922
0.1141922
0.1097997
0.1105325
0.09808794
0.0780798
0.06539247
0.06856353
0.05270359
0.02098372
0.02098372
0.03171987
0.04928825
0.02244788
-0.04343161
-0.09564818
-0.1402997
-0.1402997
-0.1429837
-0.1017476
-0.1241954
-0.2030081
-0.2657166
-0.3003647
-0.2954837
-0.3030488
-0.3379397
-0.3782003
-0.3782003
-0.4072361
-0.4255358
-0.4372475
-0.4162638
-0.4028436
-0.4028436
-0.4445683
-0.4914168
-0.499956
-0.4892198
-0.5165488
-0.5692523
-0.6036562
-0.5956041
-0.5956041
-0.6114641
-0.6451367
-0.6414755
-0.6414755
-0.6731954
-0.6914966
-0.6914966
-0.7171155
-0.7295601
-0.7315113
-0.7193125
-0.7112604
-0.7124803
-0.7317556
-0.7317556
-0.6734396
-0.618052
-0.7027197
-0.7234607
-0.7217523
-0.7034526
-0.6490406
-0.6490406
