0.3882035
0.3742963
0.3689283
0.3850325
0.3540439
0.3601433
0.3340358
0.3098795
0.3098795
0.3284234
0.3284234
0.3364755
0.3211042
0.3110993
0.3335488
0.3335488
0.3296433
0.3206156
0.3213485
0.3093924
0.3311075
0.3418436
0.3496514
0.3391596
0.3391596
0.3533126
0.3533126
0.3467247
0.3284234
0.3337915
0.3369641
0.3564837
0.3484316
0.3345244
0.3208599
0.3215927
0.3372084
0.3372084
0.3459918
0.3423322
0.3613647
0.3613647
0.352824
0.3354999
0.3503843
0.3479445
0.3211042
0.3372084
0.3045114
0.3191514
0.3191514
0.3608761
0.3335488
0.3376954
0.3608761
0.3608761
0.3403794
0.371368
0.371368
0.3396482
0.3303761
0.3494087
0.3374527
0.3372084
0.3472117
0.3218355
0.3218355
0.3320846
0.3320846
0.3337915
0.310368
0.3384283
0.3667313
0.3623403
0.3342801
0.3006075
0.2849918
0.2849918
0.3184201
0.3445276
0.326228
0.2971921
0.2737687
0.2737687
0.2627882
0.2842605
0.3045114
0.2981677
0.3013403
0.2959723
0.2959723
0.3128078
0.3281807
0.3396482
0.3235439
0.3511156
0.3511156
0.3242768
0.3242768
0.3084153
0.2723045
0.2479039
0.2500993
0.2383876
0.2383876
0.2547361
0.2498566
0.2513208
0.2413159
0.2547361
0.2630325
0.2713273
0.3008518
0.3008518
0.3174445
0.3162247
0.3254966
0.3264723
0.3303761
0.3603876
0.3603876
0.2745
0.2862117
0.3106123
