0.5443647
0.5409478
0.5463158
0.5514396
0.5560764
0.5560764
0.5675439
0.5738875
0.5685195
0.5648599
0.566324
0.5982882
0.6402556
0.6402556
0.6529445
0.6278126
0.5743761
0.5509527
0.5365553
0.5111806
0.5111806
0.4753126
0.4309039
0.3862524
0.3481873
0.3279364
0.3074397
0.2583957
0.2093518
0.1310277
0.1102882
0.1102882
0.07124756
-0.002195464
-0.05563192
-0.1363958
-0.1363958
-0.1817801
-0.1817801
-0.2278957
-0.2398518
-0.2945081
-0.3286677
-0.3140276
-0.2954837
-0.2954837
-0.2954837
-0.2974364
-0.2879201
-0.2981677
-0.3057313
-0.2769397
-0.291824
-0.291824
-0.2913355
-0.2913355
-0.2867003
-0.2720602
-0.2569316
-0.2391205
-0.2303355
-0.2303355
-0.2217964
-0.2288713
-0.1890993
-0.1700684
-0.1629918
-0.1722638
-0.1817801
-0.1817801
-0.1678713
-0.1400554
-0.1437166
-0.1417638
-0.1398126
-0.1307834
-0.1293192
-0.1415195
-0.1415195
-0.1605521
-0.1193159
-0.07490875
-0.08271657
-0.1212687
-0.1190717
