0.8937718
0.8981643
0.8981643
0.8998728
0.8959673
0.89792
0.9115845
0.9208565
0.919148
0.9103646
0.9113402
0.9140242
0.9113402
0.9113402
0.8981643
0.8683956
0.8610764
0.8518044
0.8518044
0.8361887
0.8137393
0.77592
0.7424917
0.7068679
0.6590438
0.6261041
0.6063403
0.6063403
0.5899917
0.5619316
0.5353354
0.5184999
0.4916596
0.4640879
0.4494478
0.4494478
0.4201677
0.3928403
0.3699039
0.340868
0.3208599
0.2940195
0.2625439
0.2296042
0.2296042
0.1908078
0.1525
0.1212687
0.09076868
0.06587949
0.02537621
0.02537621
-0.01366447
-0.02976869
-0.0509967
-0.07002769
-0.08564334
-0.1044316
-0.1171205
-0.1137036
-0.1137036
-0.09686806
-0.0690521
-0.04440875
-0.04343161
-0.03342832
-0.03855211
-0.02366776
-0.02366776
-0.02659608
-0.02122801
-0.01293161
-0.0007313028
0.003659626
-0.0009755891
