0.9703875
0.9647767
0.9694119
0.9755128
0.9755128
0.9628239
0.9518435
0.946964
0.9537963
0.9537963
0.968192
0.9772197
0.9769754
1.000888
1.000888
1.012112
1.012112
1.035049
1.055788
1.050176
1.030168
1.008695
1.057984
1.079944
1.036756
0.9650194
0.9650194
0.8715683
0.8020276
0.6800276
0.5938957
0.5646155
0.48678
0.48678
0.3969885
0.2232605
0.09857651
-0.04514005
-0.1390798
-0.08808465
-0.04660422
-0.10614
-0.10614
-0.1493274
-0.185684
-0.2047165
-0.2083762
-0.1842199
-0.2225277
-0.2225277
-0.2408274
-0.2056921
-0.1349316
