0.8642474
0.8749836
0.9118288
0.9528207
0.9528207
0.9281757
0.9652637
0.9518435
0.9674607
0.9664836
0.9745357
1.005769
1.029192
1.029192
1.044563
1.026752
1.015772
1.065791
1.055057
0.9964966
1.00162
1.00162
0.9537963
0.9369607
0.8991399
0.8112996
0.7268761
0.5760846
0.5760846
0.4899527
0.4545716
0.3823484
0.2635195
0.1261482
0.07344458
0.07344458
0.04953254
0.04953254
-0.07661564
-0.1705554
-0.1354202
-0.1139479
-0.1566482
-0.1849527
-0.1849527
-0.1585993
-0.1302964
-0.1300521
-0.1498159
-0.16714
-0.1588436
-0.1695798
-0.1776319
-0.1776319
-0.1573795
-0.08442346
-0.09857651
-0.1088241
