0.6863713
0.6739282
0.6739282
0.6322035
0.618052
0.6182963
0.6278126
0.6356204
0.6356204
0.6412327
0.6453794
0.6541644
0.6700243
0.6834445
0.6834445
0.6905195
0.7163842
0.7505438
0.7539607
0.7439559
0.7251676
0.697596
0.6412327
0.6412327
0.5914559
0.5780358
0.5465602
0.4584755
0.3638045
0.3132963
0.3132963
0.3020716
0.2476596
0.1715325
0.08759607
0.04538434
0.03757652
0.01195602
0.01195602
-0.002195464
-0.01122472
-0.02562049
-0.05197229
-0.07246744
-0.06612378
-0.07246744
-0.07637135
-0.07637135
-0.07881266
-0.08979154
-0.08003253
-0.0690521
-0.0697834
-0.08344787
-0.09418402
-0.1002834
-0.1002834
-0.082228
-0.0600244
-0.06221987
-0.06343974
-0.07685993
-0.06807651
-0.04392018
-0.04392018
-0.03586807
-0.04977527
-0.05319216
-0.04831266
-0.07100328
-0.08271657
-0.05782738
-0.05782738
