-0.06856353
-0.07295601
-0.05782738
-0.04123614
-0.0353795
-0.03464819
-0.03464819
-0.03562378
-0.02854726
-0.03318403
-0.03415962
-0.03025571
-0.02830453
-0.02830453
-0.02318074
-0.02879155
-0.02806024
-0.02659608
-0.02098372
-0.02610751
-0.0312313
-0.0312313
-0.02684037
-0.02000813
-0.02342347
-0.02171658
-0.02440062
-0.02928012
-0.02366776
-0.01415149
-0.01415149
-0.01854397
-0.0263518
-0.02684037
-0.03001142
-0.04001627
-0.04562863
-0.05563192
-0.04831266
-0.04660422
-0.04660422
-0.05392347
-0.05148372
-0.06099999
-0.05636477
-0.04879968
-0.04879968
-0.04635993
-0.05245931
-0.05978011
-0.06612378
-0.0697834
-0.0649039
-0.06026869
-0.06026869
-0.06221987
-0.05416775
-0.04928825
-0.04855539
-0.04562863
-0.03781925
-0.04270031
-0.04294459
-0.04294459
-0.03757652
-0.04855539
-0.05880453
-0.05465633
-0.04757981
-0.03245273
-0.03245273
-0.03757652
-0.05294788
-0.0641726
-0.07271173
-0.06368402
-0.05856024
-0.05856024
-0.051728
-0.04879968
-0.05758465
-0.05441204
-0.04953254
-0.04367589
-0.04123614
-0.04123614
-0.04660422
