0.1156563
0.1173648
0.1173648
0.1283436
0.1200472
0.1141922
0.1110195
0.1207801
0.1137036
0.1041873
0.1141922
0.09735663
0.09735663
0.09003583
0.07100328
0.06929639
0.08344787
0.07100328
0.05026384
0.05026384
0.05245931
0.05050813
0.03904068
0.02122801
0.01268733
0.03318403
0.03293975
0.02562049
0.02562049
-0.001952734
0.01683552
0.01049186
0.01024758
-0.01171174
-0.002684037
-0.01146745
-0.01146745
-0.003172609
-0.01610422
-0.01049186
-0.02830453
-0.02830453
-0.03245273
-0.03391533
-0.03904068
-0.03904068
-0.04928825
-0.03684366
-0.05245931
-0.0649039
-0.05490061
-0.05270359
-0.05270359
-0.04806838
-0.04611564
-0.04904397
-0.06051142
-0.0649039
-0.04733552
-0.05075242
-0.05075242
-0.05685179
-0.07539576
-0.07515148
-0.05441204
-0.04709123
-0.04806838
