0.9918598
0.9840519
0.9608728
0.9415959
0.8984086
0.8947474
0.9272001
0.9572116
0.9572116
0.9542832
0.9357393
0.9247604
0.9462327
0.9303728
0.9215878
0.9332995
0.9332995
0.9772197
1.027728
1.0675
1.071892
1.046272
1.001865
0.9318354
0.8095927
0.8095927
0.7664038
0.7476155
0.7420048
0.6770993
0.6046318
0.5499755
0.5499755
0.4794608
0.3962556
0.2762084
0.1422524
0.04050328
-0.01488435
-0.06880782
-0.1293192
-0.1293192
-0.2113045
-0.2283843
-0.1915407
-0.1654316
-0.1649446
-0.1795846
-0.2093518
-0.2093518
-0.2225277
-0.2437557
-0.2540033
-0.2654723
-0.2769397
-0.2581514
-0.2581514
-0.2354593
-0.2357036
-0.2525406
-0.2703518
-0.2481482
-0.2469283
-0.2191123
