0.8847442
0.9062164
0.9062164
0.9096318
0.9140242
0.9184167
0.9213435
0.9213435
0.9252474
0.9218321
0.9167083
0.9123158
0.9149998
0.9171953
0.9186594
0.9186594
0.9047523
0.8908435
0.8771806
0.8515601
0.8203273
0.8039803
0.8039803
0.7878761
0.7529836
0.7222393
0.6832002
0.6656318
0.6539201
0.6522116
0.6239086
0.5877963
0.5877963
0.557052
0.5319201
0.4984918
0.4565243
0.4155325
0.377956
0.3379397
0.3057313
0.3057313
0.2788924
0.2632768
0.2298485
0.194956
0.161772
0.1381042
0.1381042
0.07490875
0.07490875
0.05148372
0.0124446
-0.004879501
-0.004879501
-0.04343161
-0.04343161
-0.04172472
-0.04318732
-0.03928341
-0.03977198
-0.03830782
-0.04099186
-0.02976869
-0.03001142
-0.03001142
-0.01195602
-0.01195602
-0.0090277
-0.01390876
-0.0124446
-0.002928323
-0.002928323
0.006343663
0.0004885725
