-0.06221987
-0.06221987
-0.05050813
-0.05050813
-0.03684366
-0.03025571
-0.03391533
-0.04392018
-0.04392018
-0.04879968
-0.05197229
-0.05026384
-0.05416775
-0.05123943
-0.04928825
-0.04660422
-0.04660422
-0.04123614
-0.04514005
-0.04416447
-0.04489577
-0.04928825
-0.05441204
-0.05441204
-0.05904726
-0.05441204
-0.05538763
-0.05612049
-0.05441204
-0.04757981
-0.051728
-0.051728
-0.07417589
-0.07417589
-0.07368731
-0.07271173
-0.05685179
-0.05001955
-0.05197229
-0.05758465
-0.06026869
-0.06026869
-0.06221987
-0.0690521
-0.07027198
-0.07881266
-0.08320359
-0.07612862
-0.07612862
-0.06954067
-0.07173613
-0.07246744
-0.07417589
-0.08198372
-0.09345272
-0.09759936
-0.09759936
-0.09540389
-0.09711234
-0.09198856
-0.09003583
-0.0946726
-0.07539576
-0.07002769
-0.07002769
-0.06051142
-0.06612378
-0.07685993
-0.08784036
-0.09540389
-0.09028011
-0.1027247
-0.1027247
-0.1093127
-0.1017476
-0.1146807
-0.122
-0.1356644
-0.1356644
-0.131272
-0.1283436
-0.1210244
-0.1137036
-0.1163876
