0.9198794
0.9276887
0.9411073
0.9411073
0.9777083
0.9906399
0.9869803
0.9533077
0.9506236
0.9572116
0.9572116
0.9699005
0.9598956
0.9457442
0.9359836
0.9042637
0.8608321
0.8298435
0.8039803
0.8039803
0.7073565
0.7073565
0.6285439
0.5499755
0.5041041
0.4392003
0.3206156
0.3206156
0.2259446
0.1766563
0.1363958
0.1090684
0.06685664
0.02879155
-0.03562378
-0.03562378
-0.1207801
-0.1969087
-0.2688876
-0.3257394
-0.3879592
-0.4609153
-0.5102035
-0.5102035
-0.5841367
-0.5841367
-0.5909674
-0.5987768
-0.6026806
-0.6026806
-0.5463158
-0.5302116
-0.5302116
-0.5136204
-0.4767767
-0.4309039
-0.4006481
-0.3728322
-0.3533126
-0.3533126
-0.3189087
-0.3206156
-0.3191514
-0.3093924
-0.3152475
-0.3220797
-0.3191514
-0.3191514
-0.3142719
-0.3015846
-0.3067084
-0.2947524
-0.2967035
-0.2784039
-0.2884087
-0.2884087
-0.2835276
-0.2742557
-0.2644967
-0.2508322
-0.2364364
-0.2388762
-0.2388762
-0.2325325
-0.2154527
