0.9279315
0.9206122
0.9206122
0.9174396
0.9247604
0.9079233
0.9040194
0.8820601
0.8942604
0.8942604
0.8964559
0.9057279
0.9179282
0.9220763
0.9306155
0.9298842
0.9298842
0.8923077
0.8923077
0.8679086
0.8335047
0.7744559
0.7061366
0.6407442
0.5704722
0.5704722
0.5036156
0.4399315
0.389912
0.3733208
0.3684397
0.3364755
0.3364755
0.3191514
0.3110993
0.2808436
0.2491238
0.2047165
0.1420081
0.08076384
0.01415149
0.01415149
-0.05490061
-0.1205358
-0.176412
-0.2342394
-0.2940195
-0.3257394
-0.3391596
-0.3391596
-0.3291563
-0.3562394
-0.3801514
-0.3850325
-0.3803957
-0.3720993
-0.3574592
-0.3401367
-0.3401367
-0.3469674
-0.2810879
-0.2862117
-0.2949966
-0.2674234
-0.2235032
-0.2130114
-0.2130114
