0.8034917
0.8134966
0.8134966
0.8413125
0.8252083
0.8288679
0.8388728
0.8388728
0.8491204
0.8513158
0.8784005
0.8849884
0.8893794
0.8781562
0.8835242
0.885964
0.885964
0.8891366
0.8998728
0.9001155
0.8991399
0.8784005
0.8444836
0.7966595
0.7966595
0.7510324
0.7134559
0.6780764
0.6453794
0.6117083
0.5904803
0.5692523
0.5692523
0.5365553
0.5111806
0.4860487
0.4643322
0.4360276
0.3984527
0.3630716
0.3198843
0.2757198
0.2405846
0.2405846
0.2171596
0.1886123
0.1520114
0.112728
0.0739316
0.0739316
0.02684037
-0.01585994
-0.03904068
-0.04489577
-0.07149185
-0.08564334
-0.08564334
-0.08466775
-0.1144364
-0.1381042
-0.1607964
-0.1705554
-0.1925162
-0.1925162
-0.216184
-0.2425358
-0.2562003
-0.2562003
-0.2593713
-0.2766954
-0.2752313
-0.2752313
-0.2715716
-0.2715716
-0.2593713
-0.2481482
-0.2488795
-0.2447313
-0.2335081
-0.2330195
-0.2317996
-0.2317996
-0.2020325
-0.1839756
-0.1851954
-0.1786075
-0.1500602
-0.1500602
-0.1346873
-0.1346873
-0.1288322
-0.1159006
-0.1144364
