0.9769754
0.9779526
0.9752685
0.98942
0.98942
0.9918598
0.970876
0.9872246
0.9906399
0.9925926
0.9994233
1.00894
1.00894
1.015041
1.060912
1.116057
1.185107
1.258063
1.278072
1.245376
1.25294
1.25294
1.258063
1.163392
1.084093
0.9823435
0.9779526
1.064571
1.146557
1.146557
1.147777
1.075796
1.023093
0.9738044
0.9372035
0.9218321
0.8786448
0.8786448
0.8837686
0.8798646
0.8266725
0.7737246
0.6988158
0.6275683
0.5804755
0.5804755
0.5080081
0.4099201
0.3245195
0.2669364
0.2713273
0.2713273
0.1673843
0.02000813
0.02000813
-0.02562049
-0.04294459
-0.1205358
-0.08271657
-0.05538763
-0.08759607
-0.08759607
-0.09198856
-0.1251726
-0.1971515
-0.2205765
-0.2235032
-0.2174039
-0.2174039
-0.2183795
-0.2457084
-0.2715716
-0.2962165
-0.2991433
-0.3030488
-0.2967035
-0.3086596
