-0.3511156
-0.3628273
-0.3613647
-0.3613647
-0.3681954
-0.3645358
-0.3459918
-0.3545325
-0.3599006
-0.3691725
-0.3730765
-0.3730765
-0.3821042
-0.3904006
-0.429684
-0.4382246
-0.4340765
-0.4482279
-0.4709201
-0.4709201
-0.4975162
-0.5221595
-0.5475358
-0.5846237
-0.6012165
-0.6319607
-0.6409885
-0.6409885
-0.6600195
-0.7537165
-0.7624999
-0.73078
-0.7554234
-0.813008
-0.8486318
-0.885964
-0.885964
-0.9086562
-0.9145113
-0.9264688
-0.9418402
-0.9952767
-1.050909
-1.050909
-1.035536
-1.033096
-1.031387
-1.024068
-1.011379
-0.9940552
-1.00528
-1.02236
-0.9633125
-0.9633125
-0.9903956
-0.9908842
-0.9938125
