-0.5775487
-0.6675845
-0.6675845
-0.7344396
-0.7344396
-0.7856806
-0.7856806
-0.8281366
-0.80642
-0.7700634
-0.7266318
-0.7132116
-0.7107719
-0.7324885
-0.7383435
-0.7383435
-0.7534721
-0.7681122
-0.7883646
-0.7903158
-0.7888517
-0.7888517
-0.7954396
-0.8020276
-0.810324
-0.8237442
-0.8488761
-0.8771806
-0.9147556
-0.9147556
-1.016747
-1.014063
-1.014063
-0.9777083
-0.937692
-0.892552
-0.8652246
-0.8644917
-0.8644917
-0.8649803
-0.8635162
-0.8630276
-0.8713239
-0.8805959
-0.9093875
-0.9093875
-0.9559917
-0.9664836
-0.9977164
-1.021384
-1.013088
-0.9957637
-0.9906399
-0.9903956
-0.9903956
-0.9742914
-0.9699005
-0.9552604
-0.9516008
-0.9523321
-0.9542832
-0.9645324
-0.9645324
-0.9701447
-0.965508
-0.9669721
-0.9742914
-0.9742914
-0.9742914
-0.9742914
-0.9886887
-0.9879559
-0.9633125
-0.9503794
-0.9906399
-1.011379
-1.018456
-1.018456
-0.996008
-0.9952767
-0.9803923
-0.9406204
-0.8988956
-0.9032881
-0.9064607
