-0.6558728
-0.6897882
-0.6795406
-0.6795406
-0.6705113
-0.6712442
-0.6685601
-0.6785634
-0.6785634
-0.6727083
-0.6802719
-0.6968647
-0.7283403
-0.7237035
-0.709552
-0.7217523
-0.7217523
-0.7439559
-0.7573761
-0.7576204
-0.7605487
-0.7629884
-0.7695764
-0.7695764
-0.7864119
-0.7881204
-0.7942197
-0.7973924
-0.8200845
-0.8364315
-0.8398484
-0.8398484
-0.8515601
-0.8515601
-0.8493646
-0.8681514
-0.8659559
-0.8552197
-0.8601008
-0.8957246
-0.9064607
-0.9064607
-0.9184167
-0.9357393
-0.9394005
-0.9296399
-0.9293956
-0.9396448
-0.9396448
-0.9557474
-0.9686806
-0.9608728
-0.9423288
-0.9303728
-0.9596514
-0.9664836
-0.9664836
-0.9652637
-0.9535519
-0.9313484
-0.9169526
-0.9318354
-0.9530634
-0.9494038
-0.9494038
-0.9206122
-0.9486725
-0.9272001
-0.9479396
-0.9484282
-0.937692
-0.9418402
-0.9418402
-0.9479396
-0.9452556
-0.937692
-0.9518435
-0.9308598
-0.9308598
-0.9623353
-0.9479396
-0.9530634
-0.9618484
-0.9523321
