-0.4716514
-0.5006872
-0.5016644
-0.5050797
-0.5058126
-0.5058126
-0.5167915
-0.5060553
-0.5121562
-0.5163044
-0.4997117
-0.5050797
-0.5031285
-0.5031285
-0.5050797
-0.5048354
-0.4967833
-0.5043485
-0.5041041
-0.4955634
-0.5158159
-0.526552
-0.526552
-0.5343599
-0.5294803
-0.5419234
-0.5497327
-0.5658354
-0.5614445
-0.5614445
-0.5853565
-0.6231758
-0.6231758
-0.6185406
-0.6356204
-0.6561155
-0.6700243
-0.6700243
-0.6707556
-0.6958875
-0.7029641
-0.7075993
-0.7190683
-0.725412
-0.7349282
-0.7473713
-0.7473713
-0.7656725
-0.7856806
-0.7727475
-0.80642
-0.8303321
-0.8391155
-0.8461921
-0.8461921
-0.8461921
-0.8571725
-0.8693728
-0.8681514
-0.8744966
-0.8788875
-0.8788875
-0.8937718
-0.8835242
-0.8942604
-0.9149998
-0.9298842
-0.9208565
-0.937692
-0.94428
-0.94428
-0.9635568
-0.9637995
-0.9716073
-0.9608728
-0.9967393
-0.9735601
-1.010404
-1.010404
-1.0004
-1.013576
-1.024312
-0.9886887
-0.9630682
