-0.7564005
-0.6993044
-0.6993044
-0.6668517
-0.7176041
-0.7185797
-0.7207767
-0.7398077
-0.7544478
-0.7639641
-0.7627442
-0.7627442
-0.7463956
-0.7842165
-0.8052002
-0.8125194
-0.8339917
-0.8679086
-0.8984086
-0.8984086
-0.8913321
-0.8920634
-0.8813273
-0.8971887
-0.8932848
-0.8998728
-0.9096318
-0.9096318
-0.8869396
-0.8825487
-0.8962116
-0.9381806
-0.9606284
-0.9528207
-0.9528207
-0.9669721
-0.9984477
-0.9720959
-0.9855161
-1.041392
-1.060668
-1.042368
-1.012112
-1.012112
-0.9942995
-0.9725845
-0.9864917
-0.9952767
-0.9955194
-0.9779526
-0.9684363
-0.9684363
-0.9733158
-0.9781953
-0.9964966
-1.002352
-1.005524
-0.9972278
-0.9918598
-0.9918598
-1.016747
-1.018456
-1.020651
-1.008695
-0.9930797
-0.9916155
-1.003572
-1.003572
-1.010892
-1.005036
-0.9969836
-1.000888
-1.002352
-0.9935682
-0.970876
-0.970876
-0.8403354
-0.9325683
-1.150216
-1.153387
-0.9352522
