-0.6587996
-0.6824673
-0.7373679
-0.7373679
-0.7261432
-0.7261432
-0.7171155
-0.7259005
-0.7434673
-0.7707963
-0.7534721
-0.7407833
-0.7644526
-0.7644526
-0.7551806
-0.7605487
-0.7637197
-0.7534721
-0.7568875
-0.7703077
-0.8044673
-0.8044673
-0.8586366
-0.8705927
-0.8547327
-0.8662001
-0.8818158
-0.9252474
-0.9484282
-0.9484282
-0.9433044
-0.9328125
-0.9472083
-0.9596514
-0.956236
-0.949648
-0.9394005
-0.9394005
-0.9506236
-0.9650194
-0.9701447
-0.9823435
-0.9850276
-0.9877115
-1.002107
-0.9974721
-1.008695
-1.008695
-1.01748
-1.024799
-1.024312
-0.9930797
-0.9821008
-0.9789281
-0.9789281
-1.002596
-1.018456
-1.000888
-0.956236
-0.8349673
-0.8854755
-0.8854755
-1.147288
-1.112884
-0.9903956
