-0.7776285
-0.8176448
-0.8176448
-0.8191074
-0.8266725
-0.8215487
-0.8469234
-0.8469234
-0.8557083
-0.8705927
-0.8586366
-0.8461921
-0.8718125
-0.8854755
-0.8942604
-0.8942604
-0.8976758
-0.8937718
-0.9201236
-0.9154884
-0.9181725
-0.91378
-0.9345194
-0.9345194
-0.9189038
-0.9167083
-0.9057279
-0.9110959
-0.9252474
-0.9162197
-0.9193923
-0.9335438
-0.9335438
-0.9301285
-0.9498923
-0.9701447
-0.9633125
-0.9586757
-0.9586757
-0.986736
-0.986736
-0.9738044
-0.9425715
-0.9201236
-0.9008484
-0.9115845
-0.9315926
-0.9315926
-0.9272001
-0.8874282
-0.8718125
-0.8713239
-0.8842556
-0.9086562
-0.9086562
-0.9262246
-0.9091448
-0.9091448
-0.9335438
-0.9481839
-0.9650194
-0.9781953
-0.9762442
-0.9594086
-0.9594086
-0.9533077
-0.9838077
-0.9916155
-0.9916155
-0.9901513
-0.9786839
-0.9786839
-0.9623353
-0.9830763
-0.9852718
-0.9564803
-0.9806366
-0.9828321
-0.9723402
