-0.5321644
-0.5324087
-0.5263078
-0.526552
-0.5307002
-0.5307002
-0.5311888
-0.5326514
-0.5314316
-0.5311888
-0.5341156
-0.53314
-0.5619316
-0.5704722
-0.5704722
-0.5938957
-0.6041448
-0.5997523
-0.5951155
-0.6092686
-0.6222002
-0.6222002
-0.6358647
-0.6253713
-0.6451367
-0.6690487
-0.6866155
-0.6890553
-0.6858842
-0.6941806
-0.7205324
-0.7205324
-0.7556676
-0.7781155
-0.7915357
-0.7822637
-0.7783598
-0.7783598
-0.7910487
-0.80764
-0.8186204
-0.827648
-0.8388728
-0.83814
-0.83814
-0.8854755
-0.8898679
-0.8898679
-0.892552
-0.8893794
-0.8935276
-0.9010926
-0.9262246
-0.9313484
-0.9313484
-0.916464
-0.9193923
-0.9225634
-0.9379363
-0.9364721
-0.9437914
-0.9374477
-0.9447685
-0.9447685
-0.9659966
-0.9711204
-0.970876
-0.9567246
-0.9567246
-0.9630682
-0.9791725
-0.9777083
-0.9738044
-0.9557474
-0.9484282
-0.9716073
-0.9511122
-0.9511122
-0.9420845
-0.9586757
-0.9467197
