-0.4631123
-0.4779966
-0.4801921
-0.4779966
-0.4731156
-0.4789722
-0.4789722
-0.4828761
-0.4843403
-0.4843403
-0.4967833
-0.5050797
-0.5102035
-0.5177686
-0.5392393
-0.554368
-0.5682768
-0.5682768
-0.5824282
-0.5897475
-0.5838924
-0.6078044
-0.6078044
-0.6348875
-0.6348875
-0.6429396
-0.6585553
-0.6878354
-0.6878354
-0.7156514
-0.7268761
-0.7351725
-0.7351725
-0.7617686
-0.7578647
-0.7908044
-0.80764
-0.8164234
-0.8274038
-0.8274038
-0.8459477
-0.8596122
-0.8727881
-0.8735194
-0.8837686
-0.8881595
-0.8959673
-0.8996285
-0.8996285
-0.9042637
-0.9042637
-0.9120715
-0.9264688
-0.9372035
-0.9459884
-0.9459884
-0.9540405
-0.9423288
-0.9274445
-0.9567246
-0.9684363
-0.9533077
-0.9657522
-0.9742914
-0.9833207
-0.9833207
-0.9803923
-0.9864917
-0.9730715
-0.9772197
-0.9781953
-0.9767327
-0.9767327
-0.9950324
-0.9947881
-1.006256
-0.9994233
-1.011379
-0.9738044
-0.9818565
-0.9818565
-1.005036
-0.9896643
-1.000645
-0.9906399
-0.9664836
