-0.7546921
-0.8288679
-0.8571725
-0.862052
-0.8415568
-0.8415568
-0.827648
-0.83692
-0.8339917
-0.8505845
-0.8496073
-0.7954396
-0.7698207
-0.7698207
-0.7749445
-0.8576595
-0.8823044
-0.9272001
-0.9372035
-0.8962116
-0.8962116
-0.8134966
-0.7854363
-0.8293565
-0.895236
-0.8906008
-0.8771806
-0.8444836
-0.8544884
-0.9667279
-0.9384233
-0.9384233
-0.9152442
-0.9206122
-0.9586757
-1.039684
-1.039684
-0.9952767
-0.9952767
-0.935008
-0.8808402
-0.9813679
-1.073601
-1.055544
-1.013088
-1.013088
-0.9930797
-0.9950324
-0.9947881
-1.025044
-0.9877115
-0.9345194
-0.9384233
-0.9384233
-0.9647767
-0.9647767
-0.9762442
-0.9759998
-0.9457442
-0.9140242
-0.9157327
-0.9157327
-0.9637995
-1.001132
-0.9674607
-0.9516008
-0.9989363
-1.056764
-1.03456
-1.03456
-1.00772
-0.9523321
-1.003816
-1.024068
-0.9750242
-0.9672164
-0.9899086
-0.8713239
-0.8713239
-0.9755128
-1.100195
-1.025777
-0.9374477
-0.9057279
-0.8503402
