-0.7566448
-0.7512767
-0.7512767
-0.7517637
-0.7539607
-0.7568875
-0.7617686
-0.7549363
-0.7549363
-0.7451758
-0.7451758
-0.7341954
-0.7339526
-0.7276074
-0.7259005
-0.7324885
-0.7368794
-0.7483484
-0.7483484
-0.7546921
-0.773236
-0.7744559
-0.7717718
-0.7893403
-0.8213044
-0.8579038
-0.8579038
-0.8742523
-0.8708354
-0.8561953
-0.8703484
-0.8779119
-0.8776676
-0.8901122
-0.9128044
-0.9128044
-0.9354966
-0.9503794
-0.9689233
-1.002107
-1.03334
-1.029923
-1.029923
-1.027484
-1.023335
-1.028703
-1.035536
-1.035049
-1.032365
-1.02358
-1.02358
-1.011868
-1.005524
-1.004791
-0.9950324
-0.9950324
-0.9933239
-0.9933239
-0.9916155
-0.9940552
-0.9947881
-1.002107
-0.9738044
-1.00284
-0.9942995
-0.9962522
-0.9962522
-1.0065
