-0.56364
-0.5672996
-0.5672996
-0.5777915
-0.5743761
-0.5816954
-0.5799885
-0.5841367
-0.5790113
-0.5758403
-0.5936514
-0.5963354
-0.6112198
-0.6112198
-0.6102442
-0.5987768
-0.5799885
-0.5870634
-0.5836481
-0.5836481
-0.6002393
-0.6085358
-0.6195162
-0.6373273
-0.6556285
-0.6724641
-0.6724641
-0.6946676
-0.6946676
-0.7034526
-0.7139445
-0.7178484
-0.7290716
-0.7490797
-0.7268761
-0.7615243
-0.7615243
-0.7668924
-0.8095927
-0.813008
-0.813008
-0.8459477
-0.8857197
-0.8857197
-0.8459477
-0.8459477
-0.8937718
-0.9342767
-0.9511122
-0.9501366
-0.9296399
-0.9374477
-0.9374477
-0.9964966
-1.003329
-1.023335
-1.014796
-1.010892
-1.012843
-1.026752
-1.0187
-1.0187
-0.9994233
-0.9955194
-1.008208
-1.015041
-0.9974721
-1.006256
-1.006256
-0.9955194
-0.9908842
-0.9669721
