-0.6556285
-0.6724641
-0.6724641
-0.7005243
-0.7195553
-0.7268761
-0.7334641
-0.7476155
-0.7476155
-0.7459086
-0.7388321
-0.7222393
-0.6941806
-0.6839315
-0.6873484
-0.6873484
-0.6868598
-0.7124803
-0.7546921
-0.7993435
-0.7973924
-0.7944641
-0.7978794
-0.7978794
-0.8137393
-0.8171562
-0.8159363
-0.8093484
-0.8081285
-0.8374086
-0.8515601
-0.8454607
-0.8454607
-0.8393598
-0.8437523
-0.8513158
-0.8579038
-0.8552197
-0.8644917
-0.8608321
-0.8608321
-0.8713239
-0.8776676
-0.8752279
-0.8752279
-0.8769363
-0.8918207
-0.8945047
-0.8945047
-0.8949917
-0.8764477
-0.8688842
-0.9018239
-0.9152442
-0.9347637
-0.9386676
-0.9606284
-0.9606284
-0.9757556
-0.9830763
-0.9728288
-0.9577001
-0.9440357
-0.94428
-0.94428
-0.9594086
-0.9511122
-0.9174396
-0.9049966
-0.8993842
-0.9054836
-0.9501366
-0.9501366
-0.9508679
-0.9581887
-0.9711204
-0.9821008
-0.9755128
-0.9672164
-0.9445242
