-0.7673794
-0.7925113
-0.7790927
-0.7686008
-0.7734803
-0.7734803
-0.7966595
-0.8049559
-0.8242327
-0.8217914
-0.8393598
-0.8498517
-0.8671758
-0.8671758
-0.8762035
-0.8757164
-0.8752279
-0.8662001
-0.8813273
-0.8837686
-0.8818158
-0.8818158
-0.8823044
-0.8888924
-0.8871839
-0.8906008
-0.8930405
-0.8942604
-0.8947474
-0.9203679
-0.9203679
-0.9254917
-0.9059721
-0.9162197
-0.9279315
-0.9669721
-0.9669721
-0.9508679
-0.9508679
-0.9467197
-0.9545276
-0.9620926
-0.9608728
-0.9425715
-0.9428158
-0.9428158
-0.9337881
-0.9210992
-0.9330568
-0.9511122
-0.9337881
-0.9494038
-0.9567246
-0.9567246
-0.9550161
-0.9381806
-0.9337881
-0.9454998
-0.9196366
-0.9091448
-0.8974315
-0.8918207
-0.8749836
-0.8749836
-0.8857197
-0.8862083
-0.8857197
-0.8930405
-0.8954803
-0.8954803
-0.8940161
-0.8940161
-0.8774233
-0.9001155
-0.9232963
-0.9232963
-0.9298842
-0.9123158
-0.9123158
