-0.7429803
-0.7398077
-0.7500553
-0.7529836
-0.7500553
-0.7429803
-0.7351725
-0.7351725
-0.7339526
-0.7481041
-0.7534721
-0.7432246
-0.7383435
-0.7383435
-0.7256562
-0.7166285
-0.7166285
-0.7146758
-0.71492
-0.7144315
-0.7251676
-0.7420048
-0.7473713
-0.7473713
-0.7378565
-0.712236
-0.712236
-0.7483484
-0.7588403
-0.7627442
-0.7627442
-0.7869005
-0.7939755
-0.7998321
-0.7998321
-0.8234999
-0.8727881
-0.9006041
-0.9394005
-0.9735601
-0.9735601
-1.009428
-1.020651
-1.025288
-1.025288
-1.038953
-1.038953
-1.053593
-1.057008
-1.05286
-1.046516
-1.045052
-1.040659
-1.024312
-1.016747
-1.009428
-1.00772
-1.00772
-1.015772
-0.9955194
-0.9869803
-0.9891757
-0.9945438
-0.9945438
-1.006744
-1.006988
-0.9938125
-0.9938125
-0.9896643
-0.9967393
-1.012357
-1.010159
-0.9962522
-0.9962522
-0.98942
-0.97478
-0.9857604
