-0.6426954
-0.6085358
-0.6085358
-0.6497719
-0.6775879
-0.6929607
-0.7024755
-0.7024755
-0.7017442
-0.7293158
-0.7737246
-0.7871448
-0.7881204
-0.7764086
-0.7620113
-0.7620113
-0.7556676
-0.749324
-0.7588403
-0.7585959
-0.7449315
-0.74542
-0.7498125
-0.7778713
-0.7959282
-0.7959282
-0.8034917
-0.8149607
-0.8271595
-0.8327718
-0.8247197
-0.8286237
-0.8535113
-0.91378
-0.9494038
-0.9494038
-0.9667279
-0.9738044
-0.9662408
-0.9413517
-0.9459884
-0.9459884
-0.9608728
-0.9406204
-0.9006041
-0.8683956
-0.8596122
-0.8930405
-0.9315926
-0.9315926
-0.9752685
-1.002596
-1.007475
-1.005036
-1.013332
-0.9996676
-0.9996676
-0.9908842
-0.9703875
-0.9613598
-0.9557474
-0.9696562
-0.9825878
-0.9720959
-0.9720959
-0.9669721
-0.977464
-0.9784396
-0.9950324
-1.003572
-1.013332
-1.013332
-0.9489167
-0.9647767
-0.9642881
-0.9689233
-0.9886887
-0.986736
-0.97478
-0.9791725
-0.9796594
-0.9796594
-0.9835634
-0.9701447
