-0.8030047
-0.7766514
-0.7766514
-0.7512767
-0.7512767
-0.7551806
-0.7964168
-0.8361887
-0.8332604
-0.8217914
-0.8176448
-0.7976366
-0.7976366
-0.8071514
-0.7707963
-0.7534721
-0.7578647
-0.7385879
-0.7385879
-0.7361481
-0.7407833
-0.7222393
-0.6917393
-0.6722198
-0.6753924
-0.6749038
-0.6773435
-0.6566041
-0.6566041
-0.5738875
-0.4938566
-0.4828761
-0.4731156
-0.4470081
-0.4413957
-0.4413957
-0.4218761
-0.3801514
-0.3801514
-0.3230554
-0.2759641
-0.2361921
-0.1942247
-0.1754364
-0.1732394
-0.1732394
-0.131272
-0.1010163
-0.0739316
-0.06246415
-0.03001142
-0.03001142
-0.01927527
0.02854726
0.05685179
0.001219875
0.0263518
0.02171658
0.04221173
0.1149235
0.1149235
0.1703126
0.1525
0.09564818
0.03855211
0.05904726
0.05904726
0.1200472
0.1263925
0.2186238
0.1839756
0.09442831
0.06051142
0.06319545
0.1046759
0.1695798
