-0.0509967
-0.05856024
-0.05856024
-0.04026055
-0.04367589
-0.07076055
-0.07661564
-0.07124756
-0.07783552
-0.08515632
-0.08173943
-0.09857651
-0.09320843
-0.09320843
-0.0829593
-0.09101141
-0.02537621
0.01098043
0.009760559
0.009760559
-0.04635993
-0.07637135
-0.1029674
-0.1324918
-0.1566482
-0.1534756
-0.1534756
-0.0773485
-0.0773485
-0.05148372
-0.004879501
-0.0007313028
-0.03855211
-0.05294788
-0.0007313028
0.03855211
0.03855211
0.04538434
0.01829969
0.02610751
0.02610751
0.02659608
0.02757167
0.02757167
0.05953583
0.05953583
0.05880453
0.05368074
0.05416775
0.08491204
0.07832409
0.0773485
0.0773485
0.08759607
0.06783222
0.0173241
0.04294459
0.07368731
0.08100812
0.04904397
0.01707981
0.01707981
0.01146745
0.08027527
0.1185846
0.03708794
0.03049999
-0.009516273
-0.009516273
-0.02195931
-0.02391205
0.03220844
