-0.09296415
-0.1637247
-0.2169153
-0.2344837
-0.2030081
-0.1639674
-0.1329804
-0.1329804
-0.1263925
-0.1427394
-0.1259039
-0.1429837
-0.1354202
-0.1354202
-0.1068713
-0.1068713
-0.1327361
-0.1593322
-0.1720195
-0.1776319
-0.1881238
-0.2032524
-0.2296042
-0.2296042
-0.2269201
-0.1942247
-0.1732394
-0.1590879
-0.1559153
-0.1549397
-0.1634804
-0.1634804
-0.1612834
-0.1700684
-0.1756807
-0.1761677
-0.1627475
-0.1693355
-0.1707997
-0.1707997
-0.1812915
-0.1812915
-0.1812915
-0.1742166
-0.1666515
-0.1259039
-0.1329804
-0.1329804
-0.176412
-0.1954446
-0.2137443
-0.2313126
-0.2278957
-0.2303355
-0.2366807
-0.2366807
-0.2039837
-0.1705554
-0.1546954
-0.1590879
-0.1690928
-0.1788518
-0.1842199
-0.1842199
-0.2061807
-0.2034967
-0.1988599
-0.1888566
-0.1676286
-0.1527443
-0.1500602
-0.1324918
-0.1207801
-0.1207801
-0.09735663
-0.05709608
-0.03220844
-0.01781267
-0.01781267
0.0090277
0.01976385
0.01976385
0.05123943
0.05685179
0.06734365
0.05245931
0.06758794
0.06758794
0.07002769
0.0773485
0.1110195
0.1066286
0.09345272
0.0509967
0.03001142
0.01951956
0.006099377
0.006099377
-0.001464162
0.01512863
0.04099186
0.05368074
0.06173129
0.06173129
0.05758465
0.05782738
0.05782738
0.08857166
0.09833222
0.08149669
0.06221987
0.07100328
0.1046759
0.1046759
0.07466446
0.05563192
-0.03001142
-0.002195464
-0.002195464
0.07002769
0.07002769
0.07027198
0.01464006
-0.01195602
0.009271986
0.02732738
0.08613191
0.1620162
0.1620162
0.1346873
0.1254153
0.1176075
0.1085798
0.09735663
0.07564005
0.0641726
0.0641726
0.04831266
0.06563676
0.04538434
0.02366776
-0.00341534
0.01537136
0.01537136
0.02171658
0.03464819
0.02757167
0.04196744
0.04757981
0.06319545
0.0649039
0.05197229
0.05441204
0.05441204
0.07173613
0.08613191
0.09271986
0.06758794
0.05856024
0.04465148
0.03196416
0.03196416
0.02928012
0.05050813
0.0697834
0.06783222
0.08759607
0.05929154
0.05929154
0.06051142
0.04026055
0.03293975
0.06563676
