-0.6509917
-0.6568484
-0.6390358
-0.6439168
-0.6775879
-0.6775879
-0.7012556
-0.7139445
-0.6951562
-0.6863713
-0.6924722
-0.6880797
-0.6426954
-0.6426954
-0.6202475
-0.6090243
-0.6156123
-0.5970683
-0.5902361
-0.5560764
-0.5367996
-0.5367996
-0.5243565
-0.5382637
-0.5184999
-0.4460325
-0.4035765
-0.3864966
-0.3425765
-0.352824
-0.352824
-0.3374527
-0.298412
-0.2869445
-0.2964593
-0.2927997
-0.2927997
-0.1776319
-0.1776319
-0.1446922
-0.1078485
-0.06954067
-0.04245602
-0.005856646
0.004392485
0.004392485
0.02244788
0.03733223
0.06954067
0.08832738
0.1200472
0.1351759
0.1420081
0.1420081
0.1605521
0.2027638
0.2149641
0.2191123
0.2452198
0.2576644
0.2896286
0.2998762
0.2906042
0.2906042
0.2915798
0.3333045
0.3481873
0.3406237
0.3418436
0.3418436
0.3664885
0.3664885
0.3679527
0.331596
0.2876759
0.2876759
0.2579087
0.2742557
0.2742557
