-0.1122394
-0.1276123
-0.1324918
-0.1315162
-0.1544527
-0.1544527
-0.1446922
-0.1195602
-0.07124756
-0.05904726
-0.07149185
-0.07344458
-0.07466446
-0.08393645
-0.08393645
-0.09393974
-0.1149235
-0.1227313
-0.1305407
-0.1168762
-0.1378599
-0.1378599
-0.1427394
-0.1427394
-0.1620162
-0.1734837
-0.1695798
-0.1556726
-0.1285879
-0.1254153
-0.1234641
-0.1234641
-0.1144364
-0.1095554
-0.1066286
-0.1041873
-0.1112638
-0.1002834
-0.1002834
-0.0773485
-0.08906023
-0.09540389
-0.10614
-0.1054087
-0.110044
-0.110044
-0.122
-0.1161433
-0.1102882
-0.1195602
-0.1488404
-0.1790961
-0.1790961
-0.1420081
-0.1342003
-0.1549397
-0.1834885
-0.05148372
-0.03220844
-0.1080912
-0.1122394
-0.08930452
-0.07149185
-0.07149185
-0.1110195
-0.09955209
-0.0697834
-0.05197229
0.0007313028
-0.04733552
-0.04733552
-0.06758794
-0.06319545
-0.06539247
-0.07564005
-0.08979154
-0.08588763
-0.1093127
-0.1093127
-0.09442831
-0.07954396
-0.06270844
-0.05807167
-0.03611235
-0.01903255
-0.005368074
-0.005368074
-0.0263518
-0.0263518
-0.01927527
-0.02781596
-0.06563676
-0.09271986
-0.09662377
-0.08832738
-0.08832738
-0.1054087
-0.1051645
-0.09735663
-0.09320843
-0.08247229
-0.08344787
-0.07515148
-0.07515148
-0.06514819
-0.07344458
-0.07002769
-0.06954067
-0.06392831
-0.06734365
-0.0946726
-0.0946726
-0.08930452
-0.0780798
-0.08271657
-0.1183404
-0.1124837
-0.1071156
-0.1073599
-0.1073599
-0.08369216
-0.06197558
-0.07295601
-0.08930452
-0.08784036
-0.06026869
-0.06026869
-0.04465148
-0.04831266
-0.04831266
-0.05709608
-0.04879968
-0.03977198
-0.0353795
0.00561236
0.03977198
0.03977198
0.04099186
0.03147558
0.0180554
0.01854397
0.06148856
0.02391205
0.007319252
0.007319252
0.02098372
0.04733552
0.0263518
0.02318074
0.04416447
0.05734036
0.05734036
0.05075242
0.05075242
0.06441533
0.04757981
0.0263518
0.01537136
0.01537136
0.05465633
0.05465633
0.08198372
0.09418402
0.1159006
0.1402997
0.1759235
0.1395684
0.1241954
0.1241954
0.1156563
0.0739316
0.06758794
0.05123943
0.05782738
0.04270031
0.04270031
-0.0009755891
-0.02171658
-0.03342832
-0.01024758
0.03830782
0.02928012
0.02025242
0.02025242
0.004636771
0.004636771
0.02952441
0.02049671
0.09369545
0.1078485
