-0.03733223
-0.02244788
-0.0312313
-0.06539247
-0.06539247
-0.08149669
-0.08149669
-0.07929967
-0.08051955
-0.08418074
-0.08881595
-0.08613191
-0.09418402
-0.09418402
-0.08393645
-0.06368402
-0.05368074
-0.06709937
-0.05368074
-0.03635664
-0.03635664
-0.01390876
-0.01439577
-0.01439577
0.0131759
0.02684037
0.008540683
-0.008296397
0.01195602
0.08393645
0.08393645
0.06368402
0.04392018
0.05734036
0.07881266
0.09369545
0.08540061
0.08540061
0.06954067
0.0912557
0.1195602
0.1195602
0.09540389
0.09759936
0.09759936
0.09906352
0.09906352
0.09515961
0.1066286
0.1029674
0.1132166
0.1217557
0.1329804
0.1329804
0.1534756
0.1293192
0.1446922
0.1686042
0.1727524
0.176412
0.1656759
0.1656759
0.1559153
0.1373713
0.1703126
0.1712882
0.1505472
0.122
0.09198856
0.09198856
0.1097997
