-0.3791758
-0.3720993
-0.3720993
-0.3894234
-0.3813713
-0.3867394
-0.3633159
-0.3677084
-0.3677084
-0.3603876
-0.3452605
-0.3311075
-0.3150032
-0.2935325
-0.2971921
-0.2949966
-0.2949966
-0.3091482
-0.3003647
-0.2857247
-0.2581514
-0.249368
-0.2408274
-0.2156954
-0.2139885
-0.2139885
-0.1912964
-0.1715325
-0.1368843
-0.09808794
-0.09759936
-0.04026055
-0.01829969
-0.01024758
-0.03464819
-0.02000813
-0.02049671
0.01024758
0.02732738
0.07417589
0.07417589
0.1151677
0.1276123
0.1283436
0.1190717
0.1683599
0.1854397
0.204228
0.127368
0.0905244
0.0905244
0.09564818
0.1215114
0.1237084
0.1237084
0.1285879
0.09393974
0.0871075
