-0.5672996
-0.5873078
-0.5873078
-0.5902361
-0.5897475
-0.5887719
-0.6017035
-0.6017035
-0.6297637
-0.6587996
-0.6417198
-0.6253713
-0.6207361
-0.6307393
-0.6114641
-0.6114641
-0.5890162
-0.5797442
-0.5719364
-0.5548565
-0.5280162
-0.5121562
-0.5148403
-0.5148403
-0.4982475
-0.4460325
-0.4250487
-0.4004039
-0.3828355
-0.3279364
-0.3042687
-0.2979234
-0.2979234
-0.3045114
-0.3247638
-0.2925554
-0.2549804
-0.2081319
-0.2081319
-0.1786075
-0.1786075
-0.1076042
-0.08808465
-0.04977527
0.0180554
0.02000813
0.06807651
0.06807651
0.09320843
0.07881266
0.08051955
0.1266368
0.1293192
0.07027198
0.07027198
0.1293192
0.1825114
0.1825114
0.1515244
0.1054087
0.1080912
0.1097997
0.1263925
0.1527443
0.1527443
0.1607964
0.1422524
0.1039446
0.1039446
0.09857651
0.1466433
0.1466433
0.1778762
0.1329804
0.1361515
0.1276123
0.1056515
0.09418402
0.140544
