0.06148856
0.03391533
0.04465148
0.03025571
-0.03318403
-0.08442346
-0.08540061
-0.08540061
-0.09906352
-0.10614
-0.07002769
-0.0509967
-0.05758465
-0.1039446
-0.1266368
-0.1266368
-0.09369545
-0.04148043
0.0004885725
0.001952734
-0.0180554
-0.05636477
-0.06441533
-0.06441533
-0.03293975
-0.002195464
0.01390876
0.04343161
0.05880453
0.04416447
0.08564334
0.1751921
0.1751921
0.2449756
0.2513208
0.2876759
0.2803566
0.2210635
0.3296433
0.3296433
0.3369641
0.2469283
0.1703126
0.1539641
0.2003241
0.2637638
0.2876759
0.3001204
0.3001204
0.2610798
0.2591286
0.2425358
0.2754755
0.2845033
0.2649837
0.2132557
0.2132557
0.2049593
0.2127687
0.1749479
0.1705554
0.2142313
0.2740114
0.2740114
0.3550195
0.3079283
0.2871873
0.2386319
0.2871873
0.3379397
0.3701482
