-0.03659937
-0.03074428
-0.02342347
-0.04196744
-0.09442831
-0.09442831
-0.1083355
-0.1058958
-0.100772
-0.09613676
-0.09979638
-0.082228
-0.07710421
-0.05709608
-0.05709608
-0.04514005
-0.03781925
-0.05245931
-0.07149185
-0.09393974
-0.1000407
-0.1000407
-0.1056515
-0.1022361
-0.08393645
-0.06148856
-0.05734036
-0.05709608
-0.04977527
-0.02269217
-0.01927527
-0.01927527
-0.01049186
-0.001952734
0.03025571
0.06563676
0.08076384
0.08076384
0.04757981
0.05441204
0.07929967
0.09174427
0.0780798
0.09198856
0.09198856
0.1302964
0.1124837
0.1124837
0.09198856
0.1178518
0.1266368
0.1256596
0.1244397
0.1564039
0.1564039
0.192272
0.1837313
0.1734837
0.1808045
0.1820244
0.1905635
0.2066677
0.1973957
0.1973957
0.2025195
0.2195993
0.2217964
0.2130114
0.2130114
0.2291156
0.2113045
0.2322882
0.2283843
0.2805993
0.2871873
0.206912
0.222772
0.222772
0.2181367
0.2044723
0.225456
