-0.1588436
-0.1790961
-0.1790961
-0.1915407
-0.1898322
-0.1939804
-0.1881238
-0.1749479
-0.1749479
-0.1583566
-0.1649446
-0.1464006
-0.1442036
-0.1632361
-0.1810472
-0.1649446
-0.1632361
-0.1632361
-0.206912
-0.206912
-0.1505472
-0.09174427
-0.08051955
-0.1180961
-0.1334674
-0.06319545
-0.09320843
-0.1234641
-0.1234641
-0.06880782
0.03098857
0.07612862
0.1063843
0.1398126
0.1398126
0.2137443
0.2596156
0.2344837
0.1942247
0.1898322
0.1805602
0.1707997
0.1771433
0.1771433
0.2242361
0.2034967
0.2344837
0.2127687
0.1837313
0.1483518
0.1385928
