0.006099377
-0.02025242
-0.009760559
-0.00341534
-0.05612049
-0.05612049
-0.08491204
-0.06661235
-0.0649039
-0.08784036
-0.1058958
-0.1503045
-0.1503045
-0.1847084
-0.2418045
-0.244
-0.2276514
-0.1954446
-0.1227313
-0.05050813
-0.05050813
0.00561236
0.06173129
0.04635993
0.05709608
0.0829593
0.09345272
0.1044316
0.1044316
0.09442831
0.09613676
0.1429837
0.1803159
0.246684
0.2971921
0.2593713
0.2593713
0.2066677
0.2298485
0.2647394
0.2064234
0.1759235
0.1981286
0.2508322
0.1278566
0.1278566
0.1058958
0.1393241
0.1839756
0.2691319
0.3328159
0.3513599
0.3447719
0.3447719
0.3113436
0.2881644
0.3145162
0.2840162
0.2000798
0.2544918
0.2884087
0.2884087
0.2213078
0.2574202
0.2940195
0.3340358
0.3540439
