0.06441533
0.08515632
0.08173943
0.08173943
0.08686477
0.08686477
0.07442018
0.07442018
0.09613676
0.1110195
0.1256596
0.1210244
0.1210244
0.09418402
0.09418402
0.1102882
0.1102882
0.1102882
0.145912
0.145912
0.1212687
0.1212687
0.1473762
0.1207801
0.09881923
0.09881923
0.07637135
0.08735178
0.06783222
0.06783222
0.02415633
0.02415633
0.04660422
0.04221173
0.06807651
0.07344458
0.07661564
0.07539576
0.05514335
0.05514335
0.03977198
0.05514335
0.05929154
0.07564005
0.07685993
0.07685993
0.03586807
0.03586807
0.04465148
