0.04367589
0.03586807
0.03415962
0.03586807
0.03928341
0.03928341
0.03904068
0.03904068
0.0353795
0.03855211
0.0336726
0.03440391
0.03318403
0.03318403
0.02854726
0.02854726
0.0263518
0.0312313
0.0336726
0.04514005
0.02586322
0.02830453
0.05343645
0.05343645
0.05026384
0.07929967
0.07929967
0.08051955
0.08051955
0.08100812
0.08515632
0.08418074
0.0739316
0.05880453
0.05416775
0.02440062
0.02440062
0.01707981
0.004148198
0.004148198
-0.002928323
0.01585994
0.03147558
0.03147558
0.02293646
0.02293646
0.02879155
0.02879155
0.02586322
0.01659124
0.02171658
0.01000329
0.01439577
0.01000329
0.01000329
