0.06051142
0.06051142
0.06368402
0.06831924
0.07271173
0.07271173
0.0773485
0.06173129
0.07271173
0.09101141
0.07539576
0.07539576
0.0649039
0.08393645
0.07710421
0.07710421
0.04660422
0.04660422
0.05197229
0.05758465
0.06734365
0.05709608
0.03855211
0.04392018
0.05929154
0.05929154
0.03781925
0.03781925
0.04123614
0.04123614
0.03635664
0.03049999
0.0090277
0.0090277
-0.01707981
-0.01707981
-0.02854726
-0.02757167
-0.02757167
-0.06173129
-0.07515148
-0.06270844
-0.0468485
-0.05636477
-0.05636477
-0.05050813
-0.05050813
-0.05050813
