0.1149235
0.0912557
0.08515632
0.07905539
0.100772
0.09759936
0.09857651
0.09686806
0.09906352
0.09906352
0.09906352
0.09906352
0.09979638
0.09979638
0.1122394
0.1171205
0.1107753
0.1107753
0.1188274
0.1239527
0.1105325
0.09637949
0.09857651
0.1090684
0.1137036
0.1171205
0.1337117
0.1337117
0.07978825
0.07978825
0.09589247
0.09589247
0.09881923
0.1012605
0.08808465
0.08808465
0.04343161
0.04343161
0.06173129
0.05148372
0.04148043
0.05758465
0.02952441
0.02952441
-0.0007313028
0.009516273
0.01390876
0.008052111
0.004636771
0.006343663
0.009271986
0.02586322
