0.05538763
0.05831595
0.05294788
0.03196416
0.03586807
0.03245273
0.03245273
0.06026869
0.06026869
0.04196744
0.05050813
0.0912557
0.0912557
0.08369216
0.07881266
0.07246744
0.0739316
0.07295601
0.05685179
0.05685179
0.06831924
0.06831924
0.07588433
0.09808794
0.09808794
0.1019918
0.1019918
0.09320843
0.08173943
0.07076055
0.0732003
0.05709608
0.06099999
0.07051627
0.07051627
0.07881266
0.04074757
0.02659608
0.01439577
0.03977198
0.03977198
0.03415962
0.02195931
0.007563538
0.007563538
-0.01464006
-0.01464006
0.004879501
0.004879501
