-0.1251726
-0.1251726
-0.09784365
-0.1063843
-0.2074006
-0.2237475
-0.2483924
-0.2483924
-0.2430244
-0.2430244
-0.3291563
-0.3291563
-0.3215927
-0.246684
-0.3374527
-0.5731562
-0.7585959
-0.7585959
-0.8317963
-0.8317963
-0.9711204
-0.9711204
-1.0919
-0.9281757
-0.6995487
-0.6995487
-0.9208565
-0.9564803
-0.5094722
-0.5094722
-0.6160993
-0.6160993
-0.6553842
-0.3767361
-0.2701075
-0.2701075
-0.4087003
-0.2264316
-0.2513208
-0.2513208
-0.5492442
-0.6568484
-0.3972313
-0.5509527
-0.9755128
-1.15412
-0.7507882
-0.7507882
-0.9001155
-0.9772197
-0.6963761
