-0.6329364
-0.6329364
-0.6446481
-0.6846644
-0.6846644
-0.688324
-0.688324
-0.688324
-0.6888126
-0.6629478
-0.6707556
-0.6727083
-0.68442
-0.7115048
-0.7115048
-0.7288273
-0.7515194
-0.7515194
-0.7832393
-0.7832393
-0.7832393
-0.7727475
-0.7727475
-0.7727475
-0.8112996
-0.8215487
-0.8281366
-0.8300878
-0.8347246
-0.8386285
-0.8386285
-0.8471676
-0.8644917
-0.8764477
-0.895236
-0.895236
-0.8622963
-0.8496073
-0.8496073
-0.8901122
-0.8998728
-0.9128044
-0.9128044
-0.9128044
-0.9128044
-0.9149998
-0.9125601
-0.91378
-0.9250047
-0.9250047
-0.956236
-0.956236
-0.9618484
-0.9552604
-0.9552604
-0.9667279
-0.9750242
-0.9750242
-1.002107
-1.007475
-1.007475
