-0.6788077
-0.7415162
-0.7415162
-0.7500553
-0.7707963
-0.7803125
-0.7803125
-0.7395634
-0.7117475
-0.6712442
-0.63928
-0.630008
-0.630008
-0.6336676
-0.6336676
-0.6336676
-0.5321644
-0.5321644
-0.4614038
-0.4614038
-0.3411123
-0.3411123
-0.3411123
-0.2237475
-0.2376563
-0.2403403
-0.2403403
-0.09345272
-0.09345272
-0.01854397
-0.01854397
0.01464006
0.02684037
0.02684037
0.1532313
0.1532313
0.1815358
0.19764
0.2405846
0.2644967
0.2442442
0.2508322
0.2754755
0.2754755
0.2757198
0.261324
0.2644967
0.2654723
0.2376563
0.2371677
0.2371677
