-0.721508
-0.721508
-0.7317556
-0.7317556
-0.6997914
-0.6997914
-0.6966204
-0.7012556
-0.7012556
-0.6944234
-0.697596
-0.7093077
-0.6944234
-0.6624607
-0.6624607
-0.6268354
-0.5890162
-0.5890162
-0.5319201
-0.5319201
-0.5319201
-0.4396873
-0.3706367
-0.3706367
-0.2710846
-0.2710846
-0.2525406
-0.277184
-0.277184
-0.2801123
-0.2801123
-0.2296042
-0.2296042
-0.1769006
-0.1769006
-0.1790961
-0.1790961
-0.1790961
-0.1754364
-0.1664087
-0.1939804
-0.1939804
-0.1995928
-0.2047165
-0.2047165
-0.2047165
-0.2276514
-0.2276514
-0.2261873
