-0.8461921
-0.8466806
-0.9315926
-0.9018239
-0.909876
-0.9145113
-0.9240276
-0.9240276
-0.9052393
-0.9223207
-0.9552604
-0.9552604
-0.9362279
-0.9132914
-0.9406204
-0.9154884
-0.8744966
-0.8744966
-0.9367164
-0.9367164
-0.9140242
-0.9208565
-0.9772197
-0.9467197
-0.9467197
-0.8644917
-0.8698598
-0.8981643
-0.8974315
-0.9879559
-0.9930797
-0.9601399
-0.8996285
-0.9386676
-0.9386676
-0.9411073
-0.9813679
-0.9459884
-0.9459884
-0.9591643
-0.8927963
-0.8200845
-0.7644526
-0.8357002
-0.9645324
-0.9645324
-0.8493646
-0.8493646
-0.6785634
-0.6785634
-0.7639641
-0.7639641
-1.231712
-1.231712
-1.321992
-1.165588
-0.7878761
-0.709552
-0.8198403
-0.8198403
-1.167296
-1.428132
-1.330044
-1.66408
-1.754604
-0.8913321
-0.8913321
-0.7195553
-0.6400113
-0.6400113
-0.1932475
-0.1232199
-0.1032117
0.1329804
0.1329804
0.3945487
0.3945487
0.06465962
0.06661235
0.06661235
0.6668517
1.056764
1.087508
1.113373
1.113373
0.6709999
0.6709999
0.7622556
0.6507475
