0.04879968
0.05685179
0.05880453
0.06099999
0.05416775
0.05416775
0.05368074
0.05368074
0.04928825
0.0509967
0.05050813
0.05368074
0.05197229
0.05294788
0.05465633
0.05465633
0.05050813
0.05026384
0.051728
0.051728
0.051728
0.05123943
0.05123943
0.04148043
0.04148043
0.03904068
0.04074757
0.04294459
0.04294459
0.03977198
0.03440391
0.03440391
0.01707981
0.01976385
0.008783413
0.001464162
0.001219875
-0.008783413
-0.01561565
-0.01707981
-0.02976869
-0.02976869
-0.02684037
-0.03049999
-0.03269546
-0.03855211
-0.04904397
-0.0509967
-0.04587136
-0.04587136
-0.05197229
