0.05953583
0.05953583
0.05465633
0.05465633
0.06246415
0.06246415
0.04416447
0.04416447
0.04245602
0.04245602
0.04074757
0.05294788
0.08320359
0.08320359
0.07271173
0.07271173
0.04709123
0.04709123
0.1132166
0.1478648
0.1422524
0.09686806
0.10614
0.1251726
0.1229756
0.1229756
0.1564039
0.1564039
0.1564039
0.1637247
0.08247229
0.08247229
0.09076868
0.1354202
0.1217557
0.1217557
0.07100328
0.07100328
0.131272
0.131272
0.1212687
0.1212687
0.1151677
0.1151677
0.1119967
0.1122394
0.1041873
0.08832738
0.09735663
0.09735663
0.09003583
0.08100812
0.08857166
