-0.007807824
0.004392485
-0.0009755891
-0.0009755891
-0.0009755891
0.01537136
0.02244788
0.04074757
0.04074757
0.04074757
0.007076522
0.007076522
0.007076522
-0.03147558
-0.06368402
-0.06368402
0.0336726
0.0336726
0.0336726
-0.00561236
-0.04318732
-0.04318732
-0.05685179
-0.02171658
-0.02171658
-0.04806838
-0.05636477
-0.05636477
-0.04148043
-0.04148043
-0.04148043
-0.02464335
-0.02464335
-0.04270031
-0.04806838
-0.04806838
-0.03977198
-0.02562049
-0.02562049
-0.02195931
-0.02195931
-0.02684037
