0.218868
0.2149641
0.2056921
0.1729967
0.1454235
0.1212687
0.09589247
0.09589247
0.05270359
0.05270359
-0.01878826
-0.01878826
-0.08735178
-0.1378599
-0.2049593
-0.2049593
-0.3228126
-0.3428208
-0.3420879
-0.3420879
-0.3891807
-0.435052
-0.4801921
-0.4801921
-0.4845846
-0.5077637
-0.5548565
-0.5807198
-0.5768158
-0.5768158
-0.6170764
-0.6131725
-0.587552
-0.6170764
-0.6309837
-0.6309837
-0.6256155
-0.6256155
-0.6807604
-0.6807604
-0.6248842
-0.6248842
-0.6309837
-0.6478207
-0.6583126
-0.6651433
-0.6424527
-0.6424527
-0.6158565
-0.6158565
