0.4299282
0.4169966
0.4233403
0.4438355
0.4379804
0.4379804
0.4238273
0.4218761
0.4082117
0.4082117
0.4299282
0.4299282
0.4411514
0.4411514
0.4487165
0.4348077
0.4348077
0.2727915
0.2727915
0.145912
0.145912
0.1612834
0.1612834
0.2054479
0.1119967
0.1119967
-0.02952441
-0.1056515
-0.1056515
-0.3774674
-0.465552
-0.3218355
-0.5660797
-0.5797442
-0.5612002
-0.5565634
-0.5741318
-0.6090243
-0.5587605
-0.5587605
-0.5846237
-0.59414
-0.6344005
-0.5807198
-0.5943843
-0.6151237
-0.6151237
-0.5724234
-0.5380195
