0.006343663
0.006343663
0.006343663
0.03635664
-0.08027527
-0.08027527
-0.003172609
-0.001708448
0.03708794
0.08857166
0.3642915
0.6170764
0.5631514
0.05929154
0.05929154
-0.4511563
-0.4511563
-1.379088
-1.379088
-0.9884444
-1.093852
-0.6944234
-0.6944234
-0.4023566
-0.4023566
-0.7280959
-0.7010113
-0.7249234
-0.7646953
-0.6629478
-0.66978
-0.7383435
-0.7107719
-0.7107719
-0.6817361
-0.6817361
-0.6649005
-0.6397686
-0.6397686
-0.6397686
-0.6324478
-0.6448924
-0.6448924
-0.6448924
-0.7202882
-0.7202882
-0.6946676
-0.6946676
