0.06734365
0.07076055
0.07076055
0.07832409
0.08271657
0.09247557
0.09247557
0.1012605
0.1012605
0.1151677
0.1151677
0.1383485
0.1383485
0.1568925
0.1590879
0.1566482
0.1566482
0.1534756
0.1359087
0.1159006
0.0871075
0.0871075
0.01488435
-0.02000813
-0.0649039
-0.0649039
-0.08466775
-0.09881923
-0.1542084
-0.1542084
-0.1973957
-0.1973957
-0.2354593
-0.2588843
-0.2820635
-0.3140276
-0.3896677
-0.4189478
-0.4553045
-0.4553045
-0.4553045
-0.5077637
-0.5077637
-0.582184
-0.6048761
-0.6048761
-0.6265927
-0.6436725
-0.6585553
-0.6817361
-0.7066237
-0.7256562
-0.7256562
-0.7273647
-0.7378565
-0.7517637
-0.7710406
-0.7710406
-0.7651839
-0.7651839
-0.79178
-0.79178
-0.7622556
