0.05148372
0.04074757
0.04074757
0.03977198
0.03855211
0.04343161
0.04343161
0.06661235
0.07368731
0.08076384
0.08076384
0.07661564
0.05685179
0.00341534
-0.03342832
-0.06221987
-0.08784036
-0.1163876
-0.1163876
-0.1573795
-0.1859283
-0.2159397
-0.2286286
-0.2832834
-0.2832834
-0.3294006
-0.3508713
-0.3508713
-0.3869837
-0.3869837
-0.4352963
-0.4711644
-0.526552
-0.526552
-0.5446074
-0.5446074
-0.5453403
-0.5453403
-0.5685195
-0.5685195
-0.5633957
-0.5687637
-0.5807198
-0.5807198
-0.57828
-0.57828
-0.572912
-0.554368
-0.5511954
-0.5519282
-0.5387523
-0.5502198
-0.5738875
-0.5738875
-0.5738875
-0.59414
-0.59414
