-0.9362279
-0.9362279
-0.9328125
-0.9357393
-0.9445242
-0.9445242
-0.956236
-0.9518435
-0.9516008
-0.9479396
-0.9440357
-0.9523321
-0.9623353
-0.9623353
-0.9611155
-0.9611155
-0.9437914
-0.9437914
-0.9320797
-0.9303728
-0.9208565
-0.9318354
-0.9318354
-0.9311041
-0.9311041
-0.9264688
-0.9027995
-0.8993842
-0.8720552
-0.8247197
-0.8156921
-0.8181318
-0.8181318
-0.7717718
-0.7717718
-0.7180927
-0.7180927
-0.7005243
-0.7005243
-0.6112198
-0.6112198
-0.6090243
-0.6090243
-0.6217116
-0.6217116
-0.5612002
-0.5612002
-0.5560764
-0.5560764
-0.5560764
-0.5182557
-0.5182557
-0.4938566
-0.4938566
-0.4826318
-0.4826318
-0.4760439
-0.4772638
-0.4772638
-0.432368
-0.432368
-0.408456
-0.4016237
-0.4030879
-0.4379804
-0.4765325
-0.4765325
-0.4914168
-0.4914168
-0.54778
-0.54778
-0.5529038
