-0.9550161
-0.9484282
-0.9518435
-0.9525763
-0.9491594
-0.9581887
-0.9559917
-0.9574559
-0.9574559
-0.9435487
-0.9435487
-0.9418402
-0.9418402
-0.937692
-0.937692
-0.9332995
-0.9332995
-0.9276887
-0.9276887
-0.9286643
-0.9286643
-0.9123158
-0.9123158
-0.9201236
-0.9423288
-0.9611155
-0.9559917
-0.9596514
-0.9596514
-0.9386676
-0.9215878
-0.895236
-0.8701041
-0.8256953
-0.8256953
-0.8149607
-0.7998321
-0.7805552
-0.7717718
-0.7734803
-0.782508
-0.7756758
-0.7756758
-0.7634755
-0.7837279
-0.7842165
-0.7829966
-0.7893403
-0.7812881
-0.7966595
-0.7837279
-0.779824
-0.7715276
-0.7710406
-0.7881204
-0.7717718
-0.7717718
-0.7268761
