-0.9921041
-0.97478
-0.97478
-0.9789281
-0.9879559
-0.9806366
-0.9806366
-0.9740487
-0.9838077
-0.9759998
-0.9759998
-0.9730715
-0.9767327
-0.9650194
-0.9413517
-0.9537963
-0.9584315
-0.9957637
-0.9957637
-0.9296399
-0.9232963
-0.9076806
-0.8937718
-0.9228077
-0.9228077
-0.8920634
-0.8459477
-0.8459477
-0.8635162
-0.8635162
-0.8888924
-0.9115845
-0.8930405
-0.8930405
-0.8439966
-0.8439966
-0.8622963
-0.8622963
-0.8635162
-0.8635162
-0.8403354
-0.8405797
-0.858148
-0.858148
-0.8498517
-0.8498517
-0.8447279
-0.8515601
-0.8422881
-0.8449721
-0.8388728
-0.8227686
-0.83814
-0.83814
-0.83814
-0.8286237
-0.8286237
