0.2635195
0.2635195
0.2776726
0.2776726
0.2793795
0.2745
0.2727915
0.2737687
0.2857247
0.2923126
0.2910928
0.2835276
0.2669364
0.2718159
0.2718159
0.2671807
0.2654723
0.267912
0.2574202
0.2566873
0.2640081
0.2693762
0.2791367
0.2742557
0.2742557
0.2496123
0.2483924
0.2483924
0.255956
0.2498566
0.2498566
0.2239918
0.2244804
0.2037394
0.2037394
0.2037394
0.194956
0.2030081
0.2030081
0.1869039
0.185684
0.1881238
0.1881238
0.1466433
0.1466433
0.1490846
0.1525
0.1525
0.1688485
0.1610407
0.1610407
0.1790961
0.1810472
0.1810472
0.1637247
0.1637247
0.122
0.08808465
0.08808465
0.09442831
0.03049999
-0.001219875
-0.01781267
0.009516273
0.01073615
0.03342832
0.02073944
0.01342018
0.03196416
0.05612049
