0.3006075
0.2513208
0.2998762
0.3540439
0.291824
0.2974364
0.2974364
0.2669364
0.2669364
0.2503436
0.2503436
0.2398518
0.2303355
0.2308241
0.2308241
0.2257003
0.2481482
0.2505879
0.2505879
0.2647394
0.2647394
0.2593713
0.2593713
0.3003647
0.3003647
0.2769397
0.2769397
0.265228
0.265228
0.265228
0.2674234
0.2691319
0.2691319
0.2959723
0.2959723
0.3108566
0.3108566
0.2901156
0.2901156
0.2901156
0.3040244
0.3040244
0.2862117
0.2862117
0.2664478
0.2469283
0.2335081
0.2693762
0.2693762
0.2713273
0.2713273
0.2791367
0.2791367
0.22814
0.22814
0.22814
0.2581514
0.2605928
0.2605928
0.1969087
0.2078876
0.2078876
0.1973957
0.1434723
0.1564039
0.1742166
0.1749479
0.1749479
0.1749479
0.1534756
0.1337117
0.1795846
0.1795846
