0.006099377
0.006099377
-0.002928323
-0.03074428
-0.04221173
-0.05636477
-0.03171987
-0.002684037
0.008540683
-0.02562049
-0.08125241
-0.03147558
-0.03147558
0.01878826
0.004148198
0.004148198
-0.06099999
-0.06099999
-0.06099999
-0.0214723
-0.0214723
-0.01951956
-0.05831595
-0.05831595
-0.05831595
-0.2408274
-0.2352165
-0.1473762
-0.08540061
-0.1503045
-0.1503045
-0.404552
-0.5287475
-0.5287475
-0.3484316
-0.3484316
-0.2083762
-0.2742557
-0.2742557
-0.4211433
-0.3886921
-0.3533126
-0.4650635
-0.4650635
-0.6583126
-0.5272833
-0.3525797
-0.3525797
-0.3406237
-0.3786873
-0.4223647
-0.4577442
-0.4577442
-0.4577442
