0.09979638
0.09906352
0.09906352
0.1002834
0.1010163
0.1017476
0.1017476
0.09759936
0.0946726
0.0871075
0.0871075
0.07637135
0.08173943
0.1144364
0.08979154
0.1168762
0.1332247
0.08271657
0.08271657
0.1193159
0.09833222
0.08442346
0.1010163
0.115412
0.115412
0.08832738
0.1002834
0.1002834
0.1017476
0.1017476
0.09369545
0.1019918
0.1144364
0.1144364
0.09491532
0.09491532
0.1056515
0.1056515
0.1049202
0.1049202
0.1000407
0.05782738
0.07149185
0.07149185
0.05245931
0.05245931
0.06270844
0.05343645
0.04611564
0.04074757
0.03220844
0.01610422
0.02562049
0.02562049
0.02562049
0.04562863
0.04562863
