-0.6229315
-0.6292768
-0.5909674
-0.5668126
-0.5668126
-0.5638843
-0.5519282
-0.5519282
-0.5577833
-0.5577833
-0.5741318
-0.5741318
-0.5741318
-0.5758403
-0.5807198
-0.5807198
-0.6131725
-0.6131725
-0.6507475
-0.6709999
-0.6583126
-0.6583126
-0.63928
-0.5809641
-0.5367996
-0.5367996
-0.4614038
-0.4614038
-0.3789316
-0.3325716
-0.2805993
-0.2805993
-0.2459527
-0.1483518
-0.1027247
-0.1027247
-0.01634851
0.008540683
0.008540683
0.05490061
0.05490061
0.08344787
0.1090684
0.1168762
0.1283436
0.1493274
0.1656759
0.1615277
0.1615277
0.1615277
0.155184
0.1410325
0.1115081
0.09247557
