-0.7659168
-0.7600601
-0.7600601
-0.7498125
-0.7461514
-0.7502996
-0.7551806
-0.7478598
-0.7315113
-0.7305357
-0.7385879
-0.7385879
-0.7415162
-0.7693321
-0.7929999
-0.7929999
-0.8071514
-0.8071514
-0.8071514
-0.7744559
-0.7742116
-0.7842165
-0.7832393
-0.7832393
-0.7820194
-0.7820194
-0.8091041
-0.8091041
-0.7932442
-0.7932442
-0.8420438
-0.8815715
-0.8815715
-0.9535519
-0.9535519
-0.9550161
-0.9550161
-0.9511122
-0.9511122
-0.9106073
-0.9030438
-0.858148
-0.8522914
-0.8891366
-0.8891366
-0.9928353
-0.9928353
-1.036268
-1.036268
-0.998692
-0.998692
-0.9825878
-0.9784396
-0.9784396
-0.9806366
-0.9803923
-0.9818565
-0.9847832
-0.98942
-0.9982035
-0.9982035
-0.9850276
-0.9786839
-0.9711204
-0.9742914
