-0.1583566
-0.1583566
-0.1576238
-0.1576238
-0.1537199
-0.1525
-0.1593322
-0.1607964
-0.1300521
-0.1300521
-0.1239527
-0.1434723
-0.1205358
-0.1205358
-0.1183404
-0.1180961
-0.1146807
-0.1310277
-0.1310277
-0.1649446
-0.1705554
-0.1710439
-0.1934918
-0.1934918
-0.1934918
-0.1859283
-0.1898322
-0.1964201
-0.1978843
-0.1568925
-0.1568925
-0.1622605
-0.1622605
-0.155184
-0.1393241
-0.1351759
-0.1171205
-0.1085798
-0.1085798
-0.1171205
-0.1476205
-0.2156954
-0.2156954
-0.2156954
-0.2420488
-0.2420488
-0.2601042
-0.2662036
-0.2701075
-0.2701075
-0.2598599
-0.2598599
-0.2571759
-0.2574202
-0.2525406
-0.2464397
-0.2464397
