-0.4213876
-0.4213876
-0.2274087
-0.2274087
-0.04074757
0.02122801
0.1124837
0.1124837
0.2723045
0.352824
0.3662442
0.3401367
0.3401367
0.3623403
0.4235846
0.4235846
0.4235846
0.4740927
0.3655114
0.2867003
-0.02415633
-0.2147198
-0.2554674
-0.2483924
-0.2537605
-0.2908485
-0.2908485
-0.3564837
-0.3564837
-0.3537996
-0.3537996
-0.3813713
-0.3813713
-0.3813713
-0.3813713
-0.1805602
-0.1144364
-0.1144364
0.0395277
0.1817801
0.1817801
0.359412
0.4396873
0.5036156
0.5036156
0.5738875
0.5738875
0.4392003
0.3645358
0.1808045
0.1808045
-0.01073615
-0.01073615
-0.3184201
-0.3918647
-0.4194364
-0.5463158
-0.6153679
-0.5921888
-0.6097556
