0.4367605
0.4367605
0.4213876
0.4213876
0.4008924
0.3986954
0.3659999
0.3659999
0.2791367
0.2791367
0.2620554
0.2618126
0.2618126
0.2815765
0.2593713
0.2593713
0.2005683
0.1754364
0.1754364
0.1664087
0.1664087
0.06392831
0.03684366
0.0124446
-0.0004885725
0.004148198
0.004148198
-0.005368074
-0.03220844
-0.03220844
-0.07149185
-0.07149185
-0.1117524
-0.1280994
-0.1810472
-0.1810472
-0.2662036
-0.2662036
-0.3069527
-0.3140276
-0.3079283
-0.2996319
-0.2996319
-0.2942638
-0.2884087
-0.2884087
-0.2727915
-0.2766954
-0.2725488
-0.25864
-0.25864
-0.2386319
-0.2386319
-0.1983713
-0.1983713
-0.188368
-0.1681156
-0.1681156
-0.1139479
-0.1139479
-0.1139479
-0.02903583
-0.01512863
0.01268733
0.01268733
0.01268733
0.07149185
0.0739316
0.0739316
0.07539576
0.08808465
0.09393974
0.1110195
