-0.3923517
-0.3730765
-0.3689283
-0.3689283
-0.3706367
-0.3706367
-0.3616075
-0.3537996
-0.3415993
-0.3198843
-0.2942638
-0.2942638
-0.2942638
-0.261324
-0.261324
-0.2422915
-0.1927605
-0.1927605
-0.1171205
-0.1073599
-0.03684366
-0.03684366
0.002439751
0.002439751
0.06295273
0.06295273
0.09711234
0.09711234
0.1058958
0.1202915
0.1202915
0.1320033
0.1378599
0.1378599
0.1554283
0.1683599
0.1749479
0.1749479
0.1876367
0.1876367
0.1876367
0.1859283
0.1903208
0.1903208
0.1686042
0.1686042
0.1598208
0.16714
0.1666515
0.1666515
0.1632361
0.1632361
0.1317605
0.1188274
0.1039446
0.09759936
0.0946726
0.09101141
0.09101141
0.07222471
0.06783222
0.06221987
0.06221987
0.06221987
0.04733552
0.04733552
0.04635993
0.0336726
0.0336726
0.002439751
0.002439751
0.002439751
-0.00341534
-0.01488435
-0.03904068
-0.03904068
-0.04587136
-0.04587136
-0.03415962
-0.03415962
-0.04489577
-0.04367589
-0.03147558
-0.03147558
0.0004885725
0.0004885725
0.08588763
0.1193159
0.1456677
0.1544527
0.1666515
0.1666515
0.1900765
0.1900765
0.1773876
0.1773876
0.1605521
0.1412753
0.1466433
0.1466433
0.1527443
0.1527443
0.164456
0.164456
0.1700684
0.1700684
0.1527443
0.1527443
0.13664
0.13664
0.1271238
0.1271238
0.112728
0.1019918
