-0.09979638
-0.09540389
-0.08100812
-0.08100812
-0.05392347
-0.02757167
0.02928012
0.02928012
0.08588763
0.100772
0.100772
0.2208208
0.2208208
0.2208208
0.4313924
0.4313924
0.4672605
0.4494478
0.4494478
0.4025993
0.3274478
0.2308241
-0.03733223
-0.03733223
-0.2630325
-0.2630325
-0.2630325
-0.3699039
-0.4169966
-0.4169966
-0.4653077
-0.5260634
-0.5480243
-0.4921481
-0.4921481
-0.4921481
-0.4640879
-0.4640879
-0.4174837
-0.2454641
-0.2454641
0.04221173
0.04221173
0.04221173
0.3625846
0.5443647
0.5443647
0.7107719
0.7446887
0.7446887
0.6695358
0.6009722
0.6009722
0.5094722
0.4099201
0.4099201
0.2959723
0.07442018
-0.1456677
-0.1456677
-0.1456677
-0.1456677
-0.3725879
-0.4596954
-0.4596954
-0.6802719
-0.8052002
-0.8052002
-0.996008
-0.996008
-1.064816
-1.003085
-1.003085
-0.8986514
