-0.3159804
-0.2920683
-0.2608355
-0.204228
-0.204228
-0.204228
-0.1642117
-0.1642117
-0.1529886
-0.1490846
-0.1415195
-0.1415195
-0.1498159
-0.1498159
-0.1027247
-0.1027247
-0.08247229
-0.03245273
0.01561565
0.01561565
0.1483518
0.1751921
0.2110602
0.2293599
0.2452198
0.2452198
0.2615683
0.3032915
0.3057313
0.3018273
0.3045114
0.3045114
0.2354593
0.2354593
0.2757198
0.2757198
0.31964
0.3789316
0.4126042
0.4067475
0.4067475
0.2135
0.1327361
0.05050813
-0.02928012
-0.06880782
-0.06880782
-0.06880782
-0.09833222
-0.1198045
-0.1422524
-0.1422524
-0.1927605
-0.2230162
-0.2471726
-0.2879201
-0.307684
-0.307684
-0.3235439
-0.3235439
-0.3940602
-0.3940602
-0.4614038
-0.4614038
-0.5275276
