0.3891807
0.4601839
0.4601839
0.4455439
0.4455439
0.4455439
0.4099201
0.389912
0.389912
0.3467247
0.3467247
0.383324
0.383324
0.4806807
0.4848273
0.4121156
0.4121156
0.3518485
0.3518485
0.3508713
0.3374527
0.3503843
0.3503843
0.3455032
0.3406237
0.3406237
0.3301319
0.3294006
0.3294006
0.3294006
0.286456
0.286456
0.2061807
0.1620162
0.1359087
0.09393974
0.03391533
-0.02928012
-0.1285879
-0.1285879
-0.1912964
-0.2010554
-0.2737687
-0.2737687
-0.3442834
-0.3442834
-0.4021123
-0.3845439
-0.3877165
-0.3877165
-0.4021123
-0.4025993
-0.4057719
-0.4299282
-0.4299282
-0.4504234
-0.469456
-0.4845846
-0.4943436
-0.5058126
-0.5045927
-0.5133761
-0.51728
-0.5282605
-0.5299674
-0.5187442
-0.4997117
-0.4845846
-0.4701872
-0.4736041
-0.4643322
-0.4404201
-0.4511563
-0.4567686
-0.4635993
-0.4723843
-0.4723843
