0.6356204
0.6356204
0.5633957
0.5741318
0.5741318
0.5558321
0.4697002
0.3996725
0.3996725
0.2703518
0.2703518
0.05075242
0.05075242
-0.1654316
-0.1654316
-0.1237084
-0.1237084
-0.06954067
-0.06954067
-0.06954067
-0.1498159
-0.1498159
-0.2117915
-0.2715716
-0.2715716
-0.377956
-0.383324
-0.383324
-0.4023566
-0.387228
-0.3606319
-0.3032915
-0.3032915
-0.2264316
-0.2264316
-0.2166726
-0.2510765
-0.2510765
-0.173728
-0.173728
-0.04977527
-0.04977527
0.0509967
0.1249283
0.1893436
0.2635195
0.3437963
0.3877165
0.4477394
0.4477394
0.5260634
0.5260634
0.5980439
0.7078435
0.6914966
0.6914966
0.4997117
0.4997117
0.3964999
0.3564837
0.3564837
0.2671807
0.1607964
0.1607964
0.1546954
0.0773485
-0.1512801
-0.1876367
-0.1720195
-0.145912
-0.1080912
-0.09686806
-0.1200472
