-0.9752685
-0.9703875
-0.9767327
-0.9767327
-0.9723402
-0.9772197
-0.9786839
-0.9706318
-0.9713646
-0.9762442
-0.9752685
-0.9750242
-0.970876
-0.970876
-0.9784396
-0.9750242
-0.9764884
-0.9764884
-0.97478
-0.9711204
-0.9711204
-0.9759998
-0.9777083
-0.9694119
-0.9652637
-0.9652637
-0.9694119
-0.9642881
-0.9652637
-0.9694119
-0.9694119
-0.9694119
-0.9650194
-0.9650194
-0.9994233
-1.038464
-1.102148
-1.15412
-1.15412
-1.157291
-1.157291
-1.026508
-0.9828321
-0.9086562
-0.9086562
-0.9086562
-0.8464363
-0.8000764
-0.7219966
-0.7241921
-0.7241921
-0.7359038
-0.7385879
-0.7385879
-0.7422475
-0.7422475
-0.74664
-0.74664
-0.7637197
-0.7644526
-0.8181318
-0.8181318
-0.8847442
-0.9552604
-0.9572116
-0.946964
-0.946964
-0.9564803
-0.9845405
-1.048225
-1.056032
-1.142409
-1.142409
-1.098733
-1.098733
-0.9340324
-0.9340324
-0.8200845
-0.8200845
-0.7224836
-0.6773435
-0.7085764
-0.742736
-0.6941806
-0.6941806
-0.6456237
-0.5585162
-0.496052
-0.4772638
-0.53314
-0.53314
-0.5592475
-0.5592475
-0.5946285
-0.6314722
-0.6314722
-0.6314722
-0.8264282
-0.8644917
-0.8564396
-0.7981237
-0.7981237
-0.7951953
-0.7951953
-0.7546921
-0.7546921
