-0.923052
-0.8818158
-0.8203273
-0.9323239
-1.0004
-1.011137
-0.9823435
-0.9823435
-0.9293956
-0.9293956
-0.9557474
-1.008208
-1.094096
-1.094096
-1.029923
-1.029923
-1.043344
-1.053835
-0.9398875
-0.9398875
-0.9786839
-0.9786839
-1.021628
-1.00162
-0.9933239
-0.98942
-0.9916155
-1.03822
-1.03822
-0.9618484
-0.9618484
-0.9762442
-0.9762442
-1.027239
-1.027239
-1.027239
-1.007233
-1.007233
-0.9596514
-0.9596514
-1.05408
-0.9977164
-0.9335438
-0.9335438
-0.9425715
-0.9559917
-1.004549
-1.004549
-1.081409
-1.08092
-1.03578
-1.028948
-1.01626
