-1.128744
-1.068475
-1.054324
-1.042856
-1.016747
-1.016747
-1.040904
-1.052128
-1.052128
-1.007475
-0.9835634
-1.000888
-0.9989363
-0.9989363
-0.9816122
-0.9816122
-0.9816122
-0.9618484
-0.9581887
-0.9581887
-0.9899086
-0.9899086
-0.9899086
-0.9921041
-1.009917
-1.009917
-0.9010926
-0.9010926
-0.9010926
-0.8718125
-0.8654673
-0.8152035
-0.8152035
-0.8152035
-0.8561953
-0.8725438
-1.060668
-1.060668
-1.2139
-1.240497
-1.240497
-1.240497
-0.8447279
-0.8596122
-0.8596122
-1.037733
-1.062865
-1.062865
-1.065549
-1.065549
-1.042612
-0.9738044
-0.9738044
-1.017725
-1.017725
-1.017725
-0.8998728
-0.89792
-0.9516008
-1.016505
-1.014552
-1.058472
-1.058472
-0.8798646
-0.8903565
-0.935008
