-0.7271204
-0.7500553
-0.7476155
-0.7056481
-0.7056481
-0.7056481
-0.7110162
-0.7110162
-0.7110162
-0.7171155
-0.6822246
-0.6802719
-0.7000358
-0.6690487
-0.6919836
-0.6919836
-0.9203679
-1.0919
-1.0919
-1.362983
-1.615036
-1.615036
-1.706293
-1.750944
-1.750944
-1.590148
-1.331019
-1.331019
-1.066769
-0.8888924
-0.8888924
-0.6778321
-0.6778321
-0.4604282
-0.4604282
-0.3864966
-0.3374527
-0.3557524
-0.3557524
-0.5043485
-0.5926758
-0.7620113
-1.015772
-1.015772
-1.255868
-1.456436
-1.456436
-1.703364
-1.619184
-1.49694
-1.361032
-1.008208
-1.008208
-1.008208
-0.8200845
-0.7229722
-0.7229722
-0.5787686
-0.5250879
-0.4914168
-0.4701872
-0.4250487
-0.4377361
-0.4904397
-0.4904397
-0.5780358
-0.8559526
-0.8559526
-1.379332
-1.477664
-1.871724
-1.871724
-1.871724
-1.698241
-1.358835
-0.9430601
-0.7022327
-0.7051595
-0.7051595
-0.5938957
-0.5938957
-0.4704315
-0.4189478
-0.4189478
-0.4496921
-0.4496921
-0.5038599
-0.6090243
-0.6090243
-1.279291
-1.279291
-1.279291
-1.400804
-1.66286
-1.66286
-2.113772
-2.113772
-2.035205
-1.370549
-1.370549
-0.8942604
-0.7646953
-0.70028
-0.6195162
-0.6195162
-0.359412
-0.359412
