-0.5912116
-0.3921075
-0.3921075
-0.3018273
-0.3018273
-0.3018273
-0.4901954
-0.4901954
-0.4901954
-0.68564
-0.9103646
-1.440332
-1.440332
-1.440332
-1.887829
-2.330688
-2.330688
-2.093764
-1.73118
-1.156072
-0.8252083
-0.7163842
-0.5668126
-0.5668126
-0.3557524
-0.3557524
0.2488795
0.2871873
0.2871873
0.244
0.01488435
-0.01756838
-0.01756838
-0.1210244
-0.1210244
-0.1210244
-0.5019087
-0.7383435
-0.7383435
-1.768024
-1.768024
-2.419991
-2.419991
-2.419991
-2.012513
-1.724837
-1.724837
-1.392508
-0.7886074
-0.5050797
-0.5050797
-0.2942638
-0.2901156
-0.2901156
-0.2901156
-0.3889364
-0.4174837
-0.6702686
-0.6702686
-1.005524
-1.005524
-1.529392
-1.529392
-1.694337
-1.694337
-1.407637
-1.121423
-1.121423
-0.4257801
-0.4257801
-0.07685993
-0.07685993
-0.07685993
0.02000813
0.02000813
-0.143228
-0.5687637
