-0.1698241
-0.1576238
-0.1629918
-0.16714
-0.16714
-0.1615277
-0.1615277
-0.1615277
-0.1166319
-0.1166319
-0.1476205
-0.1476205
-0.1476205
-0.2005683
-0.2005683
-0.2039837
-0.2274087
-0.2730358
-0.2730358
-0.2749885
-0.2696204
-0.2776726
-0.2776726
-0.2742557
-0.2615683
-0.2615683
-0.249368
-0.2510765
-0.2510765
-0.2115488
-0.1773876
-0.1773876
-0.1085798
-0.1085798
-0.06612378
-0.05612049
-0.05612049
-0.08466775
-0.07100328
-0.07100328
-0.02073944
-0.02073944
0.04733552
0.04733552
0.07856838
0.03757652
0.03757652
0.03757652
-0.08857166
-0.08857166
-0.16714
-0.1934918
-0.1934918
-0.2286286
-0.2286286
-0.2457084
-0.2408274
-0.2408274
-0.2471726
-0.2684006
-0.2830406
-0.2857247
-0.2730358
-0.2730358
-0.2730358
-0.2220407
-0.2220407
-0.2220407
-0.2203322
