0.6261041
0.618052
0.6163436
0.5853565
0.5853565
0.5189885
0.5189885
0.5111806
0.4921481
0.5031285
0.4609153
0.4609153
0.4213876
0.4091873
0.4091873
0.4072361
0.4072361
0.3547752
0.3547752
0.3008518
0.2993876
0.3035358
0.2949966
0.2644967
0.2181367
0.1920277
0.1920277
0.1302964
0.1302964
0.1302964
0.06880782
0.06880782
0.05050813
0.05050813
-0.04855539
-0.07954396
-0.09808794
-0.1076042
-0.1076042
-0.1625033
-0.2239918
-0.2327752
-0.2327752
-0.1898322
-0.1898322
-0.3599006
-0.3599006
-0.2727915
-0.2727915
-0.2266759
-0.2688876
-0.2688876
-0.3215927
-0.3037801
-0.2820635
-0.2766954
-0.2766954
-0.2034967
-0.1898322
-0.1766563
-0.1573795
-0.1429837
-0.1137036
-0.0649039
-0.0649039
