0.25864
0.2296042
0.2008126
0.2008126
0.1805602
0.1805602
0.1505472
0.1402997
0.1293192
0.1232199
0.1241954
0.1241954
0.1241954
0.06099999
0.06099999
0.04221173
0.005856646
0.005856646
-0.05490061
-0.05075242
0.004879501
0.004879501
0.04416447
0.04416447
0.08100812
0.08100812
0.06856353
0.06856353
0.1293192
0.1629918
0.1629918
0.2132557
0.2396075
0.2396075
0.2754755
0.3020716
0.3264723
0.3264723
0.3555081
0.3555081
0.3555081
0.4189478
0.4757996
0.4757996
0.5414364
0.5414364
0.5958484
0.6146367
0.62464
0.62464
0.6402556
0.6402556
0.6307393
0.6117083
0.5921888
0.551684
0.5253322
0.5131319
0.5131319
0.4906839
0.4711644
0.4384674
0.4384674
0.4384674
0.3140276
0.3140276
0.3023159
0.2920683
0.2920683
0.2125244
0.2125244
0.2125244
0.2149641
0.1878795
0.1151677
0.1151677
0.07564005
0.07564005
-0.03074428
-0.03074428
-0.1556726
-0.1886123
-0.2366807
-0.2366807
-0.3162247
-0.3162247
-0.3840553
-0.401868
-0.3852768
-0.3628273
-0.3225683
-0.3225683
-0.322324
-0.322324
-0.3496514
-0.3496514
-0.3601433
-0.3967442
-0.4011367
-0.4011367
-0.4150439
-0.4150439
-0.4472524
-0.4472524
-0.4445683
-0.4445683
-0.4057719
-0.4057719
-0.41114
-0.41114
-0.4118713
-0.4118713
-0.3525797
-0.3403794
