0.0773485
-0.02293646
-0.02293646
-0.008296397
-0.008296397
-0.008296397
0.07295601
0.07710421
0.07710421
0.1298078
0.1298078
0.2745
0.2745
0.3782003
0.4077246
0.5028843
0.5028843
0.6492833
0.6492833
0.742736
0.8810845
0.7349282
0.7349282
0.7690879
0.8244755
0.8427767
0.8376514
0.7790927
0.7790927
0.7790927
0.7681122
0.7681122
0.7905601
0.7898273
0.8120324
0.8705927
0.8547327
0.8425324
0.8264282
0.8264282
0.8361887
0.74664
0.627324
0.627324
0.5836481
0.5836481
0.5011758
0.4645765
0.4431041
0.4431041
0.3330602
0.3215927
0.2698647
0.1585993
0.1585993
0.1210244
0.08735178
0.0395277
0.009760559
-0.003903912
-0.03196416
-0.07515148
-0.09906352
-0.1037003
-0.09076868
-0.04733552
-0.09564818
-0.1759235
-0.1864153
-0.1549397
-0.1573795
-0.3435521
-0.4816563
-0.5192327
-0.5241123
-0.5060553
-0.5060553
