-0.1869039
-0.3989397
-0.5604674
-0.5604674
-1.178032
-1.085557
-0.9189038
-0.9189038
-0.5363126
-0.5363126
-0.3054885
-0.3054885
-0.2479039
-0.2479039
-0.06295273
0.02318074
0.1244397
0.2530276
0.03611235
0.03611235
-0.3254966
-0.3254966
-0.5055683
-0.4699445
-0.5250879
-0.4984918
-0.4352963
-0.4352963
-0.3435521
-0.2361921
-0.1461563
-0.1461563
0.1427394
0.2076433
0.1576238
0.1215114
0.2049593
0.2049593
0.2354593
0.03830782
-0.2115488
-0.3879592
-0.4438355
-0.4438355
-0.2554674
-0.2554674
-0.1600635
-0.1473762
-0.1988599
-0.1798274
-0.05538763
-0.05538763
-0.1151677
-0.1151677
-0.1376156
-0.2327752
-0.3193957
-0.4984918
