0.2091075
0.2113045
0.2064234
0.2064234
0.2108159
0.2105716
0.2083762
0.2083762
0.2083762
0.2115488
0.2081319
0.2078876
0.2125244
0.2125244
0.2108159
0.2110602
0.2139885
0.2139885
0.2113045
0.2195993
0.2195993
0.2154527
0.2032524
0.2108159
0.2183795
0.2183795
0.2147198
0.2122801
0.2156954
0.2122801
0.2093518
0.2093518
0.2171596
0.2171596
0.2074006
0.1800717
0.1507915
0.08588763
0.08588763
0.1056515
0.1056515
0.1400554
0.2269201
0.2220407
0.2220407
0.2220407
0.2320439
0.2854804
0.4784836
0.5058126
0.5058126
0.5263078
0.5846237
0.5846237
0.6522116
0.6522116
0.6729527
0.6729527
0.5999966
0.56364
0.4499364
0.4499364
0.4011367
0.3132963
0.3062198
0.25864
0.25864
0.06685664
0.01634851
0.01659124
0.01756838
0.03611235
0.03611235
-0.01195602
-0.01195602
-0.03342832
-0.03342832
-0.04050328
-0.04050328
0.04733552
0.1456677
0.2723045
0.3577035
0.4484722
0.4484722
0.4757996
0.4692117
0.4823876
0.5272833
0.5446074
0.5446074
0.5285048
0.5285048
0.5511954
0.54778
0.54778
0.54778
0.4589641
0.4426156
0.44164
0.4028436
0.4028436
0.3821042
0.3821042
0.3611204
0.3611204
