0.2222834
0.2186238
0.2186238
0.2308241
0.2308241
0.1864153
0.1412753
0.09808794
0.07466446
0.07466446
0.04148043
0.04148043
-0.06319545
-0.06319545
-0.07929967
-0.1498159
-0.1498159
-0.1993485
-0.2017882
-0.1937361
-0.1937361
-0.2425358
-0.2708403
-0.2708403
-0.3137834
-0.3384283
-0.3384283
-0.3359885
-0.3359885
-0.3359885
-0.2588843
-0.2349723
-0.2349723
-0.1342003
-0.1342003
-0.1173648
-0.1173648
-0.1173648
-0.1161433
-0.1068713
-0.1068713
-0.05880453
-0.05880453
-0.06173129
-0.06173129
-0.06173129
-0.07149185
-0.07149185
-0.2296042
-0.2540033
-0.2540033
-0.2540033
-0.2544918
-0.2544918
-0.2691319
-0.2691319
-0.2691319
-0.3386725
-0.3172003
-0.2725488
-0.2725488
-0.2725488
-0.2447313
-0.2447313
-0.2447313
