-0.9847832
-0.9640438
-0.9640438
-0.97478
-0.9759998
-0.9686806
-0.9850276
-0.9762442
-0.9762442
-0.9725845
-1.001376
-1.016016
-1.027728
-1.01748
-1.005524
-0.9994233
-0.9994233
-0.9879559
-0.9879559
-0.9789281
-0.9789281
-0.9750242
-0.9613598
-0.9691676
-0.9691676
-0.9457442
-0.9457442
-0.91378
-0.91378
-0.9132914
-0.923052
-0.9313484
-0.9279315
-0.9279315
-0.8901122
-0.8552197
-0.8447279
-0.8437523
-0.8403354
-0.8618077
-0.8618077
-0.8618077
-0.8610764
-0.8610764
-0.8588794
-0.8425324
-0.8200845
-0.8200845
-0.8193517
-0.7803125
-0.7803125
-0.7690879
-0.7363924
-0.7234607
-0.71614
-0.7205324
-0.7151644
-0.7237035
-0.7237035
-0.7585959
-0.7585959
-0.7529836
-0.7529836
