-1.003085
-0.9982035
-0.9908842
-0.9908842
-0.9940552
-0.9940552
-0.9994233
-0.9994233
-1.000888
-1.000888
-1.004791
-1.005036
-1.005036
-0.9818565
-0.9862474
-0.9906399
-0.9821008
-0.8605878
-0.8605878
-0.8415568
-0.8305764
-0.8283794
-0.8544884
-0.8835242
-0.9071921
-0.8913321
-0.8913321
-0.8913321
-0.9242718
-0.9447685
-0.9447685
-0.9149998
-0.9149998
-0.782508
-0.782508
-0.7564005
-0.7371237
-0.7371237
-0.7261432
-0.7424917
-0.7644526
-0.7956839
-0.8186204
-0.8186204
-0.8332604
-0.8264282
-0.8030047
-0.8030047
-0.7788484
-0.7783598
-0.7815324
-0.7815324
