-1.016747
-1.016747
-1.012843
-1.009672
-1.009672
-1.010159
-1.00284
-1.001865
-0.9947881
-0.9947881
-0.9808794
-0.9808794
-0.9462327
-0.9935682
-1.004549
-0.9794167
-0.970876
-0.970876
-0.9742914
-0.9742914
-0.9364721
-0.9364721
-0.8993842
-0.8993842
-0.92842
-0.949648
-0.9301285
-0.9301285
-0.8569282
-0.8569282
-0.8683956
-0.8754721
-0.8564396
-0.8564396
-0.8535113
-0.8337474
-0.8286237
-0.8286237
-0.8364315
-0.8427767
-0.8383842
-0.8364315
-0.8364315
-0.8330162
-0.8330162
-0.8217914
-0.8274038
-0.8425324
-0.8515601
