-0.9964966
-0.9964966
-0.9964966
-1.018944
-1.053104
-1.053104
-1.059203
-1.059203
-1.059203
-0.9679477
-0.9669721
-0.9669721
-0.9674607
-0.9674607
-0.9472083
-0.9472083
-0.9472083
-0.9964966
-1.008453
-1.008453
-0.9821008
-0.9821008
-0.9821008
-0.9325683
-0.9042637
-0.8396041
-0.8337474
-0.8337474
-0.8281366
-0.8186204
-0.7485927
-0.7485927
-0.712236
-0.712236
-0.7412719
-0.7180927
-0.7180927
-0.7180927
-0.7583517
-0.855464
-0.855464
-0.7546921
-0.7546921
-0.7576204
-0.8039803
-0.8039803
-0.7995878
-0.7978794
-0.7978794
-0.7976366
-0.8073956
-0.8086155
