0.1376156
0.1446922
0.1446922
0.1571368
0.1527443
0.1520114
0.1429837
0.1354202
0.1354202
0.1356644
0.10614
0.1112638
0.1324918
0.1337117
0.1171205
0.1097997
0.1097997
0.1212687
0.1212687
0.1398126
0.1398126
0.1481075
0.1615277
0.1637247
0.1637247
0.1705554
0.1705554
0.1715325
0.1715325
0.1610407
0.1424967
0.143228
0.1520114
0.1520114
0.1234641
0.1178518
0.1002834
0.1022361
0.1110195
0.1137036
0.1137036
0.1137036
0.03562378
0.03562378
0.02122801
-0.03147558
-0.07539576
-0.07539576
-0.1041873
-0.07246744
-0.07246744
-0.06587949
-0.06099999
-0.04514005
-0.05270359
-0.06026869
-0.04538434
-0.03318403
-0.03318403
-0.06441533
-0.06441533
-0.09101141
-0.09101141
