0.2005683
0.2327752
0.2244804
0.2052036
0.2217964
0.2217964
0.2181367
0.2181367
0.2232605
0.2039837
0.2039837
0.194956
0.194956
0.2230162
0.2230162
0.2230162
0.2230162
0.1681156
0.1703126
0.1703126
0.2108159
0.2108159
0.1978843
0.2034967
0.2034967
0.2195993
0.3057313
0.3057313
0.2688876
0.2688876
0.2357036
0.2593713
0.2593713
0.3240325
0.3142719
0.3142719
0.2483924
0.1727524
0.1727524
0.1210244
0.1378599
0.1378599
0.03293975
0.007807824
0.007807824
0.08564334
0.08564334
0.08564334
0.09101141
0.1132166
