0.1422524
0.1422524
0.1507915
0.1493274
0.1493274
0.1412753
0.1412753
0.143228
0.1483518
0.1446922
0.1495717
0.16714
0.16714
0.1561596
0.1561596
0.1534756
0.1473762
0.1449364
0.1520114
0.1520114
0.1593322
0.1593322
0.1881238
0.1881238
0.1952003
0.1952003
0.1864153
0.1864153
0.1900765
0.1900765
0.1803159
0.1698241
0.1522557
0.1210244
0.1112638
0.0912557
0.02976869
0.02976869
-0.01171174
-0.06709937
-0.06709937
-0.1315162
-0.1315162
-0.1298078
-0.1298078
-0.1166319
-0.1166319
-0.1605521
-0.1605521
-0.1088241
-0.1041873
-0.1049202
-0.1073599
-0.1073599
-0.1063843
-0.08930452
-0.08271657
-0.08686477
-0.08686477
-0.07905539
-0.07905539
