-0.01049186
-0.01854397
-0.02269217
-0.03562378
-0.03684366
-0.03830782
-0.03318403
-0.03318403
-0.03171987
-0.02586322
-0.02586322
-0.02415633
-0.01659124
-0.02122801
-0.02269217
-0.02269217
-0.02391205
-0.01537136
-0.01537136
-0.005856646
-0.005856646
0
0
0
0.02171658
0.02659608
0.05319216
0.05538763
0.03001142
0.03001142
-0.01829969
-0.05270359
-0.05270359
-0.03928341
-0.09564818
-0.09564818
-0.1481075
-0.1481075
-0.1598208
-0.1598208
-0.003172609
-0.003172609
-0.08466775
-0.08466775
-0.1017476
-0.1293192
-0.1268795
-0.1268795
-0.1200472
-0.1146807
-0.155184
-0.1424967
-0.1412753
-0.07222471
-0.06709937
-0.06709937
-0.08442346
