0.1332247
0.1256596
0.1280994
0.1280994
0.1420081
0.1420081
0.1349316
0.1342003
0.1427394
0.1427394
0.1446922
0.1473762
0.1507915
0.1507915
0.1134593
0.09930781
0.1027247
0.07685993
0.07685993
0.07100328
0.09076868
0.0773485
0.03757652
0.08100812
0.05148372
0.05148372
-0.04148043
-0.06587949
-0.1532313
-0.1532313
-0.1549397
-0.1151677
-0.08954725
-0.08857166
-0.08857166
-0.08857166
-0.1302964
-0.1302964
-0.173728
-0.1595765
-0.1534756
-0.1344446
-0.1337117
-0.1337117
-0.1256596
-0.1263925
-0.115412
-0.115412
-0.1195602
-0.1342003
-0.1417638
