0.1185846
0.1268795
0.1268795
0.1249283
0.1241954
0.1302964
0.1254153
0.1254153
0.1271238
0.1271238
0.1534756
0.1534756
0.1564039
0.1564039
0.1407882
0.1407882
0.1605521
0.1566482
0.1554283
0.1190717
0.1190717
0.05075242
0.05075242
0.05075242
0.1210244
0.1210244
0.1076042
0.02122801
-0.05831595
-0.05831595
-0.05831595
-0.04367589
-0.04367589
-0.07661564
-0.08686477
-0.0690521
-0.0690521
-0.1217557
-0.08930452
-0.06831924
-0.06831924
-0.07978825
-0.07978825
-0.1395684
-0.1395684
-0.1754364
-0.1710439
-0.1390798
-0.1390798
-0.1163876
-0.1163876
-0.100772
-0.100772
-0.09223129
-0.09223129
-0.09223129
-0.09662377
-0.1029674
-0.1029674
-0.1159006
-0.133956
-0.133956
