0.7463956
0.7356595
0.7356595
0.7368794
0.7368794
0.7507882
0.7593273
0.7593273
0.7949526
0.8137393
0.8139836
0.8139836
0.8188646
0.773236
0.740052
0.6997914
0.6524559
0.5890162
0.5324087
0.4858045
0.4382246
0.4382246
0.3252524
0.267912
0.267912
0.1573795
0.1288322
0.1122394
0.1122394
0.08393645
0.0607557
0.03708794
0.02073944
-0.01390876
-0.02976869
-0.05782738
-0.05782738
-0.07100328
-0.0780798
-0.09784365
-0.1073599
-0.100772
-0.1029674
-0.09881923
-0.09003583
-0.08735178
-0.08662049
-0.08393645
-0.08198372
-0.08125241
