0.5990195
0.5965797
0.5965797
0.5973126
0.5973126
0.6104885
0.6104885
0.6495276
0.6495276
0.7295601
0.7683565
0.7683565
0.8174005
0.8003207
0.8003207
0.6758794
0.6758794
0.6214674
0.5631514
0.4470081
0.4260243
0.3964999
0.374052
0.2949966
0.2949966
0.2949966
0.2249674
0.185684
0.185684
0.08662049
0.05001955
0.05001955
-0.001952734
-0.04026055
-0.04026055
-0.1090684
-0.1090684
-0.1676286
-0.183
-0.183
-0.2125244
-0.2125244
-0.1952003
-0.1952003
-0.1710439
-0.1710439
-0.1668957
-0.1668957
-0.1668957
-0.1371286
-0.1300521
