0.6866155
0.6768565
0.6788077
0.6905195
0.6780764
0.6780764
0.6575797
0.6531872
0.6531872
0.6668517
0.6668517
0.7041839
0.7041839
0.7393207
0.7393207
0.7234607
0.7141888
0.7022327
0.7022327
0.6990601
0.6990601
0.6434282
0.6434282
0.6248842
0.6046318
0.5458273
0.5458273
0.4945879
0.4945879
0.4438355
0.4438355
0.3835683
0.3835683
0.3208599
0.3208599
0.2313126
0.2313126
0.1839756
0.1639674
0.140544
0.140544
0.1019918
0.06368402
0.02195931
0.008783413
-0.06636807
-0.06636807
-0.06636807
-0.1327361
-0.1603078
-0.2191123
-0.2191123
