0.7561562
0.7434673
0.7434673
0.7080879
0.7080879
0.7080879
0.6853957
0.6817361
0.6817361
0.6624607
0.6624607
0.6680716
0.6680716
0.6680716
0.6766123
0.6766123
0.6766123
0.6810048
0.6863713
0.6863713
0.70028
0.7166285
0.7166285
0.7449315
0.7522523
0.7522523
0.7529836
0.7327327
0.7327327
0.697596
0.6651433
0.6651433
0.5877963
0.557052
0.557052
0.5363126
0.4819005
0.4819005
0.3579478
0.3220797
0.2908485
0.2315554
0.2315554
0.115412
0.04879968
0.04879968
-0.08125241
-0.1495717
-0.19764
-0.222772
-0.222772
-0.2752313
-0.2752313
-0.2752313
-0.2701075
-0.255956
