0.7063794
0.7063794
0.6966204
0.6966204
0.7005243
0.6912523
0.6912523
0.6900324
0.6846644
0.6866155
0.6853957
0.691008
0.691008
0.7271204
0.7488354
0.7703077
0.8044673
0.8149607
0.8144721
0.7827523
0.7473713
0.7473713
0.7473713
0.6114641
0.5407035
0.5407035
0.4557915
0.4106514
0.3794201
0.3259837
0.2593713
0.2593713
0.234728
0.1568925
0.1388355
0.1388355
0.07246744
0.02903583
-0.02244788
-0.05416775
-0.05416775
-0.09418402
-0.1071156
-0.1163876
-0.1790961
-0.2103274
-0.2103274
-0.1873925
-0.1822687
-0.1632361
-0.1600635
-0.1600635
-0.1549397
-0.155184
