0.5938957
0.5977996
0.5858436
0.5917002
0.5873078
0.5814527
0.5814527
0.5751074
0.5751074
0.5741318
0.5741318
0.5899917
0.5899917
0.5931644
0.5960927
0.5960927
0.6009722
0.6009722
0.5936514
0.5919445
0.6041448
0.6041448
0.6417198
0.6417198
0.6446481
0.6568484
0.6568484
0.6251285
0.6251285
0.6251285
0.5648599
0.5285048
0.4265113
0.4265113
0.4265113
0.3193957
0.3193957
0.3193957
0.1810472
0.1810472
0.1707997
0.1234641
0.05465633
0.05465633
0.02391205
-0.06099999
-0.1256596
-0.1256596
-0.1566482
-0.1607964
-0.1607964
