0.5990195
0.5951155
0.5975553
0.5975553
0.5802327
0.5802327
0.5572963
0.5572963
0.5377768
0.5380195
0.5311888
0.5194755
0.5250879
0.5187442
0.5187442
0.5150846
0.5106921
0.5089837
0.5141074
0.514596
0.514596
0.5050797
0.5050797
0.4872686
0.4760439
0.4516433
0.4516433
0.4013794
0.3825927
0.3406237
0.2720602
0.2720602
0.2259446
0.2039837
0.1727524
0.1727524
0.140544
0.140544
0.09808794
0.09808794
0.04099186
0.04099186
0.01610422
-0.003172609
-0.02269217
-0.05880453
-0.05880453
-0.1088241
-0.1237084
-0.1505472
-0.1571368
-0.1732394
-0.1732394
-0.1647003
-0.164456
-0.164456
-0.1720195
-0.1732394
