0.6836888
0.6751481
0.6744168
0.6783207
0.6746595
0.6746595
0.6688044
0.6705113
0.6707556
0.6707556
0.6727083
0.6836888
0.7844607
0.7915357
0.7637197
0.7395634
0.7088207
0.6680716
0.5902361
0.5902361
0.5280162
0.5070325
0.4487165
0.4211433
0.392596
0.3696596
0.3376954
0.3376954
0.2491238
0.2491238
0.2137443
0.192272
0.1571368
0.1571368
0.1603078
0.1566482
0.1566482
0.1032117
0.07661564
0.07661564
0.005856646
0.005856646
-0.06539247
-0.07100328
-0.0780798
-0.08149669
-0.08369216
-0.07588433
-0.06709937
-0.05294788
-0.04782409
-0.04440875
