-0.7888517
-0.7754315
-0.7754315
-0.7620113
-0.7620113
-0.7607914
-0.7607914
-0.7756758
-0.7756758
-0.7937327
-0.8122767
-0.8122767
-0.7700634
-0.7822637
-0.7822637
-0.8176448
-0.8176448
-0.7720162
-0.7461514
-0.80764
-0.8396041
-0.86742
-0.8571725
-0.8408239
-0.8408239
-0.8408239
-0.8452165
-0.9003598
-0.9003598
-0.9340324
-0.9379363
-0.9379363
-0.9391562
-0.9511122
-0.9511122
-0.9616041
-0.9616041
-1.003085
-1.015041
-1.015041
-1.014552
-1.014552
-1.01748
-1.01748
-1.022848
-1.022848
-1.002352
-1.002352
-1.002352
-0.9786839
-0.9645324
