-0.6917393
-0.7056481
-0.7093077
-0.6873484
-0.6873484
-0.6853957
-0.68442
-0.6951562
-0.6951562
-0.7058924
-0.7058924
-0.7156514
-0.7395634
-0.7488354
-0.7444445
-0.742736
-0.7507882
-0.7507882
-0.7417604
-0.7390764
-0.7390764
-0.7368794
-0.7298044
-0.7781155
-0.8144721
-0.8144721
-0.8144721
-0.8449721
-0.8339917
-0.8469234
-0.8469234
-0.9223207
-0.9223207
-0.9767327
-0.9767327
-0.9942995
-0.9860047
-0.9752685
-0.9647767
-0.9647767
-0.9860047
-0.9784396
-0.9757556
-0.9757556
-0.9935682
-0.9935682
-1.039684
-1.026019
-1.006988
-0.9982035
-0.9838077
-0.9838077
-0.97478
-0.97478
-0.9933239
-0.9974721
-1.014796
-1.014796
-1.007233
-0.9967393
-0.9967393
