-0.7505438
-0.7463956
-0.7463956
-0.7317556
-0.7317556
-0.7317556
-0.7168728
-0.7388321
-0.7388321
-0.7505438
-0.7505438
-0.7473713
-0.7473713
-0.7473713
-0.7515194
-0.7515194
-0.7515194
-0.7449315
-0.7485927
-0.7485927
-0.7468842
-0.7766514
-0.7766514
-0.7817767
-0.79178
-0.79178
-0.8227686
-0.8174005
-0.8174005
-0.8039803
-0.8025162
-0.8025162
-0.8281366
-0.8659559
-0.8659559
-0.8715683
-0.8637604
-0.8637604
-0.8835242
-0.8640047
-0.8069086
-0.7956839
-0.7956839
-0.8947474
-0.8432637
-0.8432637
-0.8513158
-0.9652637
-0.95892
-0.8813273
-0.8813273
-0.9181725
-0.9181725
-0.9181725
-0.9345194
-0.9030438
