-0.7251676
-0.7158957
-0.7395634
-0.7473713
-0.7551806
-0.7551806
-0.7515194
-0.7595716
-0.7595716
-0.7610357
-0.7610357
-0.7534721
-0.7534721
-0.7532279
-0.7532279
-0.7339526
-0.740052
-0.7334641
-0.7334641
-0.7664038
-0.7664038
-0.7947083
-0.7947083
-0.8230113
-0.8264282
-0.8234999
-0.8234999
-0.8022718
-0.8022718
-0.8200845
-0.8200845
-0.8391155
-0.8391155
-0.8466806
-0.8466806
-0.8813273
-0.8813273
-0.9162197
-0.8981643
-0.9089005
-0.9089005
-0.9054836
-0.9130487
-0.9140242
-0.9291514
-0.9518435
-0.9518435
-0.9518435
-0.977464
-0.9852718
-1.02358
-1.02358
