-0.7249234
-0.7378565
-0.7412719
-0.7434673
-0.74542
-0.74542
-0.7463956
-0.7532279
-0.7542035
-0.7542035
-0.7573761
-0.7578647
-0.7581074
-0.7622556
-0.7485927
-0.7449315
-0.7442002
-0.7434673
-0.7420048
-0.7420048
-0.7588403
-0.7837279
-0.8349673
-0.8474119
-0.8640047
-0.8784005
-0.9027995
-0.9027995
-0.9215878
-0.9215878
-0.9206122
-0.9401318
-0.9628239
-0.9628239
-0.9603842
-0.9635568
-0.9635568
-0.9633125
-0.9694119
-0.9694119
-1.001132
-1.001132
-0.9730715
-0.9781953
-1.003572
-1.017236
-1.002596
-0.9872246
-0.9884444
-1.004304
-1.002107
-0.9989363
