-0.7449315
-0.7546921
-0.7595716
-0.7595716
-0.7515194
-0.7515194
-0.7483484
-0.7571318
-0.7300487
-0.7300487
-0.7473713
-0.7473713
-0.8525357
-0.8569282
-0.8596122
-0.8691285
-0.8871839
-0.8969445
-0.8991399
-0.8969445
-0.8969445
-0.8969445
-0.965508
-1.046028
-1.028948
-0.9699005
-0.9879559
-0.9979607
-0.9955194
-0.9603842
-0.9603842
-0.9603842
-0.9650194
-0.9647767
-0.9718516
-0.9767327
-0.9767327
-0.9828321
-0.9813679
-0.9735601
-0.9711204
-0.9752685
-0.9733158
-0.9696562
-0.980148
-0.980148
-0.9755128
-0.9777083
-0.9889315
