-0.6907637
-0.6907637
-0.7566448
-0.7566448
-0.7239478
-0.7283403
-0.7283403
-0.7283403
-0.7686008
-0.7764086
-0.7764086
-0.7810438
-0.7778713
-0.7869005
-0.8183761
-0.8091041
-0.7424917
-0.7424917
-0.7424917
-0.862052
-0.8479005
-0.8479005
-0.7988565
-0.7988565
-0.7988565
-0.8066643
-0.7800683
-0.7800683
-0.834236
-0.8386285
-0.8386285
-0.8049559
-0.8098354
-0.8098354
-0.923052
-0.8352116
-0.8352116
-0.7681122
-0.7761644
-0.9196366
-0.9511122
-0.9511122
-0.9511122
-1.033829
-1.033829
-0.9918598
-0.970876
-0.970876
-0.9850276
-0.9962522
-0.9962522
-0.9906399
-0.9906399
