0.0641726
0.05197229
0.03733223
0.03733223
0.03733223
0.03684366
0.05319216
0.05319216
0.03049999
0.03049999
0.01756838
0.03342832
0.03342832
0.03342832
0.009516273
0.0353795
0.0353795
0.07881266
0.07881266
0.1251726
0.1251726
0.1376156
0.1478648
0.1478648
0.2127687
0.2127687
0.2276514
0.2276514
0.237412
0.2649837
0.2649837
0.2052036
0.2052036
0.1954446
0.2325325
0.2418045
0.2418045
0.234728
0.234728
0.2503436
0.2630325
0.2666921
0.2666921
0.2515635
0.2379006
0.2379006
0.2259446
0.2259446
0.2259446
0.2244804
0.2235032
0.2235032
