0.09442831
0.09320843
0.07515148
0.07710421
0.07466446
0.06392831
0.06392831
0.06392831
0.06392831
0.05929154
0.05929154
0.08832738
0.08832738
0.07612862
0.07588433
0.07588433
0.06685664
0.06685664
0.051728
0.04611564
0.05050813
0.05050813
0.06661235
0.06661235
0.07710421
0.07222471
0.07222471
0.06173129
0.06173129
0.06173129
0.1051645
0.1483518
0.1678713
0.1678713
0.1678713
0.1695798
0.1695798
0.1695798
0.1417638
0.1417638
0.1778762
0.2156954
0.2115488
0.2115488
0.2191123
0.1971515
0.1920277
0.1920277
0.2383876
0.25864
0.25864
