0.07881266
0.1029674
0.1029674
0.09784365
0.09784365
0.09247557
0.09247557
0.09686806
0.09686806
0.07051627
0.06246415
0.06246415
0.03830782
0.02342347
0.02342347
0.06685664
0.06685664
0.06197558
0.06831924
0.1193159
0.1244397
0.08930452
0.1010163
0.1637247
0.1637247
0.1637247
0.176412
0.1873925
0.1873925
0.1920277
0.2054479
0.2054479
0.1727524
0.1642117
0.1642117
0.1720195
0.1720195
0.1598208
0.1720195
0.1720195
0.2003241
0.2003241
0.1847084
0.1847084
0.1786075
0.1786075
0.1854397
0.1854397
0.1854397
0.1878795
0.1832443
