-0.05441204
-0.03513677
-0.06807651
-0.06807651
-0.05123943
-0.05123943
-0.05221658
-0.05221658
-0.04514005
-0.03318403
-0.00341534
0.01024758
0.04635993
0.05782738
0.05782738
0.06929639
0.07564005
0.06783222
0.06954067
0.09028011
0.09028011
0.1044316
0.1044316
0.1207801
0.1439593
0.1773876
0.1773876
0.2005683
0.2088647
0.2049593
0.1442036
0.1442036
0.1437166
0.1283436
0.09613676
0.09613676
0.07173613
0.07173613
0.02318074
0.02318074
0.03025571
0.03025571
0.02415633
0.02879155
0.03928341
0.0566075
0.0566075
0.06661235
0.07368731
0.07051627
0.07759123
0.07905539
0.07905539
0.07076055
0.05441204
0.05441204
0.03855211
0.03391533
