0.01903255
0.007319252
0.007319252
0.03513677
0.03513677
0.03513677
0.01903255
0.03708794
0.03708794
0.03001142
0.03001142
0.06539247
0.06539247
0.06539247
0.02854726
0.02854726
0.02854726
0.01439577
0.01659124
0.01659124
0.02098372
0.01439577
0.01439577
-0.002195464
-0.01634851
-0.01634851
0.008783413
0.01878826
0.01878826
0.04562863
0.07295601
0.07295601
0.1051645
0.1119967
0.1119967
0.1166319
0.1249283
0.1249283
0.1590879
0.1947117
0.2327752
0.2183795
0.2183795
0.2044723
0.2183795
0.2183795
0.2225277
0.2886514
0.3364755
0.3296433
0.3296433
0.3640487
0.3640487
0.3640487
0.3391596
0.295728
