-0.01024758
-0.01537136
-0.01659124
-0.01195602
-0.01464006
-0.01293161
-0.01683552
-0.01585994
-0.009760559
-0.01512863
-0.01366447
-0.01366447
-0.002439751
0.0090277
0.01220031
0.01049186
-0.005123788
-0.008783413
-0.008783413
-0.02195931
-0.03196416
-0.04562863
-0.05465633
-0.04587136
-0.03001142
-0.03049999
-0.02708466
-0.0312313
-0.02854726
-0.02854726
-0.01512863
-0.001708448
0.003172609
0.003172609
0.01000329
0.01488435
0.002928323
0.007807824
0.01342018
0.01342018
0.04074757
0.06563676
0.08393645
0.09613676
0.08515632
0.09198856
0.133956
0.1700684
0.1983713
0.2354593
0.2786482
0.2942638
0.2942638
0.3181759
0.3469674
0.4172394
0.4294397
0.4384674
0.4435927
0.4435927
0.48678
0.5138647
0.5280162
0.535824
0.5507084
0.5672996
0.5751074
0.5880406
0.6290324
0.6326921
0.6326921
0.60878
0.6039006
0.6170764
0.6158565
0.6141481
0.6182963
0.6202475
0.6234201
0.6185406
0.6265927
0.6414755
0.6285439
0.6285439
0.6185406
0.6187833
0.6073158
0.5824282
0.5546123
0.5253322
0.5133761
0.4953207
0.47214
0.4494478
0.4179722
0.387228
0.3674641
0.3674641
0.362096
0.2962165
0.2962165
0.249368
0.244
0.2325325
0.2325325
0.2193566
0.2005683
0.1503045
0.1068713
0.08393645
0.05612049
0.05612049
-0.004636771
-0.01342018
-0.02269217
-0.03635664
-0.04977527
-0.07539576
-0.07198042
-0.08979154
-0.1344446
-0.1351759
-0.1539641
-0.143228
-0.143228
-0.1324918
-0.1288322
-0.1398126
-0.1490846
-0.1388355
-0.1349316
-0.1263925
-0.1402997
-0.1205358
-0.1176075
-0.1151677
-0.1266368
-0.0641726
-0.04245602
-0.01756838
-0.01756838
-0.04196744
-0.03635664
-0.04343161
-0.02976869
-0.02976869
-0.04879968
-0.05026384
-0.0009755891
-0.0009755891
-0.006099377
-0.009516273
-0.02025242
0.02318074
0.02073944
0.02610751
0.02610751
0.0263518
0.02952441
0.006099377
0.01464006
0.01464006
0.03074428
0.01220031
0.01098043
0.01561565
0.03025571
0.03025571
-0.01146745
-0.003172609
0.03659937
0.04123614
0.0263518
0.0263518
0.00341534
-0.0124446
-0.01024758
-0.007076522
-0.001952734
-0.008540683
