-0.01537136
0.009271986
0.009760559
-0.01659124
-0.01854397
-0.02171658
-0.0222036
-0.02269217
-0.01488435
-0.01390876
-0.01756838
-0.01829969
-0.02098372
-0.01683552
-0.01610422
-0.01756838
-0.01756838
-0.01220031
-0.01683552
-0.01634851
-0.01683552
-0.01366447
-0.01366447
-0.01854397
-0.01707981
-0.02195931
-0.02659608
-0.0214723
-0.0180554
-0.01976385
-0.02171658
-0.02073944
-0.01951956
-0.01585994
-0.01927527
-0.01927527
-0.02098372
-0.01390876
-0.009516273
-0.01342018
-0.008052111
-0.01195602
-0.01195602
-0.02293646
-0.03806353
-0.04611564
-0.05807167
-0.08051955
-0.09198856
-0.1095554
-0.1185846
-0.131272
-0.1488404
-0.1683599
-0.1954446
-0.2147198
-0.2147198
-0.2396075
-0.2713273
-0.2976807
-0.3306204
-0.3503843
-0.3503843
-0.3647801
-0.3699039
-0.3840553
-0.3964999
-0.4062605
-0.4248045
-0.4601839
-0.4833647
-0.50264
-0.5226481
-0.5353354
-0.5382637
-0.5492442
-0.5492442
-0.5502198
-0.5416806
-0.5280162
-0.505324
-0.4901954
-0.4848273
-0.4848273
-0.4809234
-0.4838517
-0.4921481
-0.4965406
-0.5075195
-0.5189885
-0.5302116
-0.5419234
-0.5419234
-0.5446074
-0.5436319
-0.5314316
-0.5153273
-0.5004445
-0.4792165
-0.4589641
-0.4372475
-0.3828355
-0.3635602
-0.338184
-0.338184
-0.3130521
-0.2627882
-0.2413159
-0.2261873
-0.2139885
-0.2139885
-0.1627475
-0.1349316
-0.09101141
-0.04635993
-0.02488763
-0.01585994
-0.01195602
0.008783413
0.01537136
0.01488435
0.02562049
0.03245273
0.04660422
0.04660422
0.05880453
0.06441533
0.05148372
0.04562863
0.03684366
0.03684366
0.03879639
0.03489248
0.03440391
0.03074428
0.02659608
0.02659608
0.02610751
0.03586807
0.03342832
0.02000813
0.01342018
0.02391205
0.04392018
0.04392018
0.04343161
0.0395277
0.04270031
0.04709123
0.05538763
0.05538763
0.05441204
0.05563192
0.05343645
0.04392018
0.04538434
0.04367589
0.05026384
0.04318732
0.03781925
0.04001627
0.03733223
0.03684366
0.03757652
0.03757652
0.02610751
0.02366776
0.03415962
0.03001142
0.02732738
0.0336726
0.0336726
0.04709123
0.03025571
0.01342018
0.02440062
0.03733223
0.0336726
0.03562378
0.03562378
0.02952441
0.02244788
0.02269217
0.01659124
0.01659124
0.02440062
0.02488763
0.03049999
0.0353795
0.03196416
0.02806024
0.02806024
0.02269217
0.01634851
0.01829969
0.02415633
0.02952441
0.02928012
0.02928012
