-0.0214723
0.008296397
0.01122472
0.01439577
0.01049186
0.01049186
0.01293161
0.01342018
0.008783413
0.002195464
0.007319252
0.007319252
0.009760559
0.01049186
0.009516273
0.007563538
0.007319252
0.009271986
0.006099377
0.006099377
0.006099377
0.004879501
0.01439577
0.009516273
0.01073615
0.01073615
0.01220031
0.005123788
0.002684037
0.01049186
0.0090277
0.0007313028
0.0007313028
-0.0004885725
0.002439751
-0.005123788
-0.004636771
-0.001464162
-0.01439577
-0.01439577
-0.01390876
-0.009760559
-0.01781267
-0.03318403
-0.04148043
-0.04148043
-0.04172472
-0.05734036
-0.1090684
-0.1188274
-0.1254153
-0.143228
-0.143228
-0.1556726
-0.1698241
-0.2005683
-0.234728
-0.2496123
-0.2896286
-0.3049999
-0.3049999
-0.3215927
-0.3481873
-0.3662442
-0.3821042
-0.4079674
-0.4079674
-0.4352963
-0.4650635
-0.5365553
-0.5670553
-0.5824282
-0.5970683
-0.5970683
-0.6153679
-0.6229315
-0.6222002
-0.6204917
-0.6226888
-0.6370845
-0.6370845
-0.6256155
-0.6195162
-0.6095113
-0.5631514
-0.5507084
-0.5507084
-0.5387523
-0.5087394
-0.4555487
-0.4294397
-0.3989397
-0.3703924
-0.3703924
-0.3018273
-0.267912
-0.2376563
-0.2108159
-0.1842199
-0.1464006
-0.1156563
-0.09076868
-0.07710421
-0.05538763
-0.04416447
0.04660422
0.04660422
0.1068713
0.1437166
0.1537199
0.1593322
0.1449364
0.1566482
0.1612834
0.1664087
0.1739723
0.1464006
0.1395684
0.1310277
0.1329804
0.1439593
0.1315162
0.1322476
0.1461563
0.157868
0.1390798
0.127368
0.127368
0.1107753
0.1015033
0.0780798
0.06368402
0.06685664
0.06173129
0.06173129
0.05221658
0.04587136
0.04172472
0.04392018
0.05758465
0.06368402
0.06539247
0.06319545
0.04782409
0.05368074
0.05245931
0.06368402
0.06026869
0.06026869
0.05465633
0.05807167
0.0649039
0.06587949
0.0732003
0.0773485
0.0773485
0.08051955
0.08076384
0.08027527
0.08271657
0.07124756
0.05612049
0.05904726
0.05685179
0.06270844
0.04953254
0.04196744
0.04611564
0.04611564
0.05343645
0.05856024
0.06319545
0.05734036
0.06099999
0.06392831
0.06392831
0.06319545
0.06197558
0.05978011
0.04660422
0.05563192
0.05563192
0.07100328
0.07173613
0.06661235
0.04977527
0.0353795
0.03659937
0.03659937
0.0222036
0.01537136
-0.004148198
-0.004148198
0.00561236
0.005856646
0.005856646
0.009760559
0.01073615
0.007563538
