-0.9664836
-0.9637995
0.009516273
0.01000329
0.008296397
0.005368074
0.01122472
0.008540683
0.005368074
0.003659626
0.005123788
0.005368074
0.01098043
0.01098043
0.01098043
0.007076522
0.004636771
0.004636771
-0.0007313028
0.008296397
0.01049186
0.01268733
0.01366447
0.01024758
0.006587949
0.006099377
0.002928323
0.002928323
0.002439751
0.0090277
0.004636771
0.001219875
0.005856646
0.001708448
0.001708448
-0.005123788
-0.004636771
0.0002442863
0.002684037
0.006587949
0.004392485
0.008296397
0.008783413
0.006832235
0.009760559
0.01390876
0.03001142
0.03001142
0.01659124
0
-0.01098043
-0.02854726
-0.03391533
-0.05490061
-0.05490061
-0.06441533
-0.1037003
-0.127368
-0.1420081
-0.1520114
-0.1778762
-0.2117915
-0.2376563
-0.2740114
-0.2784039
-0.3203713
-0.3516042
-0.3852768
-0.4257801
-0.4626237
-0.4833647
-0.4923924
-0.5070325
-0.5133761
-0.5133761
-0.5084966
-0.4916596
-0.4606725
-0.4465195
-0.4484722
-0.4657963
-0.4657963
-0.5553436
-0.5812083
-0.5970683
-0.6073158
-0.6251285
-0.6090243
-0.6090243
-0.5987768
-0.6026806
-0.5958484
-0.5409478
-0.5104478
-0.5104478
-0.4884885
-0.4577442
-0.3830797
-0.3611204
-0.3406237
-0.3093924
-0.3093924
-0.2676677
-0.2078876
-0.1720195
-0.1344446
-0.1327361
-0.1349316
-0.122
-0.1107753
-0.1051645
-0.07027198
-0.03074428
0.01561565
0.03440391
0.05636477
0.0732003
0.0732003
0.0871075
0.1044316
0.1146807
0.1132166
0.1132166
0.1112638
0.09637949
0.08076384
0.08271657
0.06563676
0.04855539
0.04245602
0.05978011
0.05880453
0.06197558
0.0607557
0.03708794
0.03708794
0.02757167
0.02562049
0.0312313
0.03440391
0.04172472
0.05148372
0.05148372
0.05514335
0.02659608
0.02757167
0.02342347
0.02879155
0.03635664
0.05026384
0.04660422
0.04928825
0.0732003
0.0566075
0.05563192
0.05563192
0.03806353
0.04806838
0.03293975
0.06807651
0.09808794
0.09808794
0.08784036
0.07051627
0.05612049
0.04318732
0.04660422
0.03806353
0.04587136
0.03196416
0.04709123
0.05270359
0.05416775
0.05050813
0.04050328
0.0312313
0.06929639
0.07466446
0.07856838
0.05636477
0.0312313
0.04318732
0.04318732
0.02391205
0.01488435
0.01390876
0.01000329
0.009516273
0.004636771
