-0.9913728
-0.9799038
0.06026869
0.05904726
0.05123943
0.05123943
0.04392018
0.04392018
0.0395277
0.03757652
0.04440875
0.03318403
0.03733223
0.03733223
0.03708794
0.03220844
0.02806024
0.02415633
0.02366776
0.02586322
0.03196416
0.02781596
0.02098372
0.01659124
0.01342018
0.02049671
0.02732738
0.02928012
0.03147558
0.03342832
0.0336726
0.03269546
0.03586807
0.03586807
0.03659937
0.02195931
0.02171658
0.02732738
0.02586322
0.02440062
0.02415633
0.02659608
0.02806024
0.02757167
0.02757167
0.02830453
0.02830453
0.0263518
0.0336726
0.03904068
0.04318732
0.02391205
0.01537136
0.01537136
0.02049671
0.02415633
0.0312313
0.04196744
0.05294788
0.06221987
0.06221987
0.08784036
0.09223129
0.09174427
0.10614
0.1141922
0.1254153
0.1481075
0.1712882
0.19764
0.222772
0.2786482
0.3176873
0.3176873
0.347456
0.3720993
0.4506677
0.4870243
0.526552
0.5624201
0.5624201
0.5931644
0.6097556
0.6151237
0.6290324
0.6483077
0.6383044
0.6165879
0.6026806
0.5895048
0.5736433
0.5529038
0.5272833
0.5272833
0.5184999
0.4984918
0.4660406
0.4087003
0.3835683
0.3838126
0.3801514
0.3801514
0.3147605
0.2888957
0.2715716
0.246684
0.2176482
0.1971515
0.1749479
0.1402997
0.08930452
0.0509967
0.01903255
-0.05368074
-0.05368074
-0.09442831
-0.1049202
-0.1083355
-0.1180961
-0.1173648
-0.1112638
-0.1112638
-0.1110195
-0.09491532
-0.08857166
-0.08198372
-0.08100812
-0.07100328
-0.05368074
-0.04318732
-0.03196416
-0.02976869
-0.03415962
-0.04148043
-0.04148043
-0.04196744
-0.03171987
-0.02586322
-0.01561565
-0.01854397
-0.01634851
-0.01634851
-0.01366447
-0.01024758
-0.01366447
-0.01464006
-0.003903912
0.004636771
-0.0009755891
0.005123788
0.008296397
0.01976385
0.02684037
0.02391205
0.01537136
0.02195931
0.02195931
0.02586322
0.01537136
0.01488435
0.02488763
0.02488763
0.03025571
0.0131759
0.03391533
0.01195602
0.001952734
-0.02562049
-0.02366776
0.007076522
0.0222036
0.01293161
0.01049186
0.01195602
0.01098043
0.01951956
0.02781596
0.02781596
0.02708466
0.04757981
0.03757652
0.04757981
0.04757981
0.03147558
0.01366447
0.04148043
0.02000813
-0.002439751
0.006587949
0.006587949
0.01220031
0.04977527
0.05465633
0.05734036
0.05880453
0.051728
0.04562863
0.02464335
0.03855211
0.03684366
0.03245273
0.03269546
0.03269546
0.03757652
0.03879639
0.01293161
0.03855211
0.03269546
0.02732738
0.02732738
0.01951956
0.02952441
0.01951956
0.02415633
0.02025242
0.01488435
