-0.97478
-0.9596514
0.05343645
0.05245931
0.04928825
0.05636477
0.05368074
0.04587136
0.04587136
0.05685179
0.05685179
0.04343161
0.0607557
0.04538434
0.03855211
0.0263518
0.03098857
0.03757652
0.04001627
0.03977198
0.04050328
0.03830782
0.03830782
0.03001142
0.02879155
0.02415633
0.02659608
0.02098372
0.02073944
0.02073944
0.02098372
0.01829969
0.02732738
0.02342347
0.02122801
0.02342347
0.02342347
0.03659937
0.04733552
0.04660422
0.04709123
0.04489577
0.04392018
0.03586807
0.03708794
0.03513677
0.02806024
0.0173241
0.0353795
0.02928012
0.02928012
0.02903583
0.04050328
0.04392018
0.0468485
0.05807167
0.05807167
0.06539247
0.07783552
0.08393645
0.1058958
0.1298078
0.1442036
0.1549397
0.1769006
0.2186238
0.2274087
0.234728
0.2840162
0.2971921
0.2971921
0.3049999
0.3206156
0.3384283
0.3550195
0.3725879
0.3725879
0.3862524
0.4274885
0.4494478
0.4679918
0.4901954
0.5184999
0.5328957
0.5587605
0.5770602
0.5653484
0.5431433
0.5307002
0.5350927
0.5414364
0.5414364
0.5426562
0.5282605
0.5228924
0.5214282
0.5102035
0.5102035
0.5028843
0.4816563
0.4765325
0.4777524
0.4596954
0.4489592
0.4330993
0.4104087
0.3845439
0.3640487
0.3250081
0.2625439
0.2330195
0.2330195
0.2066677
0.1766563
0.133956
0.1066286
0.08271657
0.08271657
0.051728
0.03098857
0.01171174
-0.001708448
-0.01683552
-0.02195931
-0.02195931
-0.06148856
-0.07490875
-0.1024804
-0.1290765
-0.1388355
-0.1212687
-0.1212687
-0.1307834
-0.1583566
-0.1271238
-0.05294788
-0.06051142
-0.06051142
-0.2032524
-0.1215114
-0.09296415
-0.08588763
-0.06514819
-0.02903583
-0.02903583
-0.06636807
-0.06807651
-0.0002442863
-0.01903255
0.002928323
-0.01195602
-0.01195602
0.002928323
-0.01390876
-0.03074428
-0.04733552
-0.04074757
-0.03196416
-0.03196416
-0.03781925
-0.01903255
-0.0131759
0.0007313028
0.005123788
0.005123788
-0.01464006
-0.03440391
-0.02976869
-0.02903583
-0.02122801
-0.01634851
-0.008540683
-0.01195602
-0.01390876
0.01683552
-0.03635664
-0.03659937
-0.04367589
-0.04367589
-0.04026055
-0.02391205
-0.03245273
-0.02513192
-0.02513192
-0.02318074
-0.02318074
