0.0124446
0.01293161
0.01171174
0.008540683
0.0263518
0.0090277
0.0090277
0.008052111
0.008540683
0.008540683
0.0131759
0.008540683
0.0009755891
0.003172609
0.003172609
0.008296397
0.003172609
0.006587949
-0.001219875
0.0009755891
-0.002439751
-0.003659626
-0.003172609
-0.001708448
-0.008783413
-0.02000813
-0.02000813
-0.02098372
-0.01683552
-0.01342018
-0.01659124
-0.01146745
-0.01049186
-0.01171174
-0.01171174
0.001219875
0.02610751
0.02000813
0.04782409
0.051728
0.06831924
0.07661564
0.08100812
0.1054087
0.1283436
0.1468876
0.1944674
0.1944674
0.2198436
0.2357036
0.2408274
0.2745
0.2859674
0.3128078
0.3123208
0.3123208
0.3494087
0.3574592
0.3677084
0.3786873
0.387228
0.387228
0.3950358
0.4106514
0.4121156
0.4052834
0.3999153
0.413824
0.4248045
0.4235846
0.4265113
0.4199234
0.4269999
0.4269999
0.4245602
0.4169966
0.4060162
0.3738078
0.3479445
0.3220797
0.3220797
0.2908485
0.2491238
0.2381433
0.2220407
0.2139885
0.2022752
0.1869039
0.1688485
0.1478648
0.1302964
0.1151677
0.07710421
0.05075242
0.05075242
0.02171658
-0.003172609
-0.04050328
-0.04904397
-0.07173613
-0.09784365
-0.1137036
-0.1137036
-0.103456
-0.1112638
-0.1073599
-0.1115081
-0.1015033
-0.09076868
-0.0829593
-0.07002769
-0.0600244
-0.04440875
0.001708448
0.001708448
-0.05319216
-0.06441533
-0.04318732
-0.06636807
-0.07905539
-0.03830782
-0.02464335
-0.02464335
-0.02342347
-0.04148043
-0.04904397
-0.0558762
-0.04148043
-0.05148372
-0.01781267
-0.03464819
-0.01659124
0.0002442863
-0.02976869
-0.0009755891
-0.0009755891
-0.01073615
-0.01122472
-0.0131759
-0.01976385
-0.0173241
-0.02098372
-0.0131759
-0.0131759
0.004392485
-0.01171174
-0.01561565
-0.01585994
-0.02269217
-0.01293161
0.001708448
-0.001952734
-0.008540683
0
-0.01634851
-0.01634851
0.006832235
-0.01683552
-0.03220844
-0.009760559
-0.01342018
-0.002439751
-0.002439751
0.003659626
-0.002195464
-0.01098043
-0.01342018
-0.007076522
