-0.9816122
-0.9889315
0.009516273
0.007076522
0.007076522
-0.01366447
-0.01366447
-0.01366447
-0.008783413
-0.008540683
-0.008540683
-0.008296397
-0.004148198
-0.008540683
-0.009271986
-0.009516273
-0.0124446
-0.0124446
-0.00341534
-0.003659626
0.002928323
0.006099377
0.006099377
0.009516273
0.003903912
0.0004885725
-0.00561236
-0.005368074
-0.001708448
-0.001708448
-0.0007313028
0.002439751
0.00341534
0.001708448
0.0009755891
-0.004879501
-0.003659626
-0.007563538
-0.008540683
-0.007563538
-0.0007313028
0.006099377
0.006099377
-0.001708448
0.003659626
0.008296397
0.008783413
0.007807824
0.006343663
0.006343663
0.001952734
0.004148198
0.008783413
0.009760559
0.01220031
0.02342347
0.03074428
0.03733223
0.05075242
0.05563192
0.05465633
0.07417589
0.0905244
0.0905244
0.1002834
0.1027247
0.1234641
0.1344446
0.1449364
0.1449364
0.1515244
0.1639674
0.1715325
0.1903208
0.2037394
0.2191123
0.2405846
0.2571759
0.267912
0.2791367
0.3059755
0.3337915
0.3535554
0.3535554
0.3699039
0.3923517
0.4233403
0.4675048
0.4823876
0.4911725
0.4911725
0.4931237
0.5084966
0.5023957
0.4919038
0.4916596
0.5041041
0.4872686
0.4860487
0.4977605
0.5006872
0.4989803
0.5058126
0.5058126
0.5065439
0.5060553
0.5102035
0.5121562
0.499956
0.4875113
0.4875113
0.4704315
0.4567686
0.429684
0.4079674
0.3938159
0.3784445
0.3784445
0.3406237
0.3128078
0.2762084
0.2371677
0.2064234
0.1739723
0.143228
0.1334674
0.1215114
0.1090684
0.07832409
0.07271173
0.07271173
0.06051142
0.04270031
0.02195931
0.01878826
0.005856646
-0.008783413
-0.02513192
-0.04245602
-0.05563192
-0.0739316
-0.08759607
-0.1161433
-0.124684
-0.1290765
-0.1278566
-0.1329804
-0.1310277
-0.1278566
-0.1324918
-0.1293192
-0.1293192
-0.1105325
-0.1185846
-0.09540389
-0.09296415
-0.08051955
-0.07661564
-0.07783552
-0.08247229
-0.07881266
-0.08051955
-0.08418074
-0.08003253
-0.07832409
-0.07832409
-0.06465962
-0.06587949
-0.0600244
-0.05392347
-0.06270844
-0.06270844
-0.07076055
-0.07246744
-0.07173613
-0.06099999
-0.05538763
-0.05612049
-0.05612049
-0.04733552
-0.04879968
-0.04757981
-0.04831266
-0.04928825
-0.04977527
-0.04733552
-0.07002769
-0.05441204
-0.04392018
-0.06831924
-0.05831595
-0.04928825
-0.04928825
-0.04855539
-0.04221173
-0.05075242
-0.03611235
-0.0649039
-0.05343645
-0.05343645
-0.082228
-0.07905539
-0.0263518
-0.01488435
-0.03855211
-0.05026384
-0.06295273
-0.04489577
-0.03684366
-0.04782409
