-0.9779526
-0.9950324
0.006832235
0.007076522
0.006587949
0.01781267
0.01903255
0.01390876
0.01659124
0.01659124
0.02098372
0.01756838
0.01342018
0.01537136
0.009760559
0.01000329
0.01098043
0.01464006
0.01171174
0.009271986
0.01049186
0.006099377
0.009271986
0.006587949
0.005123788
0.005123788
0.005123788
0.007319252
0.01195602
0.01049186
0.0124446
0.01024758
0.008783413
0.01220031
0.01488435
0.01293161
0.01366447
0.0090277
0.005368074
0.005368074
-0.002684037
-0.007563538
-0.007563538
-0.02122801
-0.02830453
-0.0336726
-0.0336726
-0.03196416
-0.03001142
-0.01512863
-0.004879501
0.005856646
0.0180554
0.0180554
0.06270844
0.08344787
0.1088241
0.1383485
0.1678713
0.2049593
0.2357036
0.2630325
0.2820635
0.3037801
0.3374527
0.3628273
0.3628273
0.3813713
0.3908876
0.4050406
0.4152882
0.420412
0.413824
0.413824
0.4909282
0.5324087
0.5531481
0.5668126
0.5863321
0.5973126
0.5973126
0.5987768
0.6029234
0.6056074
0.5956041
0.5716921
0.5604674
0.5604674
0.5604674
0.5438761
0.5084966
0.4909282
0.4672605
0.4672605
0.4584755
0.4433484
0.4318794
0.4365162
0.4269999
0.4033322
0.3791758
0.3450162
0.3025602
0.2662036
0.2405846
0.1930033
0.1637247
0.1637247
0.1417638
0.1202915
0.08857166
0.06587949
0.05831595
0.05270359
0.05270359
0.03586807
0.008296397
0.006587949
0.005123788
-0.009516273
-0.03977198
-0.06051142
-0.07954396
-0.06758794
-0.08979154
-0.1054087
-0.1149235
-0.1149235
-0.1193159
-0.1322476
-0.1295635
-0.131272
-0.1202915
-0.0946726
-0.0946726
-0.08271657
-0.1161433
-0.1115081
-0.0871075
-0.07685993
-0.09735663
-0.1093127
-0.09711234
-0.08076384
-0.07271173
-0.0607557
-0.05953583
-0.07564005
-0.0641726
-0.04904397
-0.05782738
-0.06368402
-0.04733552
-0.02879155
-0.0336726
-0.0336726
-0.04123614
-0.04928825
-0.02488763
-0.04123614
-0.04392018
-0.03586807
-0.03586807
-0.04270031
-0.02830453
-0.01415149
-0.02244788
-0.03489248
-0.03489248
-0.02879155
-0.03196416
-0.04977527
-0.05416775
-0.02684037
-0.004148198
-0.004148198
-0.004148198
-0.01610422
-0.06197558
-0.06051142
-0.05197229
-0.05197229
