0.04172472
0.03830782
0.03269546
0.03269546
0.0336726
0.03513677
0.04245602
0.04587136
0.03855211
0.03977198
0.03391533
0.03147558
0.03513677
0.03879639
0.03855211
0.0353795
0.02781596
0.03025571
0.03025571
0.03001142
0.02732738
0.01878826
0.02049671
0.02440062
0.02440062
0.02073944
0.02488763
0.03220844
0.03440391
0.02806024
0.02488763
0.02171658
0.01464006
0.01585994
0.0124446
0.01464006
0.01464006
0.03513677
0.04611564
0.04611564
0.06221987
0.06758794
0.08320359
0.07685993
0.07295601
0.07295601
0.06954067
0.06514819
0.06392831
0.05758465
0.06026869
0.05538763
0.05538763
0.05270359
0.05026384
0.05368074
0.06124428
0.07344458
0.09613676
0.09613676
0.08930452
0.0946726
0.09101141
0.07027198
0.0739316
0.0739316
0.09345272
0.1115081
0.1176075
0.1063843
0.09881923
0.09223129
0.09223129
0.08613191
0.08125241
0.07637135
0.07466446
0.07246744
0.0773485
0.0773485
0.08003253
0.08027527
0.08442346
0.0863762
0.09808794
0.09808794
0.1024804
0.1185846
0.1363958
0.1620162
0.1739723
0.1895879
0.2095961
0.2095961
0.2276514
0.2388762
0.2537605
0.2644967
0.2735244
0.2906042
0.3023159
0.3110993
0.3267165
0.3464804
0.3696596
0.3816156
0.3816156
0.4035765
0.4279755
0.4709201
0.4953207
0.5189885
0.5338713
0.5338713
0.5514396
0.5658354
0.5702279
0.5775487
0.5707165
0.5641285
0.5592475
0.5658354
0.5719364
0.5963354
0.6026806
0.6268354
0.6268354
0.6439168
0.6414755
0.6153679
0.5314316
0.4962963
0.4584755
0.4584755
0.4201677
0.3760048
0.3506286
0.326228
0.3125635
0.2981677
0.2791367
0.2574202
0.2420488
0.2300928
0.2074006
0.161772
0.161772
0.1349316
0.09906352
0.0697834
0.03781925
-0.02440062
-0.0468485
-0.0468485
-0.06856353
-0.09393974
-0.1561596
-0.1773876
-0.1898322
-0.194956
-0.1732394
-0.1549397
-0.140544
-0.1344446
-0.1210244
-0.1115081
-0.1015033
-0.0912557
-0.07515148
-0.06563676
-0.04757981
-0.02830453
-0.01415149
-0.02122801
-0.02122801
-0.03220844
-0.03855211
-0.03830782
-0.02952441
-0.02928012
-0.02488763
-0.02171658
-0.01683552
-0.01854397
-0.01610422
-0.01366447
-0.01268733
-0.01268733
-0.009271986
-0.009516273
-0.01293161
-0.008783413
0.004879501
-0.003903912
-0.003903912
-0.005123788
-0.007563538
0.002195464
0.0124446
0.02269217
0.04757981
0.04757981
0.03904068
0.03586807
0.03269546
0.04392018
0.04757981
0.05245931
0.05245931
0.08930452
0.09076868
0.07271173
0.02830453
0.01683552
0.01171174
0.01171174
0.01024758
0.0131759
0.001708448
0.004879501
0.007807824
0.009760559
0.009760559
0.01342018
0.01512863
0.009271986
0.01390876
0.06099999
0.06514819
0.08662049
0.06685664
0.03513677
0.0214723
0.01512863
0.01488435
0.01488435
0.00561236
0.004148198
-0.01000329
0.001464162
0.03464819
0.06343974
