-0.9979607
-0.9533077
-0.004148198
-0.004148198
-0.001708448
0.001219875
0.001219875
0.001219875
0.001219875
0.01585994
0.01585994
0.01585994
0.01585994
0.01585994
0.01927527
0.01927527
0.02000813
0.02000813
0.02610751
0.03171987
0.03171987
0.04270031
0.05294788
0.05294788
0.06295273
0.06295273
0.04660422
0.04148043
0.03464819
0.03464819
0.03562378
0.03635664
0.03635664
0.03635664
0.02440062
0.02025242
0.01512863
0.0173241
0.0173241
0.01683552
0.01512863
0.002439751
0.004392485
0.0009755891
0.0009755891
0.003903912
0.004148198
0.002439751
0.005856646
0.005856646
0.01049186
0.01073615
0.02098372
0.02269217
0.0222036
0.01927527
0.01854397
0.01439577
0.01488435
0.01439577
0.01024758
0.009516273
0.0131759
0.0131759
0.01829969
0.02903583
0.05782738
0.1115081
0.1400554
0.1573795
0.1573795
0.1722638
0.1961759
0.2183795
0.2464397
0.2654723
0.2815765
0.2815765
0.3147605
0.3259837
0.3467247
0.3694153
0.3882035
0.4113843
0.4113843
0.4382246
0.4633566
0.4779966
0.4970276
0.4970276
0.5104478
0.5353354
0.5455846
0.5577833
0.5687637
0.5882833
0.5973126
0.5973126
0.5975553
0.5860879
0.5870634
0.5846237
0.5873078
0.5812083
0.5770602
0.5802327
0.5887719
0.6009722
0.6056074
0.5836481
0.5777915
0.5794999
0.5794999
0.5624201
0.545096
0.5214282
0.4911725
0.4733599
0.4733599
0.4362719
0.4184592
0.401868
0.3672198
0.3208599
0.2852361
0.2491238
0.2239918
0.1903208
0.1749479
0.1234641
0.07612862
0.07612862
0.04245602
0.02098372
-0.01610422
-0.04562863
-0.04562863
-0.04806838
-0.04806838
-0.05050813
-0.0607557
-0.06197558
-0.06319545
-0.06734365
-0.07564005
-0.06929639
-0.05270359
-0.05831595
-0.05734036
-0.05978011
-0.06758794
-0.06758794
-0.07076055
-0.06270844
-0.04977527
-0.03781925
-0.03830782
-0.02684037
-0.02684037
-0.03415962
-0.04489577
-0.04001627
-0.02000813
-0.02025242
-0.02610751
-0.04904397
-0.06343974
-0.06295273
-0.03904068
-0.05441204
-0.02684037
-0.02684037
-0.04538434
-0.05465633
-0.04928825
-0.05514335
-0.05807167
-0.05416775
-0.05416775
