0.007319252
-0.00341534
-0.008783413
-0.01024758
-0.005856646
-0.00561236
-0.004148198
-0.0009755891
-0.007563538
-0.01024758
-0.01146745
-0.009271986
-0.009516273
-0.01171174
-0.01146745
-0.00561236
-0.003659626
-0.004636771
-0.01415149
-0.0131759
-0.01024758
-0.01024758
-0.008052111
-0.01171174
-0.007076522
-0.007076522
-0.01268733
-0.01342018
-0.01342018
-0.01707981
-0.01146745
-0.007563538
-0.01415149
-0.03269546
-0.05856024
-0.07783552
-0.0946726
-0.1019918
-0.1068713
-0.1334674
-0.1629918
-0.1805602
-0.1805602
-0.2113045
-0.2496123
-0.3203713
-0.3386725
-0.3613647
-0.3789316
-0.3789316
-0.4030879
-0.4016237
-0.404552
-0.4055276
-0.4150439
-0.4272442
-0.4482279
-0.4787279
-0.5023957
-0.5219153
-0.5855993
-0.5980439
-0.5980439
-0.5943843
-0.5929201
-0.5980439
-0.5934086
-0.5960927
-0.6026806
-0.6026806
-0.6009722
-0.5956041
-0.6009722
-0.5985324
-0.5917002
-0.5794999
-0.5714478
-0.5602247
-0.5363126
-0.5214282
-0.5016644
-0.4797035
-0.4504234
-0.4279755
-0.4167524
-0.401868
-0.3633159
-0.3357442
-0.2974364
-0.2974364
-0.2647394
-0.1964201
-0.1790961
-0.1639674
-0.1412753
-0.1412753
-0.09857651
-0.07295601
-0.05026384
-0.02488763
-0.0009755891
0.01439577
0.01781267
0.01561565
0.02537621
0.02391205
0.02464335
0.03147558
0.04148043
0.04148043
0.04343161
0.05831595
0.08198372
0.07881266
0.04196744
0.05123943
0.05123943
0.05929154
0.06197558
0.05441204
0.06441533
0.05831595
0.04318732
0.02879155
0.02415633
0.02928012
0.03293975
0.02976869
0.03440391
0.03440391
0.03391533
0.03147558
0.02513192
0.01634851
0.01146745
