-0.9667279
-0.9733158
0.009516273
0.005368074
0.01146745
0.0090277
0.0090277
0.005123788
-0.002928323
-0.002928323
-0.002439751
-0.002439751
-0.004148198
-0.0004885725
-0.001219875
-0.003903912
-0.01488435
-0.01488435
-0.01073615
-0.009760559
-0.01683552
-0.02122801
-0.02073944
-0.02073944
-0.01951956
-0.01488435
-0.01829969
-0.02195931
-0.02000813
-0.01464006
-0.01390876
-0.02244788
-0.02366776
-0.0214723
-0.02318074
-0.02659608
-0.02952441
-0.02708466
-0.02708466
-0.02659608
-0.02440062
-0.02244788
-0.02708466
-0.02391205
-0.01488435
0.0002442863
0.006099377
0.006099377
0.0173241
0.0173241
0.02952441
0.04977527
0.06880782
0.08881595
0.1015033
0.1015033
0.1505472
0.1912964
0.2198436
0.2364364
0.222772
0.2154527
0.2195993
0.2269201
0.2571759
0.2801123
0.3357442
0.3681954
0.3681954
0.3877165
0.4177279
0.4511563
0.5062996
0.5448517
0.5514396
0.5514396
0.5555879
0.5592475
0.5458273
0.5328957
0.5153273
0.4989803
0.4792165
0.4579885
0.4365162
0.4269999
0.4479837
0.4821433
0.4965406
0.4965406
0.5048354
0.5160602
0.5302116
0.5431433
0.5538794
0.5509527
0.5509527
0.4989803
0.4811677
0.4521318
0.4035765
0.3635602
0.3259837
0.2871873
0.2544918
0.2208208
0.1888566
0.1349316
0.1293192
0.1293192
0.1166319
0.09857651
0.06709937
0.01439577
0.001708448
0.0009755891
0.0009755891
-0.006099377
-0.05148372
-0.06954067
-0.08686477
-0.1134593
-0.1134593
-0.1446922
-0.1595765
-0.1612834
-0.1656759
-0.173728
-0.1427394
-0.1427394
-0.1171205
-0.1080912
-0.08027527
-0.06612378
-0.08320359
-0.07100328
-0.07100328
-0.03830782
-0.05075242
-0.05294788
-0.05343645
-0.05978011
-0.05636477
-0.05221658
-0.05807167
-0.06563676
-0.06783222
-0.06685664
-0.06758794
-0.05953583
-0.05953583
-0.04879968
-0.05148372
-0.06026869
-0.06734365
-0.06685664
-0.06685664
-0.06270844
-0.05978011
-0.05270359
-0.04635993
-0.04172472
-0.04562863
-0.04562863
-0.06295273
-0.04806838
-0.06124428
-0.04514005
-0.03293975
-0.03171987
-0.03171987
-0.02976869
-0.02757167
-0.03513677
-0.04392018
-0.06685664
-0.06685664
-0.04635993
-0.0395277
-0.04001627
-0.03415962
-0.04099186
-0.03977198
-0.04050328
-0.04050328
-0.05294788
