-0.9728288
-0.9735601
-0.9838077
-0.9835634
-0.9899086
-0.9933239
-0.9886887
-0.9811236
-0.9818565
-0.9808794
-0.9706318
-0.9616041
-0.9659966
-0.9738044
-0.9669721
-0.9659966
-0.9659966
-0.9703875
-0.9781953
-0.9701447
-0.9657522
-0.9674607
-0.9674607
-0.9706318
-0.9701447
-0.9659966
-0.9759998
-0.9803923
-0.9784396
-0.9781953
-0.9733158
-0.9733158
-0.9762442
-0.968192
-0.9637995
-0.9637995
-0.970876
-0.9669721
-0.9657522
-0.9696562
-0.9694119
-0.9616041
-0.9616041
-0.9572116
-0.9430601
-0.9464754
-0.9411073
-0.9491594
-0.9354966
-0.9189038
-0.9210992
-0.9328125
-0.9489167
-0.9401318
-0.9325683
-0.9328125
-0.9328125
-0.9247604
-0.9215878
-0.9179282
-0.9110959
-0.916464
-0.916464
-0.9057279
-0.8962116
-0.9047523
-0.8918207
-0.8852327
-0.88328
-0.8901122
-0.8884038
-0.8945047
-0.8991399
-0.8996285
-0.8986514
-0.8991399
-0.8991399
-0.8923077
-0.8840113
-0.8732767
-0.8649803
-0.8618077
-0.8583924
-0.8583924
-0.8539999
-0.8659559
-0.8744966
-0.8701041
-0.8752279
-0.8903565
-0.8927963
-0.9062164
-0.9169526
-0.9193923
-0.9242718
-0.937692
-0.935008
-0.9340324
-0.9332995
-0.9242718
-0.9113402
-0.9064607
-0.9069477
-0.9198794
-0.9198794
-0.9206122
-0.9332995
-0.9296399
-0.9362279
-0.9423288
-0.9423288
-0.9069477
-0.9120715
-0.9059721
-0.9064607
-0.9157327
-0.9269559
-0.9384233
-0.9472083
-0.9498923
-0.9501366
-0.9489167
-0.9457442
-0.9494038
-0.9494038
-0.9523321
-0.9459884
-0.9511122
-0.9630682
-0.9689233
-0.9689233
-0.9706318
-0.9752685
-0.986736
-0.9896643
-0.9813679
-0.9813679
-0.9794167
-0.9742914
-0.9691676
-0.9745357
-0.9706318
-0.9706318
-0.9808794
-0.9808794
-0.9769754
-0.9716073
-0.9740487
-0.9696562
-0.9689233
-0.9689233
-0.9738044
-0.9799038
-0.9762442
-0.9677035
-0.9786839
-0.9738044
-0.9733158
-0.9667279
-0.9689233
-0.9713646
-0.9598956
-0.9484282
-0.9686806
-0.9686806
-0.9640438
-0.9742914
-0.9830763
-0.9659966
-0.9828321
-0.9903956
-0.9903956
-0.9618484
-0.9559917
-0.9613598
-0.9730715
-0.9752685
-0.9699005
-0.9772197
-0.9686806
-0.9742914
-0.9781953
-0.9794167
-0.9821008
-0.9821008
-0.9906399
-0.970876
-0.9784396
-0.9786839
-0.9750242
-0.9686806
-0.9686806
-0.9750242
-0.9664836
-0.970876
-0.9674607
-0.9728288
-0.9764884
-0.9764884
