-0.01073615
-0.008296397
-0.9620926
-0.9659966
-0.965508
-0.9713646
-0.9613598
-0.9594086
-0.9579445
-0.9513565
-0.9467197
-0.9457442
-0.9511122
-0.9616041
-0.9616041
-0.9623353
-0.9691676
-0.9637995
-0.9711204
-0.9581887
-0.9542832
-0.9598956
-0.9628239
-0.9540405
-0.9633125
-0.9628239
-0.9623353
-0.9623353
-0.9596514
-0.9530634
-0.946964
-0.9581887
-0.9552604
-0.9659966
-0.9659966
-0.9606284
-0.9635568
-0.9616041
-0.9591643
-0.9616041
-0.9667279
-0.9620926
-0.9501366
-0.9513565
-0.9506236
-0.9503794
-0.9398875
-0.9398875
-0.9354966
-0.9415959
-0.9462327
-0.935008
-0.9430601
-0.9352522
-0.9352522
-0.9332995
-0.9345194
-0.9315926
-0.9308598
-0.9198794
-0.9067035
-0.9232963
-0.9006041
-0.9035324
-0.895236
-0.9037767
-0.8923077
-0.8915763
-0.9015797
-0.8959673
-0.9003598
-0.9067035
-0.8888924
-0.8871839
-0.8871839
-0.8691285
-0.8586366
-0.8232556
-0.8174005
-0.8159363
-0.8081285
-0.8081285
-0.843508
-0.8781562
-0.9018239
-0.9110959
-0.9254917
-0.9067035
-0.9067035
-0.9067035
-0.9071921
-0.8986514
-0.9010926
-0.8906008
-0.8906008
-0.9030438
-0.9059721
-0.8981643
-0.9064607
-0.9120715
-0.8998728
-0.8998728
-0.8918207
-0.9018239
-0.895236
-0.9052393
-0.9040194
-0.9152442
-0.916464
-0.9103646
-0.9115845
-0.9225634
-0.9001155
-0.9101204
-0.9054836
-0.8993842
-0.9052393
-0.9052393
-0.9032881
-0.8937718
-0.8954803
-0.8981643
-0.8981643
-0.9008484
-0.9091448
-0.9113402
-0.9340324
-0.95892
-0.9633125
-0.9623353
-0.956236
-0.9518435
-0.9908842
-0.97478
-0.9711204
-0.9711204
-0.9691676
-0.9518435
-0.9552604
-0.9799038
-0.9703875
-0.9694119
-0.9694119
-0.9601399
-0.9679477
-0.9637995
-0.968192
-0.9691676
-0.9596514
-0.9555047
-0.9447685
-0.9703875
-0.94428
-0.94428
-0.946964
-0.946964
-0.9467197
-0.9381806
-0.9120715
-0.9613598
-0.9911284
-0.9911284
-0.9777083
-0.9755128
-0.9784396
-0.9608728
-0.9520878
-0.9535519
-0.9596514
-0.9574559
-0.9735601
-0.9337881
-0.9513565
-0.9650194
-0.94428
-0.9425715
-0.9755128
-0.9808794
-0.9921041
-0.9811236
-0.9662408
-0.9847832
-0.9847832
-0.9755128
-0.9730715
-0.9694119
-0.9586757
-0.9542832
-0.9594086
