0.04221173
0.0002442863
-0.9542832
-0.9772197
-0.9879559
-0.9757556
-0.9757556
-0.9813679
-0.9877115
-0.9877115
-0.9940552
-0.9940552
-0.9945438
-0.9882001
-0.9884444
-1.0004
-0.9840519
-0.9840519
-0.9821008
-0.9877115
-0.9818565
-0.9784396
-0.9674607
-0.9674607
-0.9677035
-0.9762442
-0.9652637
-0.9691676
-0.9689233
-0.9840519
-0.980148
-0.9794167
-0.9811236
-0.9921041
-0.9925926
-0.9945438
-0.9984477
-0.9889315
-0.9889315
-0.9847832
-0.9967393
-1.001865
-0.9984477
-1.015041
-1.003572
-1.0004
-0.9862474
-0.9862474
-0.9889315
-0.9889315
-0.9877115
-0.9755128
-0.9777083
-0.9716073
-0.9757556
-0.9757556
-0.9516008
-0.9196366
-0.9196366
-0.9386676
-0.9540405
-0.9459884
-0.9367164
-0.9103646
-0.9032881
-0.8964559
-0.8825487
-0.8805959
-0.8805959
-0.8635162
-0.8698598
-0.8657116
-0.8530242
-0.8539999
-0.8408239
-0.8408239
-0.8442393
-0.8520487
-0.843508
-0.8454607
-0.8569282
-0.8491204
-0.8461921
-0.8669315
-0.8918207
-0.8776676
-0.855464
-0.8649803
-0.8713239
-0.8713239
-0.8615634
-0.8754721
-0.8954803
-0.8962116
-0.8871839
-0.8918207
-0.8918207
-0.8964559
-0.8849884
-0.8764477
-0.8791318
-0.8730324
-0.8683956
-0.8732767
-0.8967001
-0.9152442
-0.9091448
-0.9457442
-0.9464754
-0.9464754
-0.9335438
-0.9637995
-0.9484282
-0.9620926
-0.9852718
-0.9613598
-0.9613598
-0.956236
-0.9464754
-0.949648
-0.998692
-0.9945438
-0.9945438
-0.9940552
-0.9947881
-1.018212
-0.9957637
-0.9767327
-0.9833207
-0.9833207
-1.031632
-0.9857604
-0.9869803
-0.9996676
-0.9955194
-0.9918598
-0.9918598
-1.00528
-0.9901513
-0.986736
-0.9979607
-1.00894
-0.9882001
-0.9991806
-0.9896643
-0.9891757
-0.9745357
-0.9835634
-0.9972278
-0.9933239
-0.9933239
-1.001376
-0.9850276
-0.9728288
-0.9903956
-0.9860047
-0.9860047
-0.9903956
-0.9796594
-0.9725845
-0.9940552
-0.9923484
-0.9972278
-0.9972278
-0.9742914
-0.9806366
-0.9913728
-1.004549
-0.9999119
-1.005524
-1.005524
-1.026508
-1.005769
-1.003329
-0.977464
-0.9703875
-0.9703875
-0.9916155
-0.9769754
-0.9913728
-0.9918598
-0.9950324
-1.0004
-0.9918598
-0.9918598
-0.9950324
