-0.03415962
-0.02122801
-0.9533077
-0.9616041
-0.9647767
-0.9606284
-0.9635568
-0.9755128
-0.9672164
-0.9537963
-0.9501366
-0.9501366
-0.9547718
-0.9498923
-0.9523321
-0.9598956
-0.9552604
-0.9564803
-0.9803923
-0.9733158
-0.965508
-0.9821008
-0.9821008
-0.980148
-0.9759998
-0.9794167
-0.9723402
-0.9701447
-0.9720959
-0.9667279
-0.9611155
-0.9662408
-0.9630682
-0.9716073
-0.9672164
-0.9796594
-0.9672164
-0.9608728
-0.9735601
-0.9699005
-0.9616041
-0.9659966
-0.9659966
-0.9637995
-0.9608728
-0.9645324
-0.9696562
-0.9738044
-0.9669721
-0.9735601
-0.9699005
-0.9699005
-0.9784396
-0.9816122
-0.9694119
-0.9733158
-0.9769754
-0.9740487
-0.9640438
-0.9808794
-0.9889315
-0.9713646
-0.9791725
-0.9791725
-0.9777083
-0.9767327
-0.9557474
-0.9557474
-0.9530634
-0.9545276
-0.9545276
-0.9586757
-0.9367164
-0.9394005
-0.9364721
-0.9274445
-0.9308598
-0.9269559
-0.9210992
-0.9123158
-0.8903565
-0.9013354
-0.8993842
-0.8903565
-0.8862083
-0.8954803
-0.8823044
-0.8559526
-0.8657116
-0.8679086
-0.8679086
-0.8557083
-0.855464
-0.8696155
-0.8605878
-0.8449721
-0.8569282
-0.8569282
-0.8396041
-0.8413125
-0.8322833
-0.8400927
-0.8347246
-0.8396041
-0.8400927
-0.8393598
-0.8439966
-0.8469234
-0.8552197
-0.8579038
-0.8579038
-0.8376514
-0.8493646
-0.8544884
-0.8640047
-0.8574167
-0.8657116
-0.8657116
-0.8744966
-0.8918207
-0.9018239
-0.9052393
-0.9193923
-0.9306155
-0.9171953
-0.9123158
-0.9259803
-0.9440357
-0.9308598
-0.9674607
-0.9796594
-0.9796594
-0.9838077
-0.9950324
-0.9662408
-0.9674607
-0.9850276
-0.9891757
-0.9891757
-0.9759998
-0.9781953
-0.9835634
-0.9789281
-0.9752685
-0.9569673
-0.9542832
-0.9657522
-0.9537963
-0.9647767
-0.9686806
-0.9818565
-0.9818565
-0.968192
-0.9689233
-0.9625797
-0.9706318
-0.9745357
-0.9694119
-0.9764884
-0.9764884
-0.9911284
-0.9906399
-0.9757556
-0.9703875
-0.9896643
-0.9808794
-0.9533077
-0.9659966
-0.9842963
-1.003085
-0.9764884
-0.9764884
-0.9942995
-0.9921041
-0.9755128
-0.9789281
-0.98942
-0.9791725
-0.9725845
-0.9725845
-0.9794167
-0.9784396
-0.9720959
-0.9591643
-0.9769754
-0.9869803
-0.9789281
-0.97478
-0.9779526
-0.9821008
-0.9860047
-0.9806366
-0.9808794
-0.9691676
-0.9901513
-0.9750242
-0.9694119
-0.9752685
-0.9784396
-0.9784396
-0.97478
-0.9781953
-0.97478
