-0.01342018
-0.02464335
-0.977464
-0.9630682
-0.965508
-0.9755128
-0.9723402
-0.9706318
-0.9716073
-0.9716073
-0.977464
-0.9764884
-0.9757556
-0.9789281
-0.9694119
-0.9728288
-0.9759998
-0.9808794
-0.9781953
-0.9738044
-0.9808794
-0.9738044
-0.9821008
-0.9845405
-0.9725845
-0.9677035
-0.9677035
-0.9752685
-0.9781953
-0.9674607
-0.9762442
-0.970876
-0.9662408
-0.9752685
-0.9752685
-0.9796594
-0.9835634
-0.9828321
-0.9816122
-0.9816122
-0.9811236
-0.9833207
-0.9860047
-0.9886887
-0.98942
-0.9852718
-0.9852718
-0.9874673
-0.9923484
-0.9828321
-0.9779526
-0.9828321
-0.9803923
-0.9803923
-0.9752685
-0.9679477
-0.9677035
-0.9611155
-0.9308598
-0.9296399
-0.9286643
-0.9262246
-0.9245161
-0.8986514
-0.8923077
-0.8771806
-0.8771806
-0.8425324
-0.8569282
-0.8493646
-0.8347246
-0.8354559
-0.8232556
-0.8232556
-0.8335047
-0.8347246
-0.8403354
-0.8376514
-0.834236
-0.8357002
-0.8357002
-0.8393598
-0.8454607
-0.8537556
-0.8476562
-0.8447279
-0.8449721
-0.8449721
-0.8347246
-0.8317963
-0.8539999
-0.8542442
-0.8649803
-0.8649803
-0.8644917
-0.8805959
-0.8762035
-0.8635162
-0.855464
-0.864736
-0.8713239
-0.8915763
-0.8964559
-0.8920634
-0.8986514
-0.9135357
-0.9342767
-0.9342767
-0.9335438
-0.9464754
-0.949648
-0.9511122
-0.9559917
-0.9528207
-0.9528207
-0.9391562
-0.9440357
-0.9401318
-0.9389119
-0.9267116
-0.9498923
-0.9623353
-0.9486725
-0.9279315
-0.9293956
-0.9547718
-0.9572116
-0.9572116
-0.9684363
-0.9716073
-0.9860047
-0.9896643
-0.968192
-0.9896643
-0.9896643
-0.9977164
-0.9725845
-0.9738044
-0.9686806
-0.9557474
-0.9445242
-0.9550161
-0.9613598
-0.9979607
-0.965508
-0.9581887
-0.956236
-0.9435487
-0.9667279
-0.9818565
-0.977464
-0.9640438
-0.9718516
-0.9977164
-0.9684363
-0.9684363
-0.9752685
-0.9940552
-0.9584315
-0.9689233
-0.9928353
-0.98942
-0.9645324
-0.9784396
-0.9725845
-0.9913728
-0.9630682
-0.9962522
-0.9962522
-0.9835634
-1.022848
-0.9757556
-0.9725845
-1.019676
-0.9933239
-0.9933239
-0.9811236
-0.986736
-0.9869803
-0.9882001
-0.9772197
-0.9752685
