-0.9964966
-0.9777083
-0.9891757
-0.9847832
-0.9757556
-0.9830763
-0.9816122
-0.9803923
-0.9735601
-0.9808794
-0.9821008
-0.9781953
-0.9764884
-0.9764884
-0.9742914
-0.9674607
-0.9750242
-0.9701447
-0.9723402
-0.9684363
-0.9684363
-0.9781953
-0.9728288
-0.977464
-0.9757556
-0.9838077
-0.9791725
-0.9818565
-0.9779526
-0.9852718
-0.9755128
-0.9769754
-0.9752685
-0.9752685
-0.9777083
-0.9803923
-0.9779526
-0.9686806
-0.9584315
-0.9669721
-0.9669721
-0.9703875
-0.9733158
-0.9757556
-0.9713646
-0.9645324
-0.9596514
-0.9525763
-0.9462327
-0.9450113
-0.9445242
-0.9357393
-0.9147556
-0.9147556
-0.9342767
-0.9476953
-0.9476953
-0.9289086
-0.9213435
-0.9213435
-0.9433044
-0.9215878
-0.9145113
-0.9096318
-0.9020683
-0.8967001
-0.8991399
-0.9010926
-0.9027995
-0.9018239
-0.8879167
-0.8849884
-0.8842556
-0.89792
-0.89792
-0.892552
-0.9020683
-0.9154884
-0.9308598
-0.9242718
-0.9223207
-0.9223207
-0.9311041
-0.9167083
-0.9169526
-0.9123158
-0.9193923
-0.9196366
-0.9169526
-0.9147556
-0.9110959
-0.9340324
-0.9467197
-0.9464754
-0.9440357
-0.9313484
-0.9506236
-0.9535519
-0.9413517
-0.9406204
-0.9291514
-0.9291514
-0.9062164
-0.9047523
-0.9357393
-0.9420845
-0.946964
-0.946964
-0.946964
-0.9206122
-0.9169526
-0.9274445
-0.9264688
-0.9279315
-0.9091448
-0.9128044
-0.925736
-0.9228077
-0.9186594
-0.9445242
-0.9396448
-0.9396448
-0.9408646
-0.9620926
-0.9379363
-0.9559917
-0.9345194
-0.9430601
-0.9777083
-0.980148
-0.9596514
-0.9923484
-0.9938125
-0.9877115
-0.9762442
-0.9906399
-0.98942
-0.9845405
-0.9750242
-0.9864917
-0.9716073
-0.9764884
-0.9764884
-0.9664836
-0.9684363
-0.9616041
-0.9516008
-0.9625797
-0.9603842
-0.9603842
-0.9630682
-0.9669721
-0.9882001
-0.9784396
-0.9830763
-0.9733158
-0.9762442
-0.9789281
-0.9767327
-0.970876
-0.9677035
-0.9677035
-0.970876
-0.9757556
-0.9777083
-0.9662408
-0.9713646
-0.9689233
-0.9686806
-0.9686806
-0.9650194
-0.9745357
-0.9647767
-0.97478
-0.965508
-0.965508
-0.9557474
-0.9498923
-0.9728288
-0.9506236
-0.9452556
-0.9611155
-0.9611155
-0.9786839
-0.9642881
-0.9906399
-0.9862474
-0.9903956
-0.9828321
-0.9828321
-0.9716073
-0.9874673
-0.9901513
-0.9838077
-0.9569673
-0.980148
-0.9813679
-0.9779526
-0.9616041
-0.9701447
-0.9735601
-0.9723402
-0.9711204
