-0.00341534
-0.01464006
-0.9764884
-0.9862474
-0.9862474
-0.9750242
-0.9750242
-0.9750242
-0.9825878
-0.9664836
-0.9664836
-0.9742914
-0.97478
-0.9745357
-0.9735601
-0.9825878
-0.9728288
-0.9728288
-0.9799038
-0.9720959
-0.9723402
-0.9784396
-0.9784396
-0.9789281
-0.9669721
-0.9786839
-0.9762442
-0.9711204
-0.9789281
-0.9789281
-0.9779526
-0.9752685
-0.9833207
-0.9808794
-0.9830763
-0.9786839
-0.9857604
-0.9823435
-0.9742914
-0.9711204
-0.9833207
-0.9706318
-0.9706318
-0.9718516
-0.9786839
-0.9750242
-0.9813679
-0.9752685
-0.9806366
-0.9806366
-0.9874673
-0.9991806
-1.000156
-0.9974721
-0.9825878
-0.986736
-0.9908842
-0.9796594
-0.9674607
-0.9689233
-0.9650194
-0.9616041
-0.9584315
-0.9584315
-0.9516008
-0.9525763
-0.9506236
-0.9569673
-0.9523321
-0.9523321
-0.9447685
-0.9359836
-0.9301285
-0.9247604
-0.9203679
-0.9113402
-0.9057279
-0.8940161
-0.8976758
-0.9006041
-0.8923077
-0.8679086
-0.8754721
-0.8754721
-0.8701041
-0.8701041
-0.8669315
-0.8625405
-0.8518044
-0.8608321
-0.8608321
-0.8571725
-0.855464
-0.8608321
-0.8552197
-0.8520487
-0.8444836
-0.8486318
-0.8652246
-0.8698598
-0.8713239
-0.8708354
-0.8644917
-0.8644917
-0.8625405
-0.8696155
-0.8657116
-0.8479005
-0.8679086
-0.8610764
-0.8610764
-0.8730324
-0.8686399
-0.8793761
-0.8676643
-0.8640047
-0.8696155
-0.8696155
-0.8593679
-0.8627848
-0.8605878
-0.8827914
-0.909876
-0.9215878
-0.9311041
-0.9523321
-0.9630682
-0.9738044
-0.9825878
-0.9838077
-0.9838077
-0.9742914
-0.9799038
-0.9833207
-0.9699005
-0.9581887
-0.9735601
-0.9567246
-0.9484282
-0.9613598
-0.9586757
-0.9625797
-0.9596514
-0.9508679
-0.9637995
-0.9720959
-1.008208
-0.9745357
-0.970876
-0.9633125
-0.9777083
-0.9777083
-0.9925926
-0.9591643
-0.9723402
-0.9637995
-0.9889315
-0.977464
-0.9781953
-0.9728288
-0.9633125
-0.9713646
-0.965508
-0.9928353
-0.977464
-0.977464
-0.9772197
-0.9567246
-0.9879559
-0.9860047
-0.9786839
-0.9786839
-0.9635568
-0.9628239
-0.9835634
-0.9679477
-1.002596
-0.977464
-0.977464
-0.9850276
-0.9759998
-0.9855161
-0.9642881
-0.9772197
-0.9989363
-0.9845405
-0.9650194
-0.9586757
-0.9613598
-0.9547718
-0.986736
-0.9738044
-0.9738044
-0.9840519
-0.9813679
-0.9972278
-1.024799
-0.980148
-0.9940552
-0.9940552
-0.9674607
-0.9528207
-0.9869803
-0.9840519
-0.9674607
-0.97478
-0.968192
-0.9862474
-0.9730715
-0.9781953
