-0.98942
-0.9730715
-0.9742914
-0.9755128
-0.9767327
-0.9759998
-0.9813679
-0.9779526
-0.9772197
-0.9772197
-0.9706318
-0.97478
-0.9703875
-0.9728288
-0.9620926
-0.9620926
-0.9601399
-0.9730715
-0.9781953
-0.9672164
-0.9779526
-0.9740487
-0.9757556
-0.9855161
-0.9733158
-0.9730715
-0.9769754
-0.9791725
-0.9791725
-0.9738044
-0.9689233
-0.9769754
-0.970876
-0.9711204
-0.968192
-0.968192
-0.9711204
-0.9650194
-0.956236
-0.9559917
-0.9528207
-0.9452556
-0.9394005
-0.9220763
-0.9269559
-0.9296399
-0.9223207
-0.9359836
-0.9359836
-0.9279315
-0.9374477
-0.9306155
-0.9135357
-0.8959673
-0.8803517
-0.8803517
-0.8705927
-0.8657116
-0.8618077
-0.8691285
-0.8759607
-0.8759607
-0.8644917
-0.8720552
-0.8691285
-0.8671758
-0.8776676
-0.88328
-0.8779119
-0.8698598
-0.8698598
-0.8754721
-0.8676643
-0.8720552
-0.8803517
-0.8735194
-0.8735194
-0.8766921
-0.8749836
-0.8805959
-0.8532686
-0.8530242
-0.8510715
-0.8510715
-0.91378
-0.9254917
-0.9445242
-0.9476953
-0.9318354
-0.9174396
-0.9174396
-0.916464
-0.9245161
-0.9220763
-0.9208565
-0.9274445
-0.9274445
-0.9425715
-0.9296399
-0.9186594
-0.9313484
-0.9303728
-0.9228077
-0.9228077
-0.9120715
-0.9079233
-0.9179282
-0.9240276
-0.9079233
-0.9091448
-0.9179282
-0.9235405
-0.9311041
-0.9311041
-0.9472083
-0.9847832
-0.9847832
-0.9511122
-0.9742914
-0.9799038
-0.9574559
-0.9596514
-0.9864917
-0.9864917
-0.9996676
-0.9669721
-0.9740487
-0.9733158
-0.9906399
-0.9686806
-0.9821008
-0.9759998
-0.9508679
-0.9540405
-0.9847832
-0.9720959
-0.9791725
-0.9791725
-0.9735601
-0.95892
-0.9689233
-0.9769754
-0.9701447
-0.9833207
-0.9833207
-0.9799038
-0.9718516
-0.9577001
-0.9574559
-0.968192
-0.9716073
-0.9842963
-0.9696562
-0.9608728
-0.9821008
-0.9667279
-0.9779526
-0.9540405
-0.9540405
-0.9628239
-0.9523321
-0.9759998
-0.9738044
-0.9699005
-0.9699005
-0.9777083
-0.9486725
-0.9686806
-0.9703875
-0.9594086
-0.968192
-0.9718516
-0.965508
-0.9620926
-0.9728288
-0.9713646
