0.1793403
0.188368
0.19764
0.1827557
0.2027638
0.2052036
0.2076433
0.2022752
0.1930033
0.1930033
0.1952003
0.2027638
0.1954446
0.1903208
0.1966644
0.1966644
0.2005683
0.2015439
0.1934918
0.1983713
0.194956
0.1934918
0.1998355
0.1864153
0.1956873
0.1991042
0.1947117
0.1903208
0.1903208
0.1827557
0.2135
0.2086205
0.1864153
0.194956
0.2008126
0.2008126
0.1925162
0.1961759
0.2125244
0.1954446
0.1959316
0.1800717
0.1781205
0.2030081
0.1969087
0.1803159
0.1878795
0.1998355
0.1998355
0.2047165
0.1895879
0.1954446
0.1781205
0.1822687
0.1717753
0.1717753
0.164456
0.1822687
0.1917834
0.1798274
0.1795846
0.1837313
0.1908078
0.1912964
0.1866596
0.1742166
0.1700684
0.1832443
0.194956
0.2000798
0.2000798
0.2054479
0.1673843
0.1693355
0.1625033
0.1678713
0.1678713
0.1778762
0.1886123
0.1969087
0.2286286
0.2335081
0.1886123
0.1886123
0.1473762
0.1942247
0.1812915
0.1781205
0.1698241
0.1734837
0.1734837
0.1820244
0.1944674
0.2108159
0.2193566
0.2103274
0.2103274
0.2232605
0.246684
0.2288713
0.2208208
0.2503436
0.2605928
0.2605928
0.2437557
0.2547361
0.2471726
0.2303355
0.2449756
0.2774283
0.2527834
0.2366807
0.2857247
0.2769397
0.218868
0.2361921
0.2361921
0.2845033
0.2827964
0.2862117
0.2322882
0.2452198
0.2457084
0.2457084
0.2764527
0.2405846
0.2244804
0.2108159
0.2235032
0.2203322
0.2332638
0.2115488
0.2325325
0.2305798
0.2032524
0.2337524
0.2442442
0.2442442
0.2369234
0.2522964
0.2103274
0.2422915
0.2371677
0.1966644
0.1966644
0.2059364
0.1917834
0.1900765
0.2171596
0.2083762
0.2098403
0.2122801
0.2315554
0.2159397
0.2076433
0.2059364
0.2137443
0.2562003
0.2562003
0.2391205
0.2476596
0.2630325
0.2520521
0.2366807
0.2366807
0.2191123
0.2066677
0.2257003
0.2723045
0.265228
0.2171596
0.2288713
0.2388762
0.2425358
0.2505879
0.2435114
