0.1781205
0.1759235
0.1734837
0.176412
0.1844641
0.1915407
0.1944674
0.1886123
0.1903208
0.1917834
0.1849527
0.1920277
0.1915407
0.1915407
0.1942247
0.1981286
0.1912964
0.1890993
0.192272
0.1925162
0.1925162
0.1886123
0.1869039
0.1888566
0.1783648
0.1798274
0.1817801
0.1832443
0.1878795
0.1847084
0.1932475
0.1859283
0.1844641
0.1844641
0.1820244
0.1869039
0.1795846
0.1712882
0.1793403
0.1839756
0.1839756
0.1795846
0.2149641
0.2191123
0.2152084
0.206912
0.2086205
0.2054479
0.2061807
0.1849527
0.1634804
0.1664087
0.1776319
0.1776319
0.1908078
0.1707997
0.143228
0.1637247
0.1754364
0.1754364
0.1478648
0.1493274
0.1573795
0.1642117
0.164456
0.143228
0.133956
0.1424967
0.1488404
0.1383485
0.1290765
0.1315162
0.1200472
0.103456
0.103456
0.1180961
0.1224886
0.1232199
0.1149235
0.1141922
0.1195602
0.1195602
0.1095554
0.1171205
0.115412
0.1137036
0.1115081
0.1305407
0.1349316
0.1302964
0.112728
0.1015033
0.1000407
0.1137036
0.1185846
0.1205358
0.1212687
0.1193159
0.1654316
0.1478648
0.1442036
0.1442036
0.1656759
0.1810472
0.1742166
0.1707997
0.1783648
0.1783648
0.1783648
0.1878795
0.2274087
0.2354593
0.2152084
0.2017882
0.2154527
0.22814
0.2386319
0.2469283
0.2591286
0.218868
0.2252117
0.2252117
0.2203322
0.2200879
0.2430244
0.2303355
0.2296042
0.2693762
0.2361921
0.2200879
0.2195993
0.2152084
0.2217964
0.2498566
0.2713273
0.2557117
0.2500993
0.2315554
0.2027638
0.1908078
0.2322882
0.2217964
0.2217964
0.2244804
0.2183795
0.2198436
0.2098403
0.2261873
0.2322882
0.2322882
0.2337524
0.2205765
0.2071563
0.2098403
0.2325325
0.2266759
0.2303355
0.222772
0.2137443
0.2220407
0.2137443
0.2137443
0.2264316
0.2166726
0.2303355
0.2464397
0.2479039
0.2479039
0.2322882
0.2322882
0.2269201
0.2195993
0.2305798
0.218868
0.2259446
0.2259446
0.2505879
0.2310683
0.2564445
0.2576644
0.2442442
0.2020325
0.2020325
0.1847084
0.2425358
0.240096
0.1969087
0.1847084
0.1905635
0.1905635
0.2479039
0.2376563
0.2300928
0.2425358
0.2135
0.1988599
0.2169153
0.2276514
0.2283843
0.2195993
0.2174039
0.2249674
0.2186238
