0.1629918
0.1915407
0.09442831
0.09442831
0.04928825
0.04928825
0.03806353
-0.0090277
-0.0090277
0.004636771
0.04026055
0.04367589
0.03001142
0.05758465
0.09906352
0.09491532
0.051728
0.04514005
0.0558762
0.06295273
0.03659937
0.09564818
0.09564818
0.1002834
0.1073599
0.09881923
0.06197558
0.04294459
0.04294459
0.04294459
0.0353795
0.06173129
0.0607557
0.0690521
0.0690521
0.082228
0.05001955
0.07588433
0.07832409
0.05026384
0.02610751
0.02122801
0.009760559
-0.01024758
-0.02391205
-0.01951956
-0.02513192
-0.01171174
-0.02976869
-0.02976869
-0.08051955
-0.1464006
-0.1276123
-0.09564818
-0.08125241
-0.08125241
-0.04733552
-0.01293161
-0.05392347
-0.1022361
-0.1261482
-0.1659202
-0.1686042
-0.2195993
-0.2940195
-0.2925554
-0.3135406
-0.3506286
-0.2927997
-0.2927997
-0.2383876
-0.218868
-0.2178925
-0.2125244
-0.204228
-0.2144756
-0.2144756
-0.2064234
-0.1956873
-0.1732394
-0.1654316
-0.1027247
-0.02952441
0.03293975
0.05514335
0.09101141
0.1349316
0.1456677
0.09028011
0.09028011
0.09857651
0.0905244
0.115412
0.2103274
0.3062198
0.3574592
0.3574592
0.2735244
0.2840162
0.2030081
0.1168762
0.02269217
-0.02049671
-0.002439751
-0.008296397
0.01415149
0.06270844
0.09515961
0.2010554
0.1668957
0.1668957
0.1512801
0.1381042
0.0509967
0.03342832
0.0336726
0.0336726
0.02586322
0.03318403
0.03147558
0.007319252
-0.01146745
-0.009271986
0.02903583
0.06661235
0.09223129
0.09686806
0.1095554
0.1427394
0.1585993
0.1627475
0.1417638
0.09393974
0.0641726
0.1356644
0.1451807
0.1119967
0.1119967
0.07051627
0.05294788
0.07442018
0.09589247
0.112728
0.112728
0.1280994
0.1159006
0.1115081
0.1022361
0.03635664
0.2061807
0.2061807
0.2581514
0.2083762
0.1346873
0.08588763
0.07978825
0.1005277
0.1005277
0.1212687
0.1705554
0.2662036
0.2452198
0.185684
0.1612834
0.1612834
0.07856838
0.05856024
0.1334674
0.192272
0.1710439
0.1241954
0.192272
0.2017882
0.1573795
0.1771433
0.183
0.1769006
0.1822687
0.1822687
0.1651873
0.2005683
0.2210635
0.2252117
0.2876759
0.2876759
0.246684
0.2266759
0.1766563
0.1422524
0.1959316
0.2557117
0.25864
0.2300928
0.1866596
0.1305407
0.1912964
0.3611204
0.2896286
0.2896286
0.2657166
0.2486367
0.2252117
0.2608355
0.2686433
0.2540033
0.2540033
0.1815358
0.1490846
0.1493274
0.1442036
0.1207801
0.1190717
0.1693355
0.2027638
0.2027638
0.2052036
0.2117915
0.1961759
0.1961759
0.1973957
0.2047165
0.176412
0.1585993
0.2095961
0.2235032
0.2235032
0.2442442
0.2010554
0.2152084
0.2532719
0.2725488
0.2557117
0.2164283
0.2108159
0.2078876
0.2066677
0.1932475
0.2537605
0.2537605
0.2410716
0.2108159
0.2286286
0.2644967
0.2271644
0.1886123
0.1839756
0.1839756
0.1803159
0.1903208
0.1688485
0.1676286
0.1664087
0.1756807
0.1827557
0.1827557
0.1827557
0.1898322
0.2027638
0.1834885
0.1817801
0.1917834
0.2239918
0.2247247
0.2701075
0.2608355
0.2608355
0.2325325
0.2503436
0.2337524
0.218868
0.2449756
0.2659593
0.2659593
0.2793795
0.2801123
0.3079283
0.3150032
0.3079283
0.2813322
0.2727915
0.2674234
0.2647394
0.2379006
0.2242361
0.2059364
0.1866596
0.1866596
0.1822687
0.1815358
0.1939804
0.2083762
0.1839756
0.1956873
0.1956873
0.2056921
0.2130114
0.2247247
0.2230162
0.2398518
0.2479039
0.2515635
0.2562003
0.2640081
0.2827964
0.2766954
0.2749885
0.2749885
0.2871873
0.3067084
0.3059755
0.3042687
0.3581921
0.3638045
0.3638045
0.3108566
0.3113436
0.3437963
0.35014
0.3672198
0.3672198
0.3808843
0.359412
0.3486758
0.3320846
0.3247638
0.338184
0.338184
0.3225683
0.2913355
0.2801123
0.2671807
0.2618126
0.2066677
0.1930033
0.1930033
0.2095961
0.1983713
0.1927605
0.1939804
0.2008126
0.2088647
0.1859283
0.1778762
0.2025195
0.2266759
0.2064234
0.2095961
0.2095961
0.2071563
0.2183795
0.2291156
0.2230162
0.2300928
0.2454641
0.2454641
0.2601042
0.2488795
0.2422915
0.244
0.2642524
0.2857247
0.2671807
0.2591286
0.2671807
0.2625439
0.2508322
0.2396075
0.2174039
0.2012997
0.1893436
0.2052036
0.2352165
0.2496123
0.2666921
0.2666921
0.2723045
0.2818208
0.2676677
0.2313126
0.2742557
0.3237882
0.3237882
0.2808436
0.2776726
0.265228
0.3120765
0.3401367
0.3267165
0.3020716
0.2749885
0.2932882
0.3235439
0.3269593
0.3398924
0.3398924
0.3479445
0.3406237
0.3452605
0.3284234
0.3164674
0.2962165
0.3181759
0.2820635
0.2715716
0.2867003
0.277184
0.2825521
0.2825521
0.3176873
0.3049999
0.2947524
0.2884087
0.3306204
0.3267165
0.3267165
0.3247638
0.3284234
0.3494087
0.3352557
0.328912
0.3362313
0.3362313
0.3479445
0.3128078
0.3218355
0.3101237
0.3423322
0.3462361
0.3562394
0.3457475
0.3681954
0.3669755
0.3498957
0.3376954
0.3376954
0.3276921
0.3472117
0.3369641
0.3281807
0.3218355
0.3296433
0.2947524
0.2947524
0.3430635
0.3589234
0.3735635
0.3562394
0.4008924
0.4282198
0.38064
0.4211433
0.4284641
0.4196807
0.4553045
0.4316367
0.4179722
0.3913761
0.3623403
0.3193957
0.3323273
0.3413566
0.3479445
0.3479445
0.3723436
0.3782003
0.3752719
0.3606319
0.3703924
0.3750276
0.331596
0.3218355
0.3254966
0.3340358
0.3352557
0.3428208
0.3428208
0.331596
0.3545325
0.3672198
0.374052
0.3801514
0.4001596
0.4001596
0.4065048
0.4013794
0.3874722
0.401868
0.3767361
0.387228
0.387228
0.3901563
0.3882035
0.356728
0.3584364
0.3557524
0.3718566
0.3747834
0.3782003
0.3623403
0.3772247
0.3782003
0.3874722
0.3867394
0.3867394
0.3801514
0.3633159
0.3606319
0.3672198
0.3684397
0.3562394
0.3552638
0.3584364
0.3752719
0.3874722
0.3930846
0.3855195
0.3886921
0.3996725
0.3994282
0.392596
0.3943045
0.3996725
0.4108957
0.4108957
0.3911318
0.389912
0.4262686
0.4399315
0.4123599
0.4123599
0.3886921
0.4004039
0.4052834
0.3862524
0.4143126
0.4062605
0.4021123
0.4082117
0.4106514
0.4226075
0.3891807
0.3733208
0.3738078
0.3738078
0.3760048
0.3691725
0.3435521
0.3313518
0.3259837
0.3098795
0.3098795
0.3006075
0.2869445
0.3137834
0.3040244
0.2981677
0.2981677
0.3054885
0.3157361
0.3206156
0.3172003
0.3174445
0.326228
0.326228
0.316956
0.3086596
0.326228
0.3167117
0.3108566
0.3242768
0.3242768
0.3291563
0.3267165
0.322324
0.3420879
0.3162247
0.3306204
0.3106123
0.3272035
0.3250081
0.3330602
0.3345244
0.3335488
0.3294006
0.3308647
0.3215927
0.340868
0.340868
0.3464804
0.3389153
0.3579478
0.3579478
0.3506286
0.3508713
0.3586807
0.3613647
0.35014
0.35014
0.3511156
0.3398924
0.3391596
0.3428208
0.3462361
0.3406237
0.3564837
0.3596563
0.3596563
0.3540439
0.3420879
0.3716123
0.3716123
0.3730765
0.3425765
0.3823484
0.3923517
0.4167524
0.4367605
0.4452996
0.4452996
0.4787279
0.4860487
0.5277719
0.5304559
0.4936123
0.4545716
0.4211433
0.469456
0.5143517
0.5175243
0.4955634
0.4611596
0.4611596
0.4736041
0.4850716
0.4714087
0.4518876
0.4457882
0.4379804
0.453596
0.4209006
0.4145553
0.4082117
0.3984527
0.420412
0.3982084
0.3689283
0.4047963
0.4067475
0.3996725
0.3791758
0.3679527
0.3679527
0.3555081
0.3518485
0.3398924
0.3281807
0.3130521
0.3113436
0.3113436
0.3198843
0.3067084
0.3049999
0.3054885
0.2971921
0.3059755
0.2842605
0.2747442
0.2803566
0.3086596
0.3142719
0.3064641
0.3064641
0.3067084
0.3313518
0.3403794
0.3555081
0.383324
0.3901563
0.3811286
0.3811286
0.3986954
0.377956
0.4150439
0.4411514
0.4465195
0.4582328
0.4660406
0.4514005
0.4479837
0.4445683
0.438956
0.4179722
0.4096758
0.4577442
0.4062605
0.3808843
0.3938159
0.3945487
0.3821042
0.3821042
0.387228
0.3623403
0.3581921
0.3562394
0.3755162
0.3808843
0.4013794
0.4069918
0.4169966
0.4199234
0.4072361
0.3652686
0.3616075
0.3616075
0.3755162
0.3633159
0.3496514
0.3479445
0.3391596
0.3391596
0.3596563
0.3320846
0.3213485
0.3379397
0.3015846
0.3186644
0.3186644
0.2981677
0.3296433
0.326228
0.3220797
0.3167117
0.3130521
0.3130521
0.3142719
0.3230554
0.2962165
0.2759641
0.2781596
0.2781596
0.2757198
0.2727915
0.2705961
0.2647394
0.2903599
0.2901156
0.2901156
0.3084153
0.3298876
0.3359885
0.322324
0.3069527
0.2935325
0.2654723
0.2537605
0.2579087
0.2654723
0.2610798
0.265228
0.265228
0.3098795
0.3186644
0.2730358
0.2884087
0.2659593
0.2569316
0.2583957
0.2601042
0.2620554
0.2681563
0.2644967
0.2418045
0.2303355
0.2376563
0.2449756
0.246684
0.2444885
0.2298485
0.22814
0.2322882
0.2215521
0.2215521
0.22814
0.2335081
0.2283843
0.2296042
0.2215521
0.2215521
0.2359478
0.222772
0.218868
0.206912
0.2095961
0.2266759
0.2181367
0.2037394
0.1993485
0.2044723
0.2086205
0.2120358
0.2120358
0.2139885
0.2620554
0.277184
0.3147605
0.2962165
0.2735244
0.2735244
0.2901156
0.2605928
0.2642524
0.2620554
0.2588843
0.2298485
0.2305798
0.2288713
0.2208208
0.2386319
0.249368
0.2610798
0.2579087
0.2432687
0.2752313
0.2825521
0.2757198
0.2713273
0.2774283
0.2774283
0.2705961
0.2635195
0.3357442
0.3559966
0.3813713
0.3496514
0.3796644
0.3581921
0.3730765
0.3855195
0.3845439
0.3679527
0.3433078
0.3496514
0.3496514
0.3586807
0.3577035
0.3701482
0.356728
0.356728
0.3650244
0.3555081
0.3606319
0.3272035
0.3362313
0.3472117
0.3257394
0.3257394
0.3247638
0.3208599
0.3218355
0.3323273
0.3301319
0.3162247
0.3162247
0.3140276
0.3184201
0.3154918
0.3115879
0.3272035
0.3272035
0.3052442
0.3115879
0.3059755
0.2962165
0.2952394
0.2952394
0.2884087
0.3047557
0.2981677
0.2996319
0.2979234
0.3132963
0.3067084
0.3135406
0.3057313
0.2986563
0.3062198
0.3098795
0.3208599
0.3208599
0.3047557
0.3010961
0.3208599
0.3086596
0.3211042
0.3294006
0.3294006
0.3313518
0.3172003
0.3347687
0.3291563
0.3364755
0.3106123
0.3040244
0.3069527
0.2998762
0.2827964
0.28914
0.2949966
0.2949966
0.3228126
0.316956
0.2964593
0.2971921
0.31964
0.3174445
0.2876759
0.2876759
0.2881644
0.2749885
0.2710846
0.2762084
0.2508322
0.2479039
0.2210635
0.2266759
0.2371677
0.2213078
0.2296042
0.2244804
0.2288713
0.2237475
0.2288713
0.2288713
0.1942247
0.2203322
0.2266759
0.2266759
0.2022752
0.1930033
0.2000798
0.2186238
0.2232605
0.2071563
0.2122801
0.2113045
0.2388762
0.2237475
0.2271644
0.2083762
0.2176482
0.2296042
0.2122801
0.2237475
0.2034967
0.2093518
0.2261873
0.2261873
0.2217964
0.2359478
0.2317996
0.2625439
0.2808436
0.2642524
0.2644967
0.2464397
0.2766954
0.2949966
0.2832834
0.2788924
0.2901156
0.2940195
0.2942638
0.2888957
0.2849918
0.2825521
0.2871873
0.2871873
0.291824
0.2935325
0.2903599
0.2835276
0.2862117
0.295728
0.3071954
0.3071954
0.3101237
0.2735244
0.2715716
0.2598599
0.25864
0.2642524
0.246684
0.2500993
0.2452198
0.2276514
0.2388762
0.2220407
0.2220407
0.2269201
0.2339967
0.2225277
0.2217964
0.2264316
0.2191123
0.2191123
0.2154527
0.2083762
0.2049593
0.2071563
0.1995928
0.1964201
0.204228
0.2078876
0.2120358
0.2113045
0.2034967
0.2005683
0.2005683
0.2154527
0.2186238
0.216184
0.2164283
0.2213078
0.2217964
0.2217964
0.2115488
0.2237475
0.2325325
0.2286286
0.2298485
0.2342394
0.2261873
0.2366807
0.2403403
0.2366807
0.2308241
0.2398518
0.2398518
0.2349723
0.2278957
0.2662036
0.2571759
0.2403403
0.2566873
0.2566873
0.2527834
0.2647394
0.2713273
0.2705961
0.2708403
0.2881644
0.2881644
0.2810879
0.2815765
0.2898713
0.291824
0.2830406
0.2927997
0.2862117
0.2896286
0.2840162
0.3042687
0.2981677
0.3267165
0.3228126
0.3228126
0.3047557
0.3001204
0.2923126
0.3113436
0.3045114
0.3096367
0.3025602
0.3145162
0.3218355
0.3242768
0.3167117
0.3137834
0.3137834
0.3096367
0.2998762
0.3086596
0.3001204
0.3023159
0.3023159
0.3137834
0.3162247
0.3071954
0.3020716
0.3020716
0.3089039
0.2989006
0.2989006
0.2949966
0.2947524
0.3025602
0.2962165
0.2971921
0.2986563
0.3062198
0.3096367
0.3037801
0.3037801
0.3147605
0.3015846
0.3015846
0.3086596
0.3215927
0.3369641
0.3437963
0.3359885
0.3296433
0.3296433
0.3140276
0.2535162
0.2793795
0.2967035
0.2427801
0.2125244
0.1908078
0.1969087
0.2039837
0.2100846
0.1998355
0.2293599
0.2144756
0.2144756
0.2330195
0.2305798
0.2130114
0.1908078
0.1712882
0.1712882
0.1576238
0.1722638
0.1686042
0.1937361
0.1988599
0.2137443
0.2083762
0.2093518
0.2047165
0.2010554
0.1886123
0.1686042
0.1993485
0.1993485
0.1766563
0.1739723
0.1812915
0.1978843
0.2110602
0.2156954
0.2156954
0.1917834
0.1966644
0.1693355
0.1627475
0.1810472
0.1756807
0.1781205
0.1788518
0.1837313
0.1786075
0.1681156
0.1964201
0.1964201
0.1747036
0.1546954
0.1532313
0.1817801
0.1854397
0.2271644
0.2271644
0.2447313
0.2354593
0.2195993
0.3098795
0.2996319
0.240096
0.240096
0.2786482
0.2601042
0.2510765
0.2176482
0.2317996
0.2547361
0.2257003
0.2274087
0.2454641
0.2449756
0.2522964
0.2449756
0.2449756
0.2552247
0.25864
0.255956
0.2549804
0.2437557
0.2554674
0.2554674
0.2610798
0.2432687
0.2520521
0.2444885
0.2313126
0.2261873
0.2261873
0.2278957
0.2317996
0.2244804
0.2315554
0.2247247
0.2247247
0.2120358
0.2257003
0.2098403
0.2413159
0.2300928
0.2225277
0.2217964
0.2217964
0.1815358
0.2059364
0.2266759
0.2208208
0.2266759
0.2474153
0.2527834
0.2583957
0.2630325
0.2391205
0.1915407
0.1915407
0.1895879
0.2022752
0.2027638
0.2554674
0.2610798
0.2657166
0.2644967
0.2644967
0.2649837
0.2603485
0.2552247
0.2571759
0.2532719
0.2342394
0.2403403
0.225456
0.2174039
0.2300928
0.2052036
0.2217964
0.2217964
0.2266759
0.2147198
0.2308241
0.2598599
0.2579087
0.2869445
0.2869445
0.2803566
0.2813322
0.2603485
0.2696204
0.2757198
0.2774283
0.3059755
0.3286677
0.3379397
0.3118322
0.3254966
0.2991433
0.2991433
0.2871873
0.2737687
0.2381433
0.2725488
0.2964593
0.2896286
0.2896286
0.2971921
0.2903599
0.3025602
0.2993876
0.2788924
0.2654723
0.2464397
0.2571759
0.2620554
0.2615683
0.286456
0.3081726
0.3193957
0.3706367
0.3813713
0.4052834
0.4008924
0.3703924
0.3459918
0.3459918
0.3286677
0.3520927
0.2566873
0.2549804
0.2647394
0.2901156
0.2862117
0.2862117
0.2805993
0.2840162
0.2522964
0.2615683
0.2747442
0.2542475
0.2352165
0.2784039
0.2967035
0.2862117
0.3311075
0.3257394
0.3257394
0.3108566
0.3079283
0.3342801
0.3020716
0.2871873
0.2723045
0.2723045
0.2574202
0.2635195
0.2842605
0.279868
0.3010961
0.3037801
0.2942638
0.2835276
0.2496123
0.2500993
0.2513208
0.2569316
0.2569316
0.255956
0.2898713
0.2969478
0.295728
0.291824
0.307684
0.307684
0.3132963
0.3608761
0.3430635
0.3201286
0.3093924
0.3110993
0.3101237
0.2827964
0.2857247
0.2925554
0.2840162
0.2820635
0.2820635
0.3259837
0.3213485
0.3420879
0.3786873
0.3777117
0.3552638
0.3552638
0.3811286
0.3520927
0.3386725
0.3623403
0.3657556
0.3398924
0.3398924
0.3135406
0.3242768
0.3057313
0.3098795
0.3147605
0.3406237
0.3406237
0.3437963
0.3513599
0.3601433
0.3923517
0.3816156
0.3577035
0.3577035
0.3750276
0.3047557
0.2947524
0.3059755
0.3006075
0.2942638
0.3240325
0.3447719
0.3252524
0.3557524
0.3579478
0.3638045
0.3638045
0.3589234
0.35014
0.3367198
0.3389153
0.3181759
0.3413566
0.3413566
0.3479445
0.3435521
0.3496514
0.3550195
0.3657556
0.3706367
0.3706367
0.3564837
0.3413566
0.3291563
0.326228
0.3174445
0.2959723
0.2947524
0.3042687
0.3110993
0.316956
0.2981677
0.2923126
0.2923126
0.3081726
0.3179316
0.2827964
0.2764527
0.3081726
0.3242768
0.3023159
0.3081726
0.2835276
0.3089039
0.2886514
0.3010961
0.3045114
0.28914
0.2747442
0.2693762
0.2940195
0.2749885
0.2588843
0.2588843
0.2457084
0.2625439
0.2740114
0.2525406
0.2605928
0.2657166
0.2657166
0.2735244
0.2632768
0.2664478
0.2686433
0.2674234
0.2579087
0.2569316
0.2662036
0.2686433
0.2825521
0.2720602
0.2949966
0.2718159
0.2718159
0.2671807
0.2935325
0.2703518
0.2564445
0.2418045
0.2408274
0.2408274
0.2232605
0.2603485
0.2603485
0.2698647
0.2820635
0.2945081
0.3098795
0.3020716
0.295728
0.3091482
0.3003647
0.3018273
0.3032915
0.3032915
0.3108566
0.3069527
0.3184201
0.3045114
0.3089039
0.3162247
0
0
0.1481075
0.1481075
0.1481075
0.1481075
0.1481075
0.1481075
0.1481075
0.1481075
0.1481075
0.1481075
0.1481075
0.1481075
0.1481075
0.1481075
0.1481075
0.1481075
0.1481075
0.1481075
0.1461563
0.1378599
0.1332247
0.1332247
0.1037003
0.09662377
0.09296415
0.09296415
0.1105325
0.08954725
0.09028011
0.1129723
0.1151677
0.07881266
0.07881266
0.09540389
0.1134593
0.112728
0.1119967
0.1329804
0.1329804
0.1456677
0.183
0.1869039
0.1844641
0.1888566
0.1864153
0.1864153
0.1908078
0.1834885
0.1415195
0.1525
0.1595765
0.1822687
0.1566482
0.1808045
0.1947117
0.2027638
0.1778762
0.1761677
0.1559153
0.1559153
0.1522557
0.1449364
0.1149235
0.1444479
0.1446922
0.1437166
0.1437166
0.1476205
0.1595765
0.1590879
0.1627475
0.1622605
0.1688485
0.1625033
0.1659202
0.1668957
0.1822687
0.1759235
0.1664087
0.1664087
0.1654316
0.1564039
0.1581123
0.1293192
0.1393241
0.1439593
0.1412753
0.1481075
0.155184
0.1527443
0.143228
0.1329804
0.1442036
0.1442036
0.1510358
0.1268795
0.1317605
0.1205358
0.1222443
0.1215114
0.1222443
0.1276123
0.1354202
0.1485961
0.1381042
0.1337117
0.1337117
0.1495717
0.1393241
0.1283436
0.1351759
0.1332247
0.1461563
0.1442036
0.1385928
0.143228
0.140544
0.1402997
0.1344446
0.143228
0.143228
0.1481075
0.1244397
0.1244397
0.1346873
0.1400554
0.1466433
0.1466433
0.1349316
0.1305407
0.1251726
0.1176075
0.1176075
0.1293192
0.1293192
0.1337117
0.1381042
0.1334674
0.1293192
0.1407882
0.1464006
0.1320033
0.1315162
0.1285879
0.1476205
0.1454235
0.1439593
0.1439593
0.1498159
0.1342003
0.1451807
0.1424967
0.1300521
0.1417638
0.1417638
0.1505472
0.1422524
0.1446922
0.1285879
0.1210244
0.1137036
0.1256596
0.1354202
0.133956
0.1293192
0.1466433
0.1527443
0.1422524
0.1422524
0.1378599
0.1317605
0.1210244
0.1146807
0.1068713
0.1068713
0.1268795
0.1363958
0.1415195
0.1446922
0.140544
0.1368843
0.1280994
0.1239527
0.1205358
