0.1939804
0.1954446
0.1915407
0.206912
0.2103274
0.2113045
0.2130114
0.2088647
0.2100846
0.2071563
0.2137443
0.2200879
0.2259446
0.2210635
0.2193566
0.2203322
0.2203322
0.216184
0.2176482
0.2266759
0.2203322
0.2205765
0.2205765
0.2239918
0.2176482
0.2261873
0.2154527
0.2130114
0.2064234
0.2103274
0.2181367
0.216184
0.2193566
0.2191123
0.2237475
0.2237475
0.2247247
0.2164283
0.2200879
0.1961759
0.1939804
0.2015439
0.2015439
0.2205765
0.2310683
0.2200879
0.2215521
0.2176482
0.2418045
0.2418045
0.225456
0.2059364
0.1930033
0.1861726
0.1607964
0.1529886
0.1529886
0.1520114
0.1588436
0.1600635
0.1810472
0.1873925
0.1873925
0.1959316
0.1971515
0.164456
0.1634804
0.1520114
0.145912
0.1371286
0.13664
0.1471319
0.1385928
0.1583566
0.1783648
0.1725081
0.1725081
0.1659202
0.155184
0.1442036
0.1461563
0.1351759
0.1434723
0.1434723
0.1420081
0.1280994
0.1202915
0.1315162
0.1293192
0.1368843
0.1412753
0.1485961
0.1542084
0.1381042
0.1424967
0.1320033
0.1320033
0.1393241
0.1381042
0.1410325
0.143228
0.1481075
0.1505472
0.1537199
0.1537199
0.1503045
0.1683599
0.1681156
0.1717753
0.1693355
0.1693355
0.183
0.1954446
0.2037394
0.2276514
0.222772
0.2283843
0.2235032
0.2047165
0.2003241
0.1837313
0.1734837
0.1886123
0.1939804
0.1939804
0.1908078
0.1964201
0.19764
0.2115488
0.2052036
0.2052036
0.2088647
0.2093518
0.2005683
0.2017882
0.1998355
0.1998355
0.1915407
0.2117915
0.1995928
0.1993485
0.1971515
0.2054479
0.2020325
0.2020325
0.2183795
0.2405846
0.2349723
0.2452198
0.2420488
0.2420488
0.2530276
0.2274087
0.2230162
0.2259446
0.2103274
0.2113045
0.2103274
0.2074006
0.216184
0.2032524
0.2110602
0.2381433
0.2239918
0.2239918
0.2327752
0.2296042
0.1978843
0.2269201
0.2181367
0.1939804
0.1939804
0.1842199
0.2522964
0.2371677
0.2110602
0.1927605
0.2191123
0.2174039
0.1944674
0.1995928
0.2056921
0.2086205
0.2122801
0.2122801
0.2115488
0.1995928
0.1849527
0.2242361
0.2200879
0.2383876
0.2383876
0.2342394
0.2213078
0.2203322
0.2315554
0.2344837
0.2264316
0.2264316
