0.2269201
0.2310683
0.2298485
0.2335081
0.2415602
0.2557117
0.2437557
0.2522964
0.2522964
0.2574202
0.2574202
0.2488795
0.2388762
0.2742557
0.2745
0.2491238
0.2676677
0.2696204
0.279868
0.2888957
0.2876759
0.2827964
0.2827964
0.2901156
0.2876759
0.2815765
0.2945081
0.2769397
0.2564445
0.2564445
0.2620554
0.2781596
0.2896286
0.2793795
0.2649837
0.2583957
0.2583957
0.2835276
0.2720602
0.2635195
0.2727915
0.2852361
0.2849918
0.2723045
0.267912
0.2737687
0.2832834
0.2593713
0.2513208
0.2579087
0.2579087
0.2859674
0.2818208
0.2766954
0.298412
0.2962165
0.2962165
0.2591286
0.2671807
0.2752313
0.2815765
0.2913355
0.2820635
0.2732801
0.2818208
0.2888957
0.3045114
0.3018273
0.2879201
0.2791367
0.2791367
0.3059755
0.3152475
0.2674234
0.2749885
0.2949966
0.2949966
0.3101237
0.2632768
0.2676677
0.2642524
0.2688876
0.2532719
0.2647394
0.2676677
0.265228
0.2471726
0.2381433
0.2425358
0.2303355
0.2581514
0.2581514
0.2779153
0.2681563
0.2488795
0.2139885
0.1995928
0.1995928
0.2222834
0.2432687
0.2198436
0.240096
0.2593713
0.2557117
0.2422915
0.2313126
0.2425358
0.2469283
0.2325325
0.2225277
0.2635195
0.2635195
0.2881644
0.2910928
0.2725488
0.2698647
0.2396075
0.2396075
0.2337524
0.2684006
0.2627882
0.2598599
0.2605928
0.2898713
0.2898713
0.3232996
0.3113436
0.277184
0.277184
0.3054885
0.3064641
0.3064641
0.3186644
0.279868
0.2974364
0.3071954
0.3403794
0.3403794
0.2432687
0.3115879
0.2442442
0.2152084
0.2296042
0.2420488
0.2420488
0.1812915
0.2020325
0.2510765
0.2444885
0.2320439
0.1910521
0.1910521
0.1676286
0.1769006
0.2034967
0.2020325
0.188368
0.1871482
0.1871482
0.161772
0.1659202
0.1710439
0.1715325
0.1944674
0.1944674
0.1915407
0.2108159
0.2271644
0.2418045
0.2210635
0.2076433
0.2044723
0.185684
0.1878795
0.1629918
0.1283436
0.1688485
0.1593322
0.1593322
0.1561596
0.1827557
0.1778762
0.161772
0.1573795
0.1698241
0.1698241
