0.1859283
0.1878795
0.2059364
0.2154527
0.2137443
0.1930033
0.1986156
0.2061807
0.1993485
0.1993485
0.194956
0.1973957
0.2039837
0.1986156
0.1947117
0.2032524
0.2100846
0.2103274
0.2049593
0.2074006
0.194956
0.1888566
0.1954446
0.2156954
0.2176482
0.225456
0.225456
0.2056921
0.2178925
0.2152084
0.2091075
0.2027638
0.216184
0.2220407
0.2257003
0.2186238
0.2108159
0.2266759
0.2222834
0.2222834
0.2191123
0.2108159
0.2171596
0.2322882
0.222772
0.2191123
0.2191123
0.218868
0.2210635
0.2327752
0.2230162
0.2003241
0.1969087
0.1969087
0.19764
0.194956
0.2169153
0.2242361
0.2220407
0.2225277
0.2178925
0.2210635
0.216184
0.2225277
0.2186238
0.2396075
0.2396075
0.2593713
0.249368
0.2137443
0.2383876
0.2496123
0.2247247
0.2247247
0.2278957
0.2469283
0.2449756
0.2354593
0.2474153
0.234728
0.234728
0.2354593
0.2320439
0.2269201
0.2113045
0.1959316
0.2127687
0.2127687
0.2320439
0.2337524
0.2098403
0.2205765
0.2415602
0.2415602
0.2476596
0.2257003
0.2425358
0.2605928
0.2532719
0.2518078
0.2518078
0.2410716
0.2371677
0.2476596
0.2430244
0.2313126
0.237412
0.237412
0.2525406
0.2764527
0.2505879
0.2486367
0.2630325
0.2737687
0.2737687
0.2823078
0.265228
0.2515635
0.2574202
0.2496123
0.2688876
0.2657166
0.3010961
0.3174445
0.3079283
0.3079283
0.2737687
0.2737687
0.3032915
0.2896286
0.2691319
0.1812915
0.2298485
0.2537605
0.2537605
0.2666921
0.2449756
0.2044723
0.2244804
0.2742557
0.2937768
0.2745
0.2249674
0.2249674
0.2122801
0.2137443
0.2230162
0.1942247
0.2171596
0.2110602
0.2239918
0.1991042
0.1966644
0.2135
0.1944674
0.1944674
0.1625033
0.1390798
0.1793403
0.1927605
0.2183795
0.2100846
0.2093518
0.2137443
0.1773876
0.1625033
0.1622605
0.1942247
0.1942247
0.1734837
0.1727524
0.1583566
0.1720195
0.1117524
0.1978843
0.1978843
0.2195993
0.1688485
0.2044723
0.1839756
0.1822687
0.1776319
