0.3106123
0.3272035
0.3152475
0.3086596
0.2906042
0.3164674
0.3164674
0.3281807
0.3420879
0.3398924
0.3035358
0.3025602
0.3040244
0.2915798
0.2915798
0.3135406
0.3081726
0.3157361
0.3081726
0.3110993
0.3230554
0.3162247
0.3081726
0.3142719
0.3140276
0.3159804
0.3159804
0.3113436
0.3176873
0.3140276
0.3142719
0.3162247
0.3274478
0.3150032
0.3150032
0.310368
0.3181759
0.3228126
0.3154918
0.3142719
0.3176873
0.3132963
0.3184201
0.322324
0.3303761
0.3274478
0.3130521
0.3130521
0.3040244
0.3081726
0.3042687
0.2879201
0.2967035
0.3028045
0.3128078
0.3128078
0.3008518
0.3074397
0.3062198
0.2989006
0.3006075
0.3006075
0.2644967
0.2644967
0.2627882
0.2693762
0.2581514
0.2608355
0.246684
0.2488795
0.2518078
0.2491238
0.2393647
0.2393647
0.2364364
0.2476596
0.2508322
0.2469283
0.2598599
0.2710846
0.2710846
0.2703518
0.28914
0.2903599
0.2801123
0.2708403
0.2693762
0.2745
0.2954837
0.3110993
0.3167117
0.3059755
0.2879201
0.3006075
0.3006075
0.3032915
0.2901156
0.3294006
0.3459918
0.3167117
0.2925554
0.2920683
0.2920683
0.3481873
0.3415993
0.3625846
0.3703924
0.3901563
0.3747834
0.3106123
0.3176873
0.3067084
0.2832834
0.298412
0.298412
0.2859674
0.2271644
0.286456
0.352824
0.3982084
0.3960114
0.4025993
0.4025993
0.3547752
0.2666921
0.2178925
0.2437557
0.2976807
0.3284234
0.3308647
0.3037801
0.2835276
0.3545325
0.3320846
0.2491238
0.2491238
0.2537605
0.2615683
0.2288713
0.2444885
0.2644967
0.2662036
0.2588843
0.2588843
0.2361921
0.2286286
0.2522964
0.2735244
0.2615683
0.2498566
0.2471726
0.2637638
0.2745
0.2823078
0.2610798
0.2610798
0.2542475
0.2571759
0.216184
0.145912
0.161772
0.1756807
0.1756807
0.1717753
0.16714
0.2017882
0.2178925
0.2257003
