0.1756807
0.1517687
0.1444479
0.1481075
0.1500602
0.1500602
0.2032524
0.1832443
0.1832443
0.1895879
0.1842199
0.1773876
0.1778762
0.1681156
0.1681156
0.1600635
0.1759235
0.1917834
0.1847084
0.1788518
0.1788518
0.1686042
0.1725081
0.1998355
0.1876367
0.1878795
0.1878795
0.1847084
0.1839756
0.1905635
0.1947117
0.1983713
0.1988599
0.1915407
0.1869039
0.1864153
0.1969087
0.1988599
0.1993485
0.1973957
0.1973957
0.194956
0.2003241
0.2066677
0.2015439
0.2015439
0.1981286
0.1905635
0.1732394
0.164456
0.194956
0.1961759
0.1881238
0.1839756
0.1722638
0.1683599
0.1654316
0.1793403
0.1944674
0.204228
0.2095961
0.2115488
0.2132557
0.2174039
0.1832443
0.1822687
0.1822687
0.2130114
0.2130114
0.1812915
0.1815358
0.2061807
0.2232605
0.2232605
0.2169153
0.2244804
0.2120358
0.2125244
0.2122801
0.2056921
0.2064234
0.2083762
0.2174039
0.2222834
0.2115488
0.1507915
0.1622605
0.1795846
0.1795846
0.1969087
0.1798274
0.1800717
0.2008126
0.2059364
0.2059364
0.2154527
0.1781205
0.145912
0.1703126
0.2032524
0.2200879
0.2247247
0.2122801
0.1903208
0.2169153
0.2249674
0.2381433
0.2579087
0.2579087
0.2381433
0.2210635
0.2310683
0.2310683
0.2332638
0.2120358
0.2105716
0.2442442
0.2442442
0.2649837
0.2766954
0.2735244
0.2698647
0.2884087
0.3010961
0.3042687
0.2805993
0.25864
0.265228
0.2732801
0.2732801
0.2745
0.2513208
0.2879201
0.2820635
0.2962165
0.277184
0.2884087
0.2801123
0.2976807
0.255956
0.2591286
0.2845033
0.2845033
0.3167117
0.2996319
0.2644967
0.3162247
0.2959723
0.2959723
0.2544918
0.2620554
0.2476596
0.237412
0.2435114
0.2669364
0.2483924
0.2571759
0.2552247
0.2569316
0.2576644
0.2805993
0.2676677
0.2915798
0.2915798
0.2937768
0.2557117
0.2422915
0.2725488
0.2203322
0.2237475
0.2237475
0.2198436
0.2486367
0.2808436
0.2662036
0.2530276
0.2547361
0.2579087
0.2701075
0.2688876
0.2569316
0.2461954
