0.2244804
0.2610798
0.244
0.244
0.2801123
0.2879201
0.2879201
0.2879201
0.2879201
0.2827964
0.2827964
0.2827964
0.2827964
0.2827964
0.2940195
0.2940195
0.3091482
0.3091482
0.279868
0.2813322
0.2813322
0.3015846
0.2959723
0.2959723
0.2910928
0.2910928
0.2791367
0.2871873
0.2901156
0.2901156
0.2698647
0.2730358
0.2730358
0.2808436
0.2859674
0.2869445
0.2588843
0.2698647
0.2698647
0.2708403
0.2762084
0.2820635
0.2886514
0.2859674
0.2859674
0.2818208
0.2915798
0.2676677
0.2830406
0.2830406
0.2888957
0.2791367
0.2752313
0.2632768
0.2666921
0.2849918
0.298412
0.2923126
0.2967035
0.2876759
0.2906042
0.2893843
0.2825521
0.2825521
0.2749885
0.2857247
0.295728
0.2849918
0.2752313
0.2776726
0.2776726
0.2854804
0.2601042
0.2483924
0.2408274
0.2620554
0.2852361
0.2852361
0.2698647
0.2654723
0.2752313
0.2705961
0.2808436
0.2886514
0.2886514
0.2947524
0.2747442
0.2781596
0.3079283
0.3079283
0.3147605
0.3047557
0.3010961
0.3320846
0.3364755
0.3186644
0.3179316
0.3179316
0.3118322
0.3067084
0.3086596
0.3081726
0.2964593
0.2927997
0.3067084
0.3157361
0.3254966
0.3057313
0.3047557
0.2825521
0.2654723
0.2720602
0.2720602
0.2837719
0.2945081
0.3023159
0.3128078
0.3054885
0.3054885
0.2698647
0.25864
0.2879201
0.316956
0.2976807
0.2627882
0.2513208
0.2913355
0.3147605
0.2925554
0.2518078
0.2422915
0.2422915
0.216184
0.2286286
0.3106123
0.2923126
0.2537605
0.2315554
0.2315554
0.2579087
0.2488795
0.2525406
0.2266759
0.2325325
0.2488795
0.2230162
0.2198436
0.2296042
0.2415602
0.2193566
0.222772
0.222772
0.2286286
0.2181367
0.2449756
0.2257003
0.2010554
0.2061807
0.2061807
0.2566873
0.2418045
0.2357036
0.2486367
0.2735244
0.2718159
0.2540033
0.2074006
0.1590879
0.1356644
0.2210635
0.2257003
0.2257003
0.2022752
0.2476596
0.2313126
0.2222834
0.218868
0.2047165
0.2047165
