-0.2898713
-0.3025602
-0.3025602
-0.09174427
-0.09174427
-0.08662049
-0.04953254
0.01342018
0.01342018
0.1759235
0.1759235
0.1537199
0.194956
0.331596
0.331596
0.4313924
0.4282198
0.4025993
0.3642915
0.4299282
0.4299282
0.4189478
0.4767767
0.5775487
0.5775487
0.667096
0.6792963
0.65514
0.65514
0.6773435
0.6773435
0.6934478
0.7036954
0.7324885
0.6946676
0.7158957
0.7158957
0.5646155
0.5646155
0.5497327
0.5443647
0.5245993
0.5102035
0.5102035
0.5370439
0.5441204
0.5009316
0.4806807
0.4828761
0.4828761
0.4511563
0.4511563
0.4169966
0.1964201
0.1315162
0.08003253
-0.02073944
-0.02073944
0.04831266
0.05368074
0.002684037
0.002684037
0.06026869
0.06026869
0.06099999
0.02195931
-0.07881266
