0.08051955
-0.1544527
-0.2610798
-0.2810879
-0.2810879
-0.3696596
-0.3696596
-0.3696596
-0.3842996
-0.3242768
-0.3242768
-0.3767361
-0.3767361
-0.4435927
-0.4435927
-0.5092279
-0.5092279
-0.5009316
-0.4596954
-0.4596954
-0.3059755
-0.3059755
-0.1912964
-0.1912964
-0.08344787
-0.0395277
-0.0004885725
-0.0004885725
0.1088241
0.1612834
0.2242361
0.2591286
0.2708403
0.2708403
0.4406644
0.4406644
0.4894641
0.4894641
0.5380195
0.5380195
0.4958077
0.4823876
0.3518485
0.3518485
0.3611204
0.3611204
0.2935325
0.2935325
0.2935325
0.1054087
0.1054087
-0.04392018
-0.1271238
-0.1271238
-0.1847084
-0.1847084
-0.2859674
-0.3167117
-0.3167117
-0.3796644
-0.4504234
-0.4433484
-0.4038208
-0.4038208
-0.3218355
-0.3362313
-0.3445276
-0.3962556
