0.7546921
0.7105276
0.7656725
0.7656725
0.7656725
0.8659559
0.85278
0.8488761
0.8488761
0.8339917
0.8339917
0.8722996
0.8722996
0.8486318
0.8486318
0.80764
0.80764
0.9394005
0.9394005
0.9525763
0.9525763
0.8676643
0.8676643
0.8537556
0.8537556
0.8242327
0.8242327
0.7627442
0.7368794
0.7019885
0.7019885
0.6802719
0.740052
0.5999966
0.5999966
0.511912
0.511912
0.5741318
0.6202475
0.2796237
0.161772
0.2422915
0.2422915
-0.002684037
-0.1310277
-0.1166319
-0.1222443
-0.1222443
-0.1222443
-0.1361515
-0.1237084
-0.07783552
-0.07783552
-0.07783552
-0.07002769
-0.08344787
-0.08954725
-0.1454235
-0.1817801
-0.1422524
-0.04977527
-0.04977527
-0.0600244
-0.06270844
