0.1012605
0.1012605
0.09735663
0.09320843
0.08247229
0.0829593
0.08686477
0.1000407
0.09857651
0.1119967
0.1163876
0.1163876
0.09393974
0.09393974
0.08466775
0.08759607
0.08759607
0.08003253
0.08759607
0.08076384
0.08491204
0.08344787
0.08344787
0.0649039
0.07368731
0.07368731
0.0697834
0.0697834
0.0697834
0.06295273
0.06295273
0.06295273
0.06051142
0.07368731
0.07368731
0.04757981
0.04757981
0.03928341
0.04343161
0.04343161
0.05245931
0.0566075
0.0566075
0.06026869
0.06026869
0.06026869
0.05245931
0.05758465
0.05758465
0.07978825
0.08027527
0.08027527
0.08784036
0.08784036
0.08784036
0.08515632
0.08515632
0.08515632
0.07856838
0.07856838
0.07149185
0.07149185
0.0566075
0.06514819
0.06197558
0.06954067
0.06807651
0.07173613
0.07173613
0.06319545
0.05123943
0.03269546
0.03269546
0.03269546
0.0124446
0.02073944
0.03220844
0.04270031
0.04270031
0.03635664
0.03879639
0.04172472
0.04026055
0.04806838
0.04806838
0.05514335
0.05807167
0.05807167
0.05514335
0.05514335
0.05929154
0.05368074
0.05368074
0.05392347
0.05392347
0.05392347
0.05270359
0.05270359
0.05075242
0.04855539
0.05148372
0.05197229
0.05197229
0.05197229
0.04440875
0.05538763
0.05538763
0.04806838
0.04806838
0.04782409
0.04782409
0.04782409
0.04806838
0.05294788
0.06514819
0.06514819
0.07222471
0.0773485
0.0773485
0.06368402
0.06368402
0.06368402
0.06173129
0.06173129
