0.2601042
0.2469283
0.1739723
0.1739723
0.4182165
0.4182165
0.5082523
0.5082523
0.2588843
0.1407882
0.1407882
0.1124837
0.1259039
0.09369545
0.09369545
0.3284234
0.1722638
-0.3472117
-0.3472117
-0.2825521
-0.3023159
-0.3894234
-0.3894234
-0.4872686
-0.4872686
-0.2120358
-0.2120358
-0.0690521
-0.0690521
0.1329804
0.1329804
0.07149185
-0.0004885725
0.06319545
0.06319545
0.02318074
0.04416447
0.07759123
0.09955209
0.183
0.183
0.2452198
0.3574592
0.4609153
0.4609153
0.4926367
0.4926367
0.5746204
0.5746204
0.5150846
0.5150846
0.1198045
0.1198045
0.2876759
0.2876759
0.3611204
0.3452605
0.3132963
0.3132963
0.2488795
0.2488795
0.07149185
0.09808794
0.1407882
0.2078876
0.1446922
0.1446922
0.07783552
0.07783552
-0.03464819
-0.1124837
-0.2181367
-0.2181367
-0.2308241
-0.2308241
-0.3803957
-0.3803957
-0.4130927
-0.3398924
-0.1564039
-0.1564039
-0.1437166
-0.1437166
-0.1280994
-0.1446922
-0.09955209
-0.09955209
-0.05123943
-0.01927527
0.04879968
