-0.08051955
-0.004392485
0.1095554
0.1095554
0.2520521
0.2520521
0.2520521
0.3089039
0.3455032
0.3455032
0.4760439
0.4760439
0.4884885
0.4884885
0.5499755
0.5560764
0.5536367
0.5724234
0.5724234
0.5921888
0.5921888
0.5921888
0.582184
0.5829168
0.5829168
0.5514396
0.5514396
0.5514396
0.5668126
0.5668126
0.5668126
0.5150846
0.4743355
0.4743355
0.3711237
0.3711237
0.3711237
0.3581921
0.286456
0.2198436
0.2198436
0.2113045
0.2113045
0.008540683
0.008540683
0.008540683
-0.1263925
-0.1666515
-0.1666515
-0.2034967
-0.218868
-0.2564445
-0.2908485
-0.28914
-0.28914
-0.3054885
-0.3677084
-0.3394039
-0.4311481
-0.4584755
-0.4592084
-0.4643322
-0.4660406
-0.4833647
-0.4994674
-0.444324
-0.444324
-0.3550195
-0.2505879
-0.1420081
-0.1349316
-0.1786075
-0.2442442
-0.2349723
-0.09930781
