-0.03855211
0.1637247
0.1637247
0.03781925
0.03977198
0.03977198
-0.06954067
-0.06954067
-0.1085798
-0.1085798
-0.09149998
-0.07856838
-0.07856838
-0.07856838
0.08344787
0.1329804
0.1834885
0.1834885
0.429684
0.4821433
0.5067882
0.5058126
0.5070325
0.5070325
0.4955634
0.4811677
0.4284641
0.4025993
0.3750276
0.2647394
0.2437557
0.2020325
0.09906352
0.01756838
-0.09857651
-0.1593322
-0.2388762
-0.2388762
-0.3420879
-0.3286677
-0.4133355
-0.4872686
-0.5060553
-0.5177686
-0.5177686
-0.4626237
-0.4626237
-0.3350114
-0.3350114
-0.2113045
-0.2113045
-0.2208208
-0.1651873
-0.1149235
-0.2139885
-0.22814
