-0.04562863
-0.06539247
-0.08100812
-0.07149185
-0.06441533
-0.04148043
-0.03928341
-0.03928341
-0.04562863
-0.03318403
-0.01634851
-0.001464162
0.01756838
0.01756838
0.07051627
0.0697834
0.06392831
0.07417589
0.07149185
0.07149185
0.06636807
0.06636807
0.07490875
0.08076384
0.1346873
0.1346873
0.1573795
0.1749479
0.194956
0.194956
0.2337524
0.2383876
0.2486367
0.2481482
0.2286286
0.2296042
0.2474153
0.2474153
0.2608355
0.2608355
0.2576644
0.2647394
0.2927997
0.2927997
0.3952801
0.3952801
0.4633566
0.4633566
0.4904397
0.5009316
0.5072768
0.5180113
0.56364
0.6136595
0.6136595
0.63928
0.6248842
0.6134152
0.5926758
0.5602247
0.5602247
0.5141074
0.5141074
0.4977605
0.4977605
0.5360683
0.5602247
0.5748647
0.5560764
0.5258207
0.4853159
0.4335879
0.4133355
0.4108957
0.3935716
0.3830797
0.3830797
0.3879592
0.3882035
0.3730765
0.3730765
0.2886514
0.2330195
