0.1915407
0.2398518
0.2398518
0.3152475
0.35014
0.3279364
0.3389153
0.3389153
0.2525406
0.2047165
0.1302964
0.1302964
-0.03635664
-0.03635664
-0.08881595
-0.08881595
-0.216184
-0.216184
-0.1532313
-0.1532313
-0.05904726
-0.05904726
-0.02903583
-0.04489577
-0.01293161
0.02391205
0.082228
0.1434723
0.1078485
0.1078485
0.09198856
0.0600244
0.09930781
0.09930781
0.1615277
0.08979154
0.05929154
0.0222036
0.0222036
-0.02586322
-0.02586322
0.04733552
0.04733552
0.09320843
0.1054087
0.1054087
0.204228
0.2688876
0.2825521
0.2825521
0.2632768
0.2632768
0.2601042
0.2549804
0.2620554
0.2620554
0.2122801
0.244
0.2940195
0.2969478
