0.09881923
0.1407882
0.2142313
0.2305798
0.2305798
0.2752313
0.2752313
0.2879201
0.3074397
0.3789316
0.4069918
0.4069918
0.4079674
0.4274885
0.4274885
0.4801921
0.4801921
0.4540846
0.4540846
0.4540846
0.4616481
0.4731156
0.4779966
0.4757996
0.4548159
0.4304153
0.4304153
0.3664885
0.3664885
0.3664885
0.3318403
0.3318403
0.2906042
0.2906042
0.2239918
0.1932475
0.1410325
0.09979638
0.09979638
0.05758465
0.02171658
-0.01659124
-0.01659124
-0.03318403
-0.03318403
-0.08686477
-0.08686477
-0.1490846
-0.1490846
-0.1859283
-0.2505879
-0.2505879
-0.3167117
-0.3550195
-0.3764918
-0.4121156
-0.4121156
-0.4953207
-0.5133761
-0.5141074
-0.5214282
-0.5141074
-0.5294803
-0.5294803
-0.5294803
