0.1010163
0.1010163
0.06319545
0.06319545
0.09540389
0.09540389
0.09540389
0.1066286
0.09149998
0.09149998
0.09028011
0.08857166
0.08857166
0.06539247
0.06539247
0.07783552
0.07783552
0.06465962
0.04611564
0.04611564
0.04611564
0.06563676
0.0780798
0.05197229
0.05197229
0.05880453
0.04904397
0.04904397
0.04904397
0.01024758
0.01390876
0.01390876
0.01098043
-0.002928323
0.002439751
0.02244788
0.02244788
0
-0.008783413
-0.008783413
-0.01268733
-0.01268733
-0.01268733
0.01976385
0.01000329
0.01000329
-0.006832235
-0.006832235
-0.006832235
-0.009516273
-0.009516273
-0.01390876
-0.05294788
-0.05075242
-0.05075242
-0.04635993
-0.03928341
