0.1222443
0.1302964
0.1302964
0.2020325
0.1812915
0.1812915
0.08930452
0.08930452
0.0214723
0.01122472
0.02952441
0.02952441
0.03781925
0.03781925
0.02342347
0.02342347
0.03611235
-0.03879639
-0.03879639
-0.05392347
-0.02879155
0.002684037
-0.01610422
-0.02073944
-0.04440875
-0.05953583
-0.06661235
-0.07246744
-0.08466775
-0.08125241
-0.07588433
-0.07027198
-0.07417589
-0.05880453
-0.05807167
-0.07710421
-0.1063843
-0.1510358
-0.1742166
-0.188368
-0.1546954
-0.1183404
-0.06514819
-0.04343161
-0.01000329
-0.01000329
-0.004392485
-0.004392485
0.001464162
-0.002439751
0.01829969
0.01829969
0.1027247
0.124684
0.1678713
0.1678713
0.1793403
0.1890993
0.1815358
0.1710439
0.1271238
