0.1420081
0.1420081
0.1017476
0.09101141
-0.002684037
-0.002684037
-0.002684037
-0.0468485
-0.1656759
-0.1656759
-0.3001204
-0.3001204
-0.3176873
-0.2698647
-0.1507915
-0.1507915
-0.04831266
-0.04831266
0.1183404
0.1183404
0.09881923
0.03806353
0.0009755891
-0.01927527
0.02732738
0.02732738
0.1420081
0.09198856
0.09198856
0.3413566
0.4418843
0.4418843
0.4099201
0.4099201
0.3984527
0.3984527
0.3984527
0.2357036
0.2357036
0.295728
0.3720993
0.3720993
0.2418045
0.2418045
0.2935325
0.2688876
0.2688876
0.3425765
0.3308647
0.2896286
0.237412
0.2059364
0.1515244
0.1515244
0.01927527
0.01927527
-0.0124446
-0.0124446
-0.09613676
-0.2132557
-0.2132557
-0.1995928
