0.3037801
0.3037801
0.2940195
0.2862117
0.2862117
0.2449756
0.1832443
0.1832443
0.1095554
0.07466446
0.07466446
-0.02659608
-0.04318732
-0.04318732
-0.1056515
-0.1193159
-0.1193159
-0.1842199
-0.1842199
-0.1649446
-0.1834885
-0.2242361
-0.2242361
-0.28914
-0.28914
-0.2764527
-0.2764527
-0.2427801
-0.1910521
-0.1910521
-0.1451807
-0.1676286
-0.1676286
-0.2113045
-0.2005683
-0.2005683
-0.2025195
-0.2198436
-0.2198436
-0.2393647
-0.2669364
-0.2669364
-0.2723045
-0.2676677
-0.2676677
-0.2264316
-0.2264316
-0.218868
-0.218868
-0.218868
-0.2108159
-0.2217964
-0.2217964
-0.222772
-0.2454641
-0.2454641
-0.1988599
-0.1988599
-0.1332247
-0.1063843
-0.1063843
-0.1078485
-0.1251726
-0.1251726
-0.1180961
-0.1180961
-0.1198045
-0.1198045
-0.1083355
-0.08588763
-0.08588763
-0.03074428
-0.03074428
-0.03074428
0.05490061
