0.4021123
0.3884478
0.3884478
0.3977198
0.3977198
0.3964999
0.3808843
0.3479445
0.3250081
0.3118322
0.3118322
0.2735244
0.2640081
0.2286286
0.2286286
0.1771433
0.1771433
0.1598208
0.1478648
0.1415195
0.1424967
0.1251726
0.1251726
0.1146807
0.09442831
0.08076384
0.07417589
0.01268733
0.01268733
-0.05758465
-0.05758465
-0.1073599
-0.1073599
-0.1468876
-0.1866596
-0.2725488
-0.2725488
-0.3398924
-0.3640487
-0.3840553
-0.3840553
-0.3864966
-0.3864966
-0.3633159
-0.3633159
-0.3811286
-0.3811286
-0.4038208
-0.4235846
-0.4423713
-0.4423713
-0.4372475
-0.4413957
-0.4377361
-0.4377361
-0.4123599
-0.4123599
-0.401868
-0.401868
-0.3747834
-0.3747834
-0.3586807
-0.3591677
-0.3591677
-0.3376954
-0.3376954
-0.3242768
-0.295728
-0.295728
-0.2557117
-0.2557117
-0.2220407
-0.2076433
-0.1881238
-0.1766563
-0.1693355
-0.1615277
-0.140544
-0.140544
-0.1200472
-0.07564005
-0.05294788
-0.01585994
