-0.4914168
-0.4914168
-0.5011758
-0.5206954
-0.5314316
-0.5087394
-0.4367605
-0.4367605
-0.4367605
-0.3428208
-0.3428208
-0.2996319
-0.2537605
-0.2122801
-0.1917834
-0.1615277
-0.1615277
-0.1559153
-0.1454235
-0.1454235
-0.1283436
-0.09540389
0.01439577
0.01439577
0.08564334
0.08564334
0.1288322
0.1839756
0.1839756
0.2727915
0.389912
0.4238273
0.4572556
0.4745797
0.4882442
0.4882442
0.5336285
0.5336285
0.5629086
0.6141481
0.6141481
0.6156123
0.5887719
0.6017035
0.6048761
0.5982882
0.5855993
0.5855993
0.5709608
0.5709608
0.5665683
0.5633957
0.5531481
0.5219153
0.5109364
0.5036156
0.5036156
0.4828761
0.4828761
0.4596954
0.4335879
0.4087003
0.3904006
0.3733208
0.3247638
0.2964593
0.2854804
0.2854804
0.1783648
0.1581123
0.1537199
0.1205358
0.1293192
