0.4069918
0.4069918
0.3259837
0.3259837
0.3259837
0.2217964
0.1415195
0.1415195
0.05904726
0.05904726
0.006832235
-0.03879639
-0.07271173
-0.07271173
-0.1595765
-0.1595765
-0.2540033
-0.2967035
-0.356728
-0.356728
-0.3982084
-0.4301725
-0.4301725
-0.5126433
-0.5126433
-0.4740927
-0.4740927
-0.4543273
-0.4543273
-0.4667719
-0.4545716
-0.4804364
-0.4804364
-0.4836074
-0.4718957
-0.4474966
-0.4145553
-0.3952801
-0.3742963
-0.3545325
-0.3545325
-0.3157361
-0.3157361
-0.2698647
-0.2320439
-0.1500602
-0.1012605
-0.1012605
-0.04148043
0.1088241
0.1088241
0.2139885
0.3308647
0.4218761
0.4218761
0.4665276
0.5187442
0.5860879
0.6387914
0.7302914
0.7302914
0.7615243
0.7603044
0.77592
0.77592
0.8283794
0.8283794
0.7727475
0.7315113
0.7227279
0.7061366
