0.2357036
0.06221987
0.06221987
-0.04294459
-0.08247229
-0.09589247
-0.09589247
-0.1298078
-0.1298078
-0.2647394
-0.2647394
-0.4823876
-0.4374918
-0.08173943
-0.08173943
0.07564005
0.1595765
0.4257801
0.5124006
0.8630276
0.8630276
1.081164
1.081164
1.167785
1.167785
1.08092
0.9830763
0.7912914
0.7912914
0.5016644
0.5016644
0.3147605
0.3147605
0.2105716
0.2105716
0.1193159
0.1193159
-0.08125241
-0.161772
-0.2139885
-0.2720602
-0.3901563
-0.3901563
-0.3989397
-0.3498957
-0.2540033
-0.2149641
-0.1566482
-0.1566482
0.02562049
0.02562049
0.1822687
0.1822687
0.5587605
0.5587605
0.5587605
0.9479396
0.9479396
0.9479396
0.9286643
0.9286643
0.9286643
0.834236
0.7305357
0.7305357
