0.1024804
0.1005277
0.09759936
0.09759936
0.09662377
0.1300521
0.1473762
0.1473762
0.2008126
0.1864153
0.1844641
0.1844641
0.1803159
0.1803159
0.1668957
0.1542084
0.1202915
0.1202915
0.07490875
0.07490875
0.07856838
0.07856838
0.04196744
0.04196744
0.05490061
0.03001142
0.03001142
0.008783413
0.001708448
0.001708448
-0.03245273
-0.03245273
-0.01878826
-0.01878826
0.001708448
0.001708448
0.04904397
0.04904397
0.0732003
0.0732003
0.08173943
0.06783222
0.0739316
0.08198372
0.07905539
0.07905539
0.09662377
0.09662377
0.09442831
0.08613191
0.07100328
0.07100328
0.07100328
0.08930452
0.08930452
0.08930452
0.09296415
0.0912557
0.09442831
0.08613191
0.09808794
0.09808794
0.05148372
0.04221173
0.03196416
0.03196416
0.04538434
0.04538434
0.04538434
0.06221987
0.06221987
0.09589247
0.09589247
0.09589247
0.06758794
0.06221987
0.06051142
0.06051142
0.05929154
0.04953254
0.04953254
0.04879968
0.04953254
0.05001955
0.05001955
0.06221987
0.06734365
0.06734365
0.07295601
0.0690521
0.06221987
0.08271657
0.08954725
0.08784036
0.08149669
0.06685664
0.05929154
0.05929154
0.04635993
0.04416447
0.04416447
0.05001955
0.05416775
0.05416775
0.0353795
-0.0009755891
-0.0009755891
-0.05978011
-0.09028011
-0.1342003
-0.1520114
-0.2310683
-0.2310683
-0.2310683
-0.3120765
-0.3318403
-0.3318403
-0.3667313
-0.3882035
-0.3882035
-0.3552638
-0.3669755
-0.5577833
-0.4543273
-0.48678
-0.48678
-0.48678
-0.4738484
-0.4106514
-0.4106514
-0.3943045
-0.3943045
-0.3786873
-0.3972313
