0.511912
0.5311888
0.5311888
0.5514396
0.5133761
0.4528647
0.4528647
0.4367605
0.4638436
0.4779966
0.4745797
0.3930846
0.3020716
0.298412
0.216184
0.2037394
0.2193566
0.2708403
0.2708403
0.1869039
0.1971515
0.2125244
0.1788518
0.08784036
0.1085798
0.007319252
-0.1137036
-0.004392485
-0.145912
-0.145912
-0.176412
-0.19764
-0.2893843
-0.4147996
-0.4147996
-0.3977198
-0.374052
-0.3957686
-0.3957686
-0.4284641
-0.4328566
-0.5124006
-0.5124006
-0.5382637
-0.5382637
-0.5367996
-0.5367996
-0.5802327
-0.5802327
-0.6792963
-0.6792963
-0.7044282
-0.7646953
-0.7446887
-0.7446887
-0.7346839
-0.7261432
-0.7527393
-0.7590845
-0.7590845
-0.7498125
-0.7490797
-0.6182963
-0.6009722
-0.6341562
-0.6280553
-0.6314722
-0.6295195
