-0.01854397
0.01976385
-0.008783413
0.008052111
0.02366776
0.02366776
0.1537199
0.0002442863
0.0214723
0.02586322
-0.02318074
-0.02318074
0.05343645
0.05343645
0.082228
0.082228
0.07685993
0.0732003
0.03733223
0.03733223
0.03318403
0.03269546
0.04709123
0.051728
0.06954067
0.06954067
0.06636807
0.06563676
0.06441533
0.06441533
0.06246415
0.06880782
0.06880782
0.06221987
0.05270359
0.1381042
0.1381042
0.1202915
0.09833222
0.07344458
0.07344458
0.06026869
0.01634851
0.07246744
0.08857166
0.09711234
0.1046759
0.09393974
0.1039446
0.1039446
0.1239527
0.1239527
0.1239527
0.1434723
0.1420081
0.1420081
0.1290765
0.1290765
0.1290765
0.07198042
0.07198042
0.0263518
0.0263518
-0.02464335
-0.05123943
-0.05123943
-0.09686806
-0.1356644
-0.2030081
-0.2376563
-0.2923126
-0.2923126
-0.3091482
-0.3091482
-0.3067084
-0.3067084
-0.3267165
-0.3267165
-0.3550195
-0.3550195
-0.3728322
-0.3728322
-0.3916204
-0.4043078
-0.3696596
-0.3569722
-0.3401367
-0.3401367
-0.3079283
-0.2876759
-0.2701075
-0.2701075
-0.267912
-0.2620554
-0.2620554
-0.2513208
-0.2513208
-0.2022752
-0.2034967
-0.1715325
-0.1485961
-0.1342003
-0.1342003
-0.1083355
-0.1083355
-0.0863762
-0.09784365
-0.09784365
-0.08613191
-0.07832409
-0.06343974
-0.04660422
-0.04660422
-0.03635664
-0.03245273
-0.02366776
-0.003903912
-0.003903912
0.06465962
0.06099999
0.07442018
