0.3581921
0.35014
0.3425765
0.3359885
0.3294006
0.3294006
0.3140276
0.3140276
0.3052442
0.2676677
0.2483924
0.2349723
0.2283843
0.2283843
0.2325325
0.2235032
0.1971515
0.2176482
0.2178925
0.2178925
0.2518078
0.2518078
0.2505879
0.2588843
0.2615683
0.2615683
0.2640081
0.2637638
0.2949966
0.3462361
0.3760048
0.3760048
0.3679527
0.3679527
0.3303761
0.310368
0.2888957
0.2632768
0.2300928
0.2110602
0.2418045
0.2418045
0.2749885
0.2749885
0.3159804
0.3437963
0.3437963
0.3398924
0.3413566
0.3413566
0.3211042
0.3030488
0.2971921
0.3074397
0.3320846
0.3855195
0.3828355
0.3140276
0.3140276
0.2361921
0.2361921
0.1876367
0.1876367
0.1278566
0.1278566
0.1212687
0.1022361
0.08173943
0.08173943
0.07905539
0.06148856
0.03171987
-0.03245273
-0.0214723
-0.06173129
-0.08442346
-0.08442346
-0.1198045
-0.1198045
-0.1090684
-0.1090684
-0.1466433
-0.1466433
