-0.535824
-0.526552
-0.5055683
-0.4897084
-0.4428599
-0.3938159
-0.3938159
-0.3569722
-0.3569722
-0.2479039
-0.2479039
-0.161772
-0.1556726
-0.1178518
-0.1000407
-0.06734365
-0.06734365
-0.04587136
-0.04587136
-0.0124446
-0.0124446
0.0912557
0.0912557
0.2852361
0.2852361
0.4501807
0.4501807
0.4728713
0.4736041
0.4697002
0.4518876
0.4494478
0.4494478
0.4804364
0.4804364
0.5480243
0.5668126
0.5846237
0.5770602
0.5599803
0.5599803
0.4931237
0.4653077
0.4653077
0.4194364
0.4047963
0.3711237
0.3450162
0.3274478
0.3274478
0.3274478
0.2962165
0.2791367
0.2666921
0.2579087
0.1998355
0.1705554
0.1546954
0.1546954
0.1310277
0.1298078
0.1105325
0.1105325
0.02830453
0.02830453
0.02830453
-0.1117524
-0.1117524
-0.1773876
-0.1773876
-0.2488795
-0.2488795
-0.38064
-0.38064
-0.4626237
-0.4699445
-0.4677475
-0.4677475
-0.4716514
-0.4716514
-0.4738484
-0.4738484
-0.4792165
