0.08076384
0.1310277
0.1310277
0.1507915
0.1507915
0.2195993
0.2774283
0.3599006
0.3498957
0.4099201
0.4099201
0.3503843
0.2859674
0.2193566
0.2193566
0.1395684
0.06880782
0.06880782
-0.0697834
-0.0697834
-0.0697834
-0.2496123
-0.3093924
-0.3093924
-0.3921075
-0.4606725
-0.4606725
-0.5206954
-0.5538794
-0.5538794
-0.6627035
-0.6627035
-0.6892996
-0.6651433
-0.6566041
-0.6566041
-0.587552
-0.5099608
-0.5099608
-0.4250487
-0.3559966
-0.3559966
0.04709123
0.04709123
0.2779153
0.2779153
0.2779153
0.4616481
0.4616481
0.5580276
0.5580276
0.5880406
0.5280162
0.5280162
0.3913761
0.3630716
0.3269593
0.3025602
0.2469283
0.2469283
0.1483518
0.04660422
-0.05368074
