0.1639674
0.1639674
0.1639674
0.05856024
0.05856024
0.05856024
-0.01585994
-0.06783222
-0.1146807
-0.2122801
-0.2122801
-0.2296042
-0.1927605
-0.1927605
-0.3506286
-0.3506286
-0.401868
-0.5114234
-0.5253322
-0.5253322
-0.5050797
-0.5050797
-0.5050797
-0.5502198
-0.5502198
-0.5502198
-0.4172394
-0.4172394
-0.4172394
-0.1851954
-0.261324
-0.261324
-0.2454641
-0.1263925
-0.1263925
0.03781925
0.03781925
0.1132166
0.1485961
0.173728
0.173728
0.173728
0.237412
0.2884087
0.2884087
0.2757198
0.2510765
0.2510765
0.2357036
0.2357036
0.2357036
0.1954446
0.1954446
0.192272
0.1237084
0.1237084
0.07295601
0.07295601
0.07124756
0.03586807
-0.006832235
-0.006832235
-0.03342832
-0.07832409
-0.1354202
-0.1354202
-0.1354202
-0.2117915
-0.2117915
-0.2093518
-0.2481482
-0.2481482
-0.2481482
-0.5572963
-0.5572963
-0.6351318
-0.6661204
