-0.9345194
-0.9345194
-0.9328125
-0.9433044
-0.9196366
-0.9196366
-0.8840113
-0.8732767
-0.9059721
-0.9059721
-0.9149998
-0.9306155
-0.9855161
-1.027972
-1.038464
-1.029681
-0.9379363
-0.9379363
-0.8827914
-0.8637604
-0.8637604
-0.8801073
-0.9118288
-0.9018239
-0.9018239
-0.9516008
-0.9567246
-0.9462327
-0.9462327
-0.8815715
-0.8815715
-0.8786448
-0.8698598
-0.8561953
-0.8837686
-0.9193923
-0.9759998
-1.03334
-1.03334
-1.21512
-1.246352
-1.246352
-1.179983
-0.9440357
-0.9440357
-0.8159363
-0.8159363
-0.7981237
-0.7981237
-0.8444836
-0.8444836
-0.9791725
-0.9791725
-1.038464
-1.038464
-1.038464
-1.014552
-1.014552
-1.037975
-1.015041
-0.9664836
-0.95892
-0.9835634
-0.9979607
