-1.090436
-1.090436
-0.956236
-0.956236
-0.8347246
-0.8347246
-0.8396041
-0.8396041
-0.831552
-0.8081285
-0.8535113
-0.8535113
-0.9276887
-0.9276887
-0.9762442
-0.9762442
-1.067744
-1.067744
-0.9842963
-1.162904
-1.089948
-1.159975
-1.079212
-0.9057279
-0.9389119
-1.108736
-1.087996
-0.885964
-0.9071921
-0.9728288
-1.026508
-0.9235405
-0.9235405
-1.0004
-1.107272
-0.9406204
-0.9406204
-0.9794167
-0.9794167
-0.8152035
-0.8152035
-1.172664
-1.351516
-1.351516
-1.264896
-1.234884
-1.256356
-1.228785
-1.143384
-1.091412
-1.025777
-0.916464
-0.9242718
-0.874008
-0.7632327
-0.7622556
-0.7637197
-0.9069477
-0.9069477
-0.8776676
-0.888648
-0.919148
-0.9869803
-1.06506
-1.06506
