-1.027239
-1.013088
-0.9786839
-0.8383842
-0.8383842
-0.8657116
-0.8657116
-0.8159363
-0.7485927
-0.7607914
-0.7607914
-0.5912116
-0.5912116
-0.5531481
-0.5531481
-0.5633957
-0.5575406
-0.6653875
-0.6946676
-0.572912
-0.572912
-0.499956
-0.499956
-0.5160602
-0.572912
-0.6278126
-0.7617686
-0.77592
-0.7942197
-0.8178875
-0.8178875
-0.7847035
-0.7847035
-0.6912523
-0.6912523
-0.6424527
-0.6424527
-0.6424527
-0.6912523
-0.6792963
-0.6634364
-0.59414
-0.59414
-0.4472524
-0.3742963
-0.3803957
-0.4318794
-0.4399315
-0.4516433
-0.4516433
-0.5346041
-0.5926758
-0.7322442
-0.7322442
-0.9176839
-0.9176839
-1.128744
-1.256843
-1.256843
-1.483764
-1.468879
-1.468879
-1.321505
-1.321505
-1.121181
