-1.15534
-1.156804
-1.054568
-1.054568
-0.9803923
-0.9281757
-0.831552
-0.7722604
-0.7171155
-0.7219966
-0.6841758
-0.6841758
-0.8557083
-1.009672
-1.047005
-0.8957246
-1.001376
-1.001376
-1.0309
-1.0309
-0.9296399
-0.9296399
-0.9413517
-0.8564396
-0.7537165
-0.7537165
-0.8854755
-0.9020683
-1.006744
-1.006744
-1.0004
-0.9396448
-0.9186594
-0.8769363
-0.7815324
-0.7703077
-0.8974315
-1.103124
-1.103124
-1.144604
-1.144604
-1.144604
-0.9906399
-0.9906399
-0.8608321
-0.7337083
-0.7820194
-0.7820194
-0.9318354
-0.9642881
-0.9347637
-1.026019
-1.10776
-1.10776
-1.130695
-1.130695
-1.032365
-0.9264688
-0.8269168
-0.8410683
-0.9896643
-1.264896
-1.264896
