-1.2322
-1.17608
-1.17608
-1.122645
-1.102637
-1.078725
-1.078725
-0.9972278
-0.9972278
-0.8786448
-0.8786448
-0.7156514
-0.7156514
-0.7024755
-0.6863713
-0.6929607
-0.6929607
-0.8134966
-0.8134966
-0.9925926
-0.9925926
-1.105808
-1.105808
-1.21756
-1.168028
-1.168028
-1.182181
-1.197796
-1.197796
-1.202676
-1.187304
-1.187304
-1.017967
-1.017967
-0.8713239
-0.8713239
-0.8413125
-0.8073956
-0.8073956
-0.8144721
-0.7847035
-0.7847035
-0.8386285
-0.8386285
-0.8244755
-0.8244755
-0.8718125
-0.9723402
-1.088241
-1.088241
-1.130453
-1.130453
-0.9896643
-0.9572116
-0.9572116
-0.8349673
-0.8349673
-0.8349673
-0.7624999
-0.7407833
-0.7407833
-0.6990601
-0.6990601
-0.7017442
-0.7017442
-0.7912914
-0.7912914
-0.8115438
-0.8483875
-0.97478
-0.97478
-1.041392
-1.041392
-0.9838077
-0.9838077
-0.9838077
-0.8683956
-0.8683956
-0.8156921
-0.6602637
-0.6602637
-0.6236644
-0.618052
-0.618052
-0.7158957
-0.7158957
-0.7158957
-1.002596
-1.076772
