-0.4557915
-0.5799885
-0.9208565
-0.9208565
-1.67872
-1.924672
-2.02276
-2.02276
-1.689456
-1.689456
-0.9581887
-0.9581887
-0.5070325
-0.5070325
-0.3359885
-0.3635602
-0.3479445
-0.5033713
-0.6319607
-0.6319607
-1.124596
-1.124596
-1.526953
-1.550132
-1.577703
-1.426912
-1.238544
-1.238544
-0.9052393
-0.7285845
-0.5855993
-0.5855993
-0.286456
-0.2569316
-0.2881644
-0.2971921
-0.331596
-0.331596
-0.5372882
-0.7327327
-1.072379
-1.181692
-1.242448
-1.242448
-1.021873
-1.021873
-0.6502604
-0.5314316
-0.5102035
-0.496052
-0.3591677
-0.3591677
-0.4589641
-0.4589641
-0.7532279
-0.8420438
-0.9328125
-1.155584
