-0.496052
-0.4709201
-0.4709201
-0.2754755
-0.1886123
-0.1886123
-0.2034967
-0.2034967
-0.3074397
-0.3669755
-0.4335879
-0.4335879
-0.4492035
-0.4492035
-0.5328957
-0.5328957
-0.9506236
-1.325651
-1.325651
-1.378112
-1.452044
-1.575752
-1.552571
-1.454728
-1.33712
-1.208288
-1.091412
-0.9994233
-0.9320797
-0.8971887
-0.8840113
-0.8630276
-0.8686399
-0.8325276
-0.7610357
-0.6702686
-0.5970683
-0.4823876
-0.359412
-0.2444885
-0.1676286
-0.2827964
-0.4021123
-0.4567686
-0.5568078
-0.5568078
-0.8683956
-0.8683956
-0.8776676
-0.8869396
-0.9245161
-0.9245161
-1.038464
-1.156804
-1.36762
-1.36762
-1.389093
-1.362983
-1.316379
-1.274412
-1.1834
