-0.8169119
-0.8069086
-0.8069086
-0.8296008
-0.7734803
-0.7903158
-0.7903158
-0.9447685
-0.8630276
-0.7549363
-0.691008
-0.7234607
-0.8339917
-1.061888
-1.057497
-0.9081676
-0.7412719
-0.8535113
-0.8535113
-0.9125601
-0.7080879
-0.5568078
-0.6963761
-0.79178
-0.7046725
-0.740052
-0.998692
-0.6714885
-0.3989397
-0.3989397
-0.4809234
-0.7261432
-0.9235405
-0.9001155
-0.9001155
-0.9357393
-1.049444
-0.9701447
-0.9701447
-0.7805552
-0.6658761
-0.8025162
-0.8025162
-0.8744966
-0.8744966
-0.8742523
-0.8742523
-0.8596122
-0.8596122
-0.7900715
-0.7900715
-0.8535113
-0.9886887
-0.9933239
-0.9933239
-0.8393598
-0.77592
-0.7298044
-0.7581074
-0.7581074
-0.8044673
-0.8298435
-0.855464
-0.8374086
-0.8874282
-0.8884038
-0.8915763
-0.9110959
