-0.9293956
-0.977464
-0.9533077
-1.030168
-1.030168
-1.030168
-1.1895
-1.1895
-1.195356
-1.166563
-1.148019
-1.148019
-1.085557
-1.085557
-1.013576
-1.013576
-1.053835
-1.061645
-1.059692
-1.059692
-0.9623353
-0.8927963
-0.8161806
-0.7571318
-0.7842165
-0.7842165
-0.8525357
-0.8854755
-0.8776676
-0.8537556
-0.8300878
-0.8300878
-0.9201236
-0.9201236
-0.9923484
-0.9923484
-0.9311041
-0.7747002
-0.7171155
-0.6412327
-0.6412327
-0.8030047
-0.8537556
-0.8769363
-0.9267116
-0.9398875
-0.9398875
-0.9398875
-0.8403354
-0.8627848
-0.8630276
-0.8630276
-0.8598565
-0.7851921
-0.7646953
-0.7908044
-0.8125194
-0.8125194
-0.7781155
-0.7781155
-0.7751887
-0.7751887
-0.8415568
-0.8415568
-0.8498517
