-1.027972
-0.9367164
-0.9664836
-0.9889315
-0.9908842
-0.9908842
-1.079456
-1.006988
-0.9684363
-0.9999119
-1.01748
-1.01748
-0.9891757
-0.9891757
-0.9630682
-0.9630682
-0.9596514
-0.9513565
-1.034072
-1.034072
-1.033829
-1.00894
-0.9989363
-0.9928353
-0.9303728
-0.9303728
-0.9520878
-0.9672164
-0.9791725
-0.9791725
-0.9364721
-0.9306155
-0.9306155
-0.9225634
-0.9411073
-0.9498923
-0.9498923
-0.9796594
-0.9606284
-1.030168
-1.030168
-1.084824
-1.068475
-0.9752685
-0.9574559
-0.9679477
-0.9701447
-0.9506236
-0.94428
-0.94428
-0.94428
-0.94428
-0.94428
-0.9452556
-0.9784396
-0.9784396
-0.9799038
-0.9799038
-0.9799038
-1.003329
-1.003329
-1.003085
-1.003085
-1.003329
-0.9901513
-0.9901513
-0.9706318
-0.9672164
-0.9569673
-0.9752685
-1.00284
-1.00284
-1.011624
-1.011624
-0.9957637
-0.9957637
-0.9830763
-0.9830763
-0.9703875
-0.9703875
-0.9059721
-0.9059721
-0.9035324
-0.9189038
-0.9362279
-0.940376
-0.9479396
-0.9479396
-0.9716073
-0.9933239
-1.003329
-1.003329
-0.9847832
-0.9921041
-0.9921041
-0.9667279
-0.9667279
-0.9542832
-0.9752685
-0.9645324
-0.9679477
-0.9691676
-0.9730715
-0.9789281
-0.9789281
-0.9794167
-1.007475
-1.007475
-1.012112
-0.9955194
-0.9789281
-0.9842963
-0.9842963
-0.9777083
-0.9784396
-0.9984477
-1.009428
-1.009428
-0.9906399
-1.006744
-1.091168
