-0.8125194
-0.8125194
-0.8125194
-0.7036954
-0.7036954
-0.7036954
-0.6502604
-0.5799885
-0.5555879
-0.5799885
-0.5799885
-0.6265927
-0.66978
-0.66978
-0.6985716
-0.6985716
-0.7642083
-0.9669721
-1.066769
-1.066769
-1.048956
-1.048956
-1.048956
-0.9984477
-0.9984477
-0.9984477
-1.154607
-1.154607
-1.154607
-1.067011
-1.071159
-1.071159
-1.086044
-1.098
-1.098
-1.063596
-1.063596
-1.051151
-1.05164
-1.08214
-1.08214
-1.08214
-1.182912
-1.165344
-1.165344
-1.202431
-1.186329
-1.186329
-1.025044
-1.025044
-1.025044
-0.9320797
-0.9320797
-0.9003598
-0.8637604
-0.8637604
-0.7934884
-0.7934884
-0.7549363
-0.6583126
-0.6731954
-0.6731954
-0.6370845
-0.6387914
-0.718824
-0.718824
-0.718824
-0.7361481
-0.7361481
-0.7895845
-0.7834836
-0.7834836
-0.7834836
-0.904508
-0.904508
-0.8117881
-0.7517637
