-0.8601008
-0.9830763
-0.9830763
-0.9052393
-0.8293565
-0.6934478
-0.6934478
-0.6424527
-0.6424527
-0.8701041
-0.7800683
-0.5499755
-0.5499755
-0.8469234
-0.8469234
-0.8571725
-0.8571725
-0.7676237
-0.7676237
-0.9181725
-0.9181725
-0.8708354
-0.8708354
-0.7249234
-0.7249234
-0.6722198
-0.6468436
-0.6546514
-0.6546514
-0.6614836
-0.6614836
-0.6702686
-0.6702686
-0.7568875
-0.7568875
-0.8747393
-0.7922686
-0.6719755
-0.6553842
-0.6973517
-0.6973517
-0.6622165
-0.6507475
-0.7756758
-0.7756758
-0.8296008
-0.8154477
-0.8920634
-0.9828321
-0.9606284
-0.9606284
-0.8730324
-0.8730324
-0.7915357
-0.7456644
-0.7456644
-0.7456644
-0.6195162
-0.5826725
-0.7549363
-1.00894
-1.00894
-0.8864526
-0.9274445
-0.9662408
-1.003816
-0.9864917
-0.9864917
-0.6895438
