-0.9474526
-0.9816122
-0.9947881
-0.9930797
-0.9874673
-0.9637995
-0.9720959
-0.9720959
-0.9899086
-0.9899086
-1.009428
-1.009428
-0.9882001
-0.9694119
-0.9816122
-0.9816122
-0.9642881
-0.9642881
-0.9759998
-0.9759998
-0.9821008
-0.9969836
-1.01626
-1.01626
-0.949648
-0.949648
-0.9340324
-0.9491594
-0.9540405
-0.9540405
-0.9684363
-0.9684363
-0.9938125
-0.9938125
-0.9616041
-0.9616041
-0.9325683
-0.9325683
-0.9679477
-1.00406
-1.020896
-1.044563
-1.044563
-1.117519
-1.149728
-1.114593
-1.013821
-1.013821
-0.9674607
-0.9674607
-0.9674607
-0.9089005
-0.8967001
-0.9096318
-1.052616
-1.052616
-1.117519
-1.117519
-1.117519
-0.9418402
-0.8749836
-0.8749836
-0.9713646
-0.9713646
-0.9364721
-0.9140242
-0.9140242
-0.9413517
-1.019189
-1.115813
-1.131428
-1.0675
-1.06262
-1.06262
-1.031145
-1.031145
-0.9906399
-0.9906399
-1.020164
-0.9784396
-0.9784396
-0.8671758
-0.8671758
