-0.5114234
-0.4289527
-0.4289527
-0.474824
-0.6107327
-1.180716
-1.180716
-1.541835
-1.541835
-1.612107
-1.612107
-1.223417
-1.009917
-0.6841758
-0.6841758
-0.4379804
-0.3296433
-0.1402997
-0.1673843
-0.4823876
-0.4823876
-0.6888126
-0.6888126
-0.9874673
-0.9874673
-1.006744
-0.8627848
-0.6229315
-0.6229315
-0.4494478
-0.4494478
-0.3564837
-0.3564837
-0.5260634
-0.5260634
-0.6873484
-0.6873484
-1.047005
-1.224392
-1.391288
-1.508409
-1.548423
-1.548423
-1.227808
-1.10776
-0.8191074
-0.7100406
-0.5243565
-0.5243565
-0.4177279
-0.4177279
-0.435052
-0.435052
-0.6700243
-0.6700243
-0.6700243
-0.9808794
-0.9808794
-0.9808794
-1.186085
-1.186085
-1.186085
-0.937692
-0.7873875
-0.7873875
