-0.8532686
-0.8576595
-0.895236
-0.9862474
-0.9862474
-0.9886887
-0.9733158
-0.9669721
-0.9669721
-0.9598956
-0.9996676
-0.9791725
-0.9830763
-0.9830763
-0.9716073
-0.9716073
-0.9706318
-0.9706318
-1.012843
-1.019431
-1.024068
-0.9791725
-0.8962116
-0.8962116
-0.7951953
-0.7859234
-0.8493646
-0.9079233
-0.9069477
-0.9498923
-0.9498923
-1.003572
-1.03944
-1.125329
-1.125329
-1.150461
-1.179983
-1.179983
-1.179983
-1.016992
-0.9555047
-0.9547718
-0.9298842
-0.8969445
-0.8969445
-0.8823044
-0.8981643
-0.8869396
-0.8871839
