-1.015527
-1.083848
-1.138747
-1.138747
-1.154852
-1.154852
-1.159244
-1.159244
-1.076041
-1.076041
-1.024799
-1.024799
-0.923052
-0.923052
-0.8820601
-0.8903565
-0.9337881
-0.9828321
-1.120692
-1.120692
-1.159488
-1.159488
-1.06994
-1.06994
-1.053593
-1.053835
-1.053835
-1.053835
-0.9345194
-0.8942604
-0.8498517
-0.8498517
-0.8298435
-0.7786041
-0.9552604
-0.9552604
-0.9691676
-0.9691676
-1.050176
-1.050176
-1.077505
-1.040659
-1.01626
-1.008453
-1.040417
-1.040417
-1.040417
-0.9574559
-0.9574559
-0.9516008
-0.9474526
-0.9474526
-0.864736
-0.9518435
-0.9518435
-0.9313484
-0.9313484
-0.8893794
-0.9176839
-0.9398875
-0.9857604
-0.9789281
-0.9079233
-0.8371643
-0.8754721
-0.86742
-0.8317963
-0.8317963
-0.8095927
-0.7595716
-0.7595716
