-0.9847832
-0.9816122
-0.9759998
-0.9759998
-0.98942
-0.9769754
-0.9769754
-0.9623353
-0.9503794
-0.9503794
-0.9503794
-1.015527
-1.015527
-1.015527
-1.031145
-1.031145
-0.9972278
-1.017725
-1.017725
-1.047005
-1.024799
-1.024799
-1.034072
-1.043344
-1.043344
-1.045052
-1.037733
-1.037733
-1.007233
-0.9918598
-0.9918598
-1.030168
-1.009184
-1.009184
-0.9635568
-0.9391562
-0.9391562
-0.9669721
-0.9669721
-0.9669721
-1.04676
-1.013088
-1.013088
-1.011624
-1.011624
-0.9925926
-0.9925926
-0.9925926
-0.9557474
-0.9625797
-0.9625797
-0.968192
-0.968192
-0.9962522
-0.9962522
-0.9933239
-0.9808794
-0.9808794
-1.013576
-1.013576
-1.013576
-1.03212
-1.03212
-1.002352
-0.9925926
-0.9925926
-1.021628
-1.069695
-1.069695
-0.9884444
-0.9440357
-0.9440357
-0.9759998
-0.9957637
-0.9669721
-0.9757556
-0.9918598
-1.032365
-1.048712
-1.048712
-1.048712
-1.020164
-1.044321
-1.044321
-1.044321
-1.018456
-0.9786839
-0.9786839
-0.9935682
-1.00406
-1.00406
-0.9437914
