-1.108005
-1.062865
-1.113373
-1.113373
-1.169736
-1.169736
-0.9252474
-0.9252474
-0.8239884
-0.7251676
-0.5763273
-0.5763273
-0.4523761
-0.4523761
-0.4760439
-0.4760439
-0.5643713
-0.5646155
-0.7820194
-0.7820194
-0.8637604
-0.8637604
-0.9274445
-0.9274445
-0.998692
-1.047247
-1.112884
-1.112884
-1.104588
-1.104588
-1.057497
-1.057497
-1.079212
-1.079212
-0.9535519
-0.9535519
-0.8954803
-0.8954803
-0.8771806
-1.005036
-0.9903956
-0.9903956
-0.9903956
-0.9940552
-0.9115845
-0.9115845
-0.9879559
-0.9608728
-0.9452556
-0.9452556
-1.090681
-1.090681
-1.151681
-1.206335
-1.206335
-1.206335
-1.299299
-1.299299
-1.210484
-1.122645
-1.122645
-1.001132
-1.001132
-0.8152035
-0.7219966
