-1.026508
-0.9828321
-0.8615634
-0.8591236
-0.7463956
-0.6124396
-0.3650244
-0.3638045
-0.3821042
-0.3821042
-0.3425765
-0.3228126
-0.3228126
-0.5511954
-0.5511954
-0.5694966
-0.5912116
-0.6617279
-0.8400927
-0.8400927
-1.089948
-1.089948
-1.250011
-1.250011
-1.507189
-1.502552
-1.502552
-1.361032
-1.361032
-1.161928
-1.161928
-1.055788
-0.9506236
-0.9506236
-0.9049966
-0.7961725
-0.5124006
-0.399184
-0.399184
-0.1449364
-0.1449364
-0.1493274
-0.2781596
-0.3440406
-0.4091873
-0.5794999
-0.6580683
-0.8493646
-0.8493646
-0.9110959
-0.9391562
-0.9806366
-0.9806366
-1.118008
-1.424228
-1.424228
-1.586
-1.510604
-1.307596
-1.307596
-1.108492
-1.108492
-1.028703
-0.9015797
-0.8752279
-0.8825487
-0.7290716
-0.7290716
-0.6805162
