-1.024557
-1.024557
-1.059203
-1.109469
-1.091168
-1.031632
-0.9533077
-0.9533077
-0.9533077
-0.9296399
-0.9296399
-0.9047523
-0.8896236
-0.9027995
-0.9149998
-0.9379363
-0.9379363
-0.9452556
-1.146068
-1.146068
-1.332972
-1.43106
-1.281244
-1.281244
-1.083604
-1.083604
-0.8591236
-0.7146758
-0.7146758
-0.5619316
-0.5841367
-0.6173207
-0.6324478
-0.6832002
-0.6912523
-0.6912523
-0.7393207
-0.7393207
-0.7234607
-0.8437523
-0.8437523
-0.8635162
-0.7627442
-0.6990601
-0.6634364
-0.667096
-0.6775879
-0.6775879
-0.6846644
-0.6846644
-0.6658761
-0.6629478
-0.6758794
-0.7019885
-0.657824
-0.5721806
-0.5721806
-0.4860487
-0.4860487
-0.4499364
-0.3957686
-0.359412
-0.3093924
-0.3067084
-0.3489201
-0.383324
-0.3860081
-0.3860081
-0.3452605
-0.3655114
-0.3935716
-0.4455439
-0.4523761
