-0.9503794
-0.9503794
-0.9503794
-0.9652637
-0.9628239
-0.9628239
-0.9628239
-0.9742914
-0.9742914
-0.9742914
-1.036268
-1.036268
-1.036268
-1.113616
-1.113616
-1.113616
-1.441796
-1.441796
-1.441796
-1.198285
-1.198285
-0.9445242
-0.9445242
-0.8720552
-0.7805552
-0.7139445
-0.7139445
-0.6358647
-0.5646155
-0.5646155
-0.505324
-0.505324
-0.505324
-0.4777524
-0.4767767
-0.4767767
-0.5555879
-0.5555879
-0.5555879
-0.6688044
-0.6688044
-0.6688044
-0.7895845
-0.8884038
-0.8884038
-0.9542832
-1.063352
-1.063352
-1.07848
-1.07848
-1.07848
-1.223172
-1.107028
-1.151192
-1.151192
-1.151192
-1.118984
-1.118984
-1.057984
-1.048467
-1.048467
-1.064816
-1.064816
-1.064816
-1.075308
-1.029681
-1.029681
-0.874008
-0.874008
-0.874008
-0.8844998
-0.8844998
-0.8139836
-0.8139836
-0.8161806
-0.7432246
-0.7088207
-0.7088207
-0.6222002
-0.5831595
-0.5794999
-0.606096
-0.6129282
-0.6129282
-0.5919445
-0.5370439
-0.5370439
-0.5180113
-0.6082914
-0.8047116
-0.8047116
-0.7129673
-0.7129673
-0.712236
-0.8366758
-0.8366758
-1.024799
-1.024799
-1.024799
-1.178519
-1.178519
-1.090192
