0.3394039
0.3079283
0.3079283
0.1751921
0.1751921
-0.03074428
-0.09515961
-0.2813322
-0.5414364
-0.4962963
-0.4962963
-0.8042246
-0.7812881
-0.7764086
-0.7764086
-0.7832393
-0.68564
-0.68564
-0.6656318
-0.6656318
-0.6656318
-0.6927165
-0.6795406
-0.6795406
-0.5641285
-0.5067882
-0.5067882
-0.4648207
-0.4240716
-0.4240716
-0.2437557
-0.2437557
-0.1866596
-0.192272
-0.1810472
-0.1810472
-0.07637135
-0.04465148
-0.04465148
-0.08173943
-0.08198372
-0.08198372
-0.09418402
-0.09418402
-0.2618126
-0.2618126
-0.2618126
-0.2166726
-0.2166726
-0.3711237
-0.3711237
-0.3264723
-0.2759641
-0.2759641
-0.1373713
-0.1424967
-0.1515244
-0.1695798
-0.115412
-0.115412
-0.1049202
-0.1293192
-0.1468876
