0.3789316
0.3638045
0.3525797
0.3525797
0.3635602
0.3252524
0.3037801
0.286456
0.2774283
0.2774283
0.2691319
0.2691319
0.3591677
0.3662442
0.3618518
0.3618518
0.3730765
0.3655114
0.4008924
0.4370048
0.4233403
0.4836074
0.4394445
0.4394445
0.4621367
0.4621367
0.5431433
0.5431433
0.5431433
0.3054885
0.3933273
0.4118713
0.3430635
0.2793795
0.2947524
0.2637638
0.2547361
0.2837719
0.3294006
0.3294006
0.3486758
0.3437963
0.3215927
0.3184201
0.3184201
0.2991433
0.279868
0.2532719
0.2408274
0.3018273
0.3018273
0.2044723
0.1905635
0.1905635
0.1944674
0.1773876
0.1773876
0.1788518
0.1471319
0.09833222
0.1254153
0.1254153
0.05636477
0.05636477
-0.0641726
-0.06954067
-0.1727524
-0.1727524
-0.122
-0.122
-0.08881595
-0.04757981
-0.04757981
-0.003903912
-0.003903912
-0.003903912
0.002684037
0.002684037
-0.01122472
-0.01122472
0.06319545
0.05880453
0.05880453
0.1444479
0.1444479
0.1876367
0.1659202
0.1278566
0.1278566
0.06441533
0.06441533
