-0.2444885
0.06734365
0.122
0.122
0.1400554
0.2840162
0.3830797
0.4245602
0.4931237
0.5921888
0.8320405
0.8320405
0.5192327
0.1454235
-0.1402997
0.1954446
0.3786873
0.3786873
0.4021123
0.4021123
0.3703924
0.3703924
0.08613191
-0.07515148
0.003903912
0.003903912
0.2742557
0.3052442
0.4750683
0.4750683
0.5538794
0.5716921
0.5236237
0.4828761
0.4374918
0.3430635
0.0829593
0.02781596
0.02781596
0.1917834
0.1917834
0.1917834
0.2337524
0.2337524
0.1037003
0.04904397
0.05709608
0.05709608
0.1395684
0.2542475
0.2830406
0.2169153
0.1503045
0.1503045
0.5167915
0.5167915
0.5065439
0.5977996
-0.07515148
0.03586807
0.04148043
0.1661644
0.1661644
