0.2291156
-0.2571759
-0.3606319
-0.4006481
-0.4006481
-0.1320033
-0.1320033
-0.1320033
-0.7739673
-0.9452556
-0.9452556
-1.013332
-1.013332
-1.035291
-1.035291
-1.157291
-1.157291
-1.175835
-1.034072
-1.034072
-1.048712
-1.048712
-1.012601
-1.012601
-1.02358
-0.9877115
-0.7929999
-0.7929999
-0.8603435
-0.7354168
-0.76128
-0.8959673
-0.8408239
-0.8408239
-0.6014608
-0.6014608
-0.2886514
-0.2886514
-0.2200879
-0.2200879
0.09613676
0.1454235
0.4401758
0.4401758
0.4091873
0.4091873
0.7263875
0.7263875
0.7263875
0.7893403
0.7893403
0.86742
0.7000358
0.7000358
0.5307002
0.5307002
0.140544
0.3184201
0.3184201
0.1427394
0.1022361
-0.03635664
-0.1778762
-0.1778762
-0.2283843
-0.2696204
-0.2086205
-0.6839315
