0.2752313
0.291824
0.3791758
0.3791758
0.4406644
0.4274885
0.4196807
0.4514005
0.4877556
0.5048354
0.3372084
0.2910928
0.3838126
0.3838126
0.1395684
0.1115081
0.1525
0.1525
-0.2054479
-0.2054479
-0.3418436
-0.3418436
-0.6609966
-0.505324
-0.505324
-0.3733208
-0.2959723
-0.3323273
-0.3345244
-0.1451807
-0.1451807
0.008296397
0.05441204
0.140544
0.2169153
0.2474153
0.2964593
0.2913355
0.4216318
0.3874722
0.3772247
0.3723436
0.3723436
0.2444885
0.2444885
0.1973957
0.1973957
-0.08954725
-0.08954725
-0.08393645
-0.1705554
-0.2827964
-0.3115879
-0.3115879
-0.3057313
-0.3491644
-0.3491644
-0.2335081
-0.2335081
