0.1102882
0.1317605
0.1490846
0.1449364
0.1532313
0.1915407
0.1971515
0.1971515
0.1393241
0.1393241
0.08442346
0.08442346
0.003903912
-0.006587949
-0.05148372
-0.05148372
-0.04050328
-0.04050328
-0.0773485
-0.0773485
-0.07027198
-0.07051627
-0.082228
-0.082228
-0.1327361
-0.1327361
-0.1342003
-0.1510358
-0.1473762
-0.1473762
-0.13664
-0.13664
-0.1300521
-0.1300521
-0.0905244
-0.0905244
-0.03904068
-0.03904068
-0.03098857
-0.02122801
-0.02293646
-0.07368731
-0.07368731
-0.07759123
-0.1005277
-0.07051627
0.06636807
0.06636807
0.06685664
0.06685664
0.06685664
0.04416447
0.01000329
0.007563538
-0.06124428
-0.06124428
-0.1993485
-0.1993485
-0.1993485
-0.1627475
-0.1066286
-0.1066286
-0.08515632
-0.08515632
-0.07100328
-0.001708448
-0.001708448
0.1149235
0.1090684
0.1627475
0.1832443
0.1793403
0.08173943
0.08173943
-0.00561236
-0.00561236
0.04757981
0.04757981
0.06148856
0.02488763
0.02488763
-0.006587949
-0.006587949
