0.0829593
0.09028011
0.07173613
0.1124837
0.1124837
0.1815358
0.1815358
0.2461954
0.2913355
0.2693762
0.2693762
0.2874316
0.2874316
0.371368
0.371368
0.3750276
0.4269999
0.4284641
0.4252915
0.3469674
0.3469674
0.3401367
0.3401367
0.3862524
0.5677882
0.5226481
0.4560358
0.4760439
0.4723843
0.5209396
0.5209396
0.5409478
0.5409478
0.5794999
0.5794999
0.6192719
0.6192719
0.6192719
0.6734396
0.6756366
0.6436725
0.7202882
0.7202882
0.9062164
1.015285
0.9852718
0.8991399
0.8230113
0.725412
0.725412
0.6073158
0.5468044
0.3447719
0.3447719
0.1722638
0.1722638
-0.07344458
-0.2420488
-0.2420488
-0.450912
-0.4662834
-0.4662834
-0.328912
-0.328912
-0.0263518
