-0.6002393
-0.4440797
-0.4299282
-0.4299282
-0.3323273
-0.2823078
-0.2288713
-0.2217964
-0.2217964
-0.1910521
-0.1910521
-0.1324918
-0.1324918
-0.2657166
-0.2498566
-0.2498566
-0.2039837
-0.2039837
-0.2039837
-0.05026384
-0.08540061
-0.08540061
-0.1385928
-0.1385928
-0.0509967
0.04050328
0.04050328
0.1244397
0.1722638
0.1722638
0.1022361
0.07856838
0.1261482
0.09101141
0.04001627
0.0263518
0.0263518
0.08003253
0.08003253
0.06368402
0.06368402
0.05538763
0.08393645
0.08393645
0.07100328
0.07100328
0.07100328
0.2632768
0.2632768
0.2632768
0.2686433
0.2686433
0.3054885
0.4118713
0.4118713
0.4587198
0.4819005
