0.1651873
0.3015846
0.3015846
0.4209006
0.4526204
0.566324
0.6175634
0.6148794
0.6009722
0.7654282
0.7654282
0.8613207
0.8642474
0.7319999
0.7319999
0.6895438
0.7259005
0.6832002
0.6173207
0.6173207
0.6253713
0.6253713
0.6253713
0.7615243
0.7632327
0.8061758
0.8061758
0.8391155
0.8698598
0.9089005
0.8988956
0.888648
0.888648
0.8200845
0.8200845
0.80764
0.8376514
0.82228
0.82228
0.7158957
0.7158957
0.6497719
0.6497719
0.5843794
0.5714478
0.4843403
0.4445683
0.3240325
0.3240325
0.122
0.122
0.006587949
-0.1019918
-0.1725081
-0.2039837
-0.2405846
-0.3167117
-0.3982084
-0.4177279
-0.4289527
-0.4289527
-0.4472524
-0.4472524
-0.4457882
-0.4257801
-0.4057719
-0.3208599
-0.1468876
-0.06514819
-0.06514819
0.06148856
0.06148856
0.1412753
0.3040244
0.3433078
0.4579885
