-0.3291563
-0.3291563
-0.3874722
-0.3433078
-0.2540033
-0.2540033
-0.3098795
-0.3213485
-0.2791367
-0.2791367
-0.01585994
-0.01585994
0.02415633
-0.03269546
-0.05831595
-0.05831595
0.1037003
0.1037003
0.1429837
0.1429837
0.02440062
-0.08173943
-0.1842199
-0.2337524
-0.2701075
-0.2701075
-0.1554283
-0.2032524
-0.2032524
-0.2925554
-0.04050328
-0.04050328
0.1354202
0.1354202
0.3589234
0.3589234
0.3589234
0.4448126
0.4448126
0.3035358
0.1390798
0.1390798
-0.04440875
-0.04440875
-0.1934918
-0.1124837
-0.1124837
-0.008540683
0.0124446
0.009760559
-0.1171205
-0.1981286
-0.2479039
-0.2479039
-0.2557117
-0.2557117
-0.1183404
-0.1183404
-0.3608761
-0.3469674
-0.3469674
0.01146745
