-0.005368074
0.0558762
0.07198042
0.08857166
0.09881923
0.09881923
-0.09906352
-0.09906352
-0.1278566
-0.1305407
-0.1927605
-0.3228126
-0.5160602
-0.5160602
-0.4650635
-0.4650635
-0.389912
-0.5377768
-0.5336285
-0.5336285
-0.6424527
-0.6424527
-0.6424527
-0.8659559
-0.8030047
-0.8030047
-0.7871448
-0.8442393
-0.7998321
-0.7998321
-0.6056074
-0.4779966
-0.4779966
-0.4089445
-0.2835276
-0.1237084
0.1051645
0.1359087
0.1466433
0.03415962
0.03415962
0.0002442863
-0.05270359
-0.05270359
-0.05563192
-0.07515148
-0.09930781
-0.06954067
-0.09028011
-0.2554674
-0.2554674
-0.3023159
-0.3023159
-0.4079674
-0.4079674
-0.4365162
-0.4365162
-0.6592882
-0.6592882
-0.70028
