-1.349563
-1.378112
-0.9106073
-0.9106073
-0.5736433
-0.5736433
-0.4640879
-0.2320439
-0.1585993
-0.1585993
-0.1954446
-0.1315162
-0.3982084
-0.3982084
-0.858148
-1.128013
-1.736793
-1.736793
-1.065791
-1.065791
-0.7856806
-0.7856806
-0.6065845
-0.5804755
-0.1505472
-0.09979638
-0.1886123
-0.5487556
-0.5487556
-0.7376122
-0.7376122
-0.4682361
-0.4682361
-0.1795846
-0.1539641
-0.2152084
-0.2152084
-0.5448517
-0.2993876
-0.2632768
-0.2303355
-0.2881644
-0.3847882
-0.5214282
-0.6719755
-0.6788077
-0.6788077
-0.6753924
-0.6753924
-0.6190276
-0.5924315
