0.04343161
0.04172472
-0.02025242
-0.02342347
-0.02732738
-0.03049999
-0.0263518
-0.0263518
0.01268733
0.01268733
-0.004879501
0.01756838
-0.003659626
-0.003659626
-0.0173241
-0.0173241
-0.01512863
-0.0222036
0.02854726
0.02854726
0.004636771
0.004636771
-0.1078485
-0.08857166
-0.06685664
-0.01610422
-0.01342018
0.007076522
0.007076522
0.01634851
0.01634851
0.02025242
0.02025242
0.002195464
0.002195464
0.002195464
0.00341534
0.00341534
-0.001219875
-0.001219875
-0.007319252
-0.03245273
-0.007319252
-0.007319252
-0.03098857
-0.0009755891
0.05148372
0.05148372
0.05343645
0.03220844
0.0002442863
-0.01878826
-0.02391205
