-0.3642915
-0.432368
-0.432368
-0.3720993
-0.3364755
-0.2749885
-0.2749885
-0.1705554
-0.1705554
-0.1024804
-0.1024804
-0.0263518
-0.0263518
0.0214723
0.0641726
0.08930452
0.08930452
0.03757652
0.03757652
0.03830782
0.03830782
-0.006099377
-0.006099377
0.05368074
0.02879155
0.02879155
0.01073615
0.02195931
0.02195931
0.02806024
0.0558762
0.0558762
0.1202915
0.1202915
0.1995928
0.1995928
0.2044723
0.1722638
0.1722638
0.2100846
0.2015439
0.2015439
0.2220407
0.2220407
0.1908078
0.1908078
0.1834885
0.07685993
0.06880782
0.06880782
0.04782409
0.04782409
0.1068713
0.1117524
0.1117524
0.09393974
0.09393974
0.09393974
0.1978843
0.1747036
0.1747036
0.1676286
0.1676286
0.145912
0.145912
0.1017476
0.1017476
0.09174427
0.07027198
-0.02391205
-0.02391205
-0.04245602
-0.04245602
-0.04343161
-0.04343161
-0.04343161
-0.02854726
-0.02854726
0.004392485
0.1198045
0.1198045
0.1632361
0.1749479
0.1749479
0.1188274
0.1188274
0.1188274
0.0124446
-0.02464335
