0.09662377
-0.03171987
-0.09149998
0.02537621
0.1161433
0.1307834
0.06783222
0.06783222
0.1588436
0.1869039
0.2869445
0.4997117
0.6261041
0.6261041
0.6102442
0.6102442
0.6424527
0.6917393
0.7180927
0.7180927
0.7180927
0.3267165
0.2654723
0.2684006
0.4533517
0.4533517
0.4555487
0.4555487
0.5868207
0.5790113
0.4423713
0.4423713
0.2364364
0.2874316
0.2874316
0.4743355
0.4743355
0.6822246
0.6822246
0.6292768
0.7576204
0.8210601
0.8210601
0.8210601
0.5521725
0.5075195
0.6436725
0.5980439
0.1966644
0.09491532
0.1315162
0.1466433
0.1466433
0.2030081
0.2030081
0.04831266
0.04831266
0.02415633
0.01707981
0.06319545
0.06319545
0.1263925
0.1564039
0.1293192
0.1566482
0.1566482
0.194956
0.194956
0.194956
0.3415993
0.3415993
0.1276123
0.03025571
-0.09320843
-0.09320843
-0.9015797
-0.9015797
-0.8954803
-0.8954803
-0.8954803
-0.2505879
-0.1342003
-0.1342003
0.1673843
0.1673843
0.5375324
0.5375324
0.6375716
0.7283403
0.8852327
0.8852327
0.9401318
0.9401318
0.3530683
0.3530683
-0.008540683
-0.1932475
-0.8183761
-0.8183761
-0.7978794
-0.7398077
-0.5302116
-0.5302116
-0.03098857
-0.03098857
0.1549397
0.1549397
0.5148403
0.5148403
0.7232165
0.7912914
0.8935276
0.9328125
