0.6397686
0.6397686
0.6434282
0.6434282
0.7276074
0.7276074
0.6624607
0.6624607
0.5751074
0.5751074
0.521184
0.4904397
0.4904397
0.4069918
0.3584364
0.3308647
0.3308647
0.3220797
0.2962165
0.2566873
0.2074006
0.2074006
0.2369234
0.2293599
0.2015439
0.2095961
0.2200879
0.2252117
0.2486367
0.2354593
0.2354593
0.1978843
0.216184
0.216184
0.216184
0.1766563
0.1832443
0.1832443
0.1971515
0.1817801
0.1522557
0.1522557
0.1871482
0.1871482
0.2103274
0.2071563
0.2071563
0.1346873
0.1134593
0.1134593
0.1122394
0.1293192
0.1383485
0.1383485
0.09686806
0.09686806
0.1010163
0.1385928
0.2008126
0.2239918
0.2037394
0.1373713
0.1141922
