0.06148856
0.06148856
0.09003583
0.1183404
0.1329804
0.1329804
0.1095554
0.1134593
0.1122394
0.1122394
0.09906352
0.07954396
0.05685179
0.04977527
0.01659124
-0.006343663
0.01976385
0.01976385
0.04879968
0.01512863
0.01512863
0.01220031
-0.001464162
-0.003659626
-0.003659626
0.008296397
0.01634851
0.03318403
0.03318403
0.04806838
0.04806838
0.05441204
0.07295601
0.0600244
0.0263518
-0.003659626
-0.03879639
-0.1149235
-0.1149235
-0.2464397
-0.3054885
-0.3054885
-0.3179316
-0.2335081
-0.2335081
-0.1373713
-0.1373713
-0.06148856
-0.06148856
-0.002684037
-0.002684037
-0.04074757
-0.04074757
-0.01927527
-0.01927527
-0.01927527
0.02879155
0.02879155
-0.008783413
-0.0214723
0.008540683
0.02708466
0.007563538
0.01610422
