-0.2000798
-0.2000798
-0.2354593
-0.2354593
-0.2684006
-0.2684006
-0.2793795
-0.2793795
-0.3469674
-0.3469674
-0.3437963
-0.3437963
-0.3406237
-0.3559966
-0.3786873
-0.3786873
-0.4365162
-0.4365162
-0.4479837
-0.3904006
-0.3415993
-0.3415993
-0.3574592
-0.3506286
-0.3191514
-0.2503436
-0.1493274
-0.09369545
-0.1439593
-0.1439593
-0.1522557
-0.1478648
-0.1478648
-0.1473762
-0.1515244
-0.1769006
-0.2339967
-0.2339967
-0.2291156
-0.2291156
-0.19764
-0.19764
-0.1812915
-0.1812915
-0.07246744
-0.07246744
-0.008540683
-0.008540683
0.04489577
0.051728
0.03098857
-0.006099377
0.01634851
0.04416447
0.04416447
-0.0173241
-0.0173241
-0.05758465
-0.05758465
-0.05294788
0.01415149
-0.00561236
-0.03562378
-0.06099999
-0.02440062
0.09101141
0.1930033
0.3311075
0.3311075
0.2108159
0.2108159
0.2332638
0.1793403
0.1961759
0.2730358
0.3513599
0.3513599
0.4091873
0.2854804
0.2854804
0.003659626
0.1024804
0.2857247
0.1832443
-0.0131759
