0.09247557
0.09247557
0.06319545
0.06319545
0.1402997
0.1603078
0.2071563
0.2071563
0.02708466
-0.08832738
-0.08979154
-0.0007313028
-0.0007313028
-0.01878826
-0.1507915
-0.1507915
-0.1507915
-0.2749885
-0.4555487
-0.6666074
-0.6121954
-0.6583126
-0.6524559
-0.6190276
-0.5529038
-0.5136204
-0.5136204
-0.3379397
-0.3379397
-0.2237475
-0.2237475
0.02244788
0.02244788
0.02244788
0.02244788
0.04977527
0.07881266
0.07881266
0.03806353
0.1095554
0.1095554
-0.04757981
0.05270359
-0.1132166
-0.1132166
-0.2945081
-0.2945081
-0.2776726
-0.1981286
-0.2249674
-0.2249674
-0.1878795
-0.1878795
-0.1483518
-0.1129723
-0.3657556
-0.3923517
-0.4596954
-0.54778
-0.5880406
