0.1781205
0.3267165
0.4179722
0.4179722
0.5887719
0.5887719
0.4614038
0.3084153
0.161772
0.161772
0.2849918
0.2849918
0.5050797
0.5050797
0.4357834
0.4357834
0.4567686
0.4567686
0.6775879
0.6775879
0.7129673
0.7129673
0.5587605
0.5587605
0.6775879
0.6775879
0.4379804
0.4379804
0.3516042
0.3516042
0.3113436
0.3113436
0.1210244
0.03904068
-0.1585993
-0.1585993
-0.3508713
-0.3508713
-0.4316367
-0.4316367
-0.3459918
-0.3459918
-0.3084153
-0.3442834
-0.3584364
-0.3584364
-0.2727915
-0.2720602
-0.3281807
-0.3786873
-0.3357442
-0.3357442
-0.22814
-0.3008518
-0.3245195
-0.2859674
-0.2608355
-0.1788518
-0.1073599
-0.05294788
-0.1212687
-0.1927605
-0.3767361
-0.3767361
-0.3672198
-0.3069527
-0.3049999
-0.2949966
-0.2674234
-0.2103274
-0.1625033
-0.1625033
0.01220031
0.01220031
0.01220031
0.01415149
-0.08125241
-0.1766563
-0.2391205
-0.1571368
-0.01464006
0.1346873
0.3540439
0.6370845
0.6370845
0.3106123
0.3106123
0.4243159
0.4243159
0.4765325
0.4145553
0.4406644
