0.003659626
-0.01561565
-0.01976385
-0.01976385
-0.0131759
-0.008783413
-0.01415149
-0.01634851
-0.01342018
-0.01903255
-0.02073944
-0.02073944
-0.0214723
-0.02000813
-0.02684037
-0.02684037
-0.07344458
-0.07344458
-0.1068713
-0.1054087
-0.1132166
-0.1132166
-0.1132166
-0.1615277
-0.1054087
-0.1054087
0.01634851
0.01634851
0.09223129
0.09223129
0.1324918
0.2305798
0.3130521
0.3430635
0.3657556
0.3874722
0.4213876
0.4765325
0.4765325
0.5060553
0.57828
0.5873078
0.5858436
0.6121954
0.6121954
0.6090243
0.6175634
0.6175634
0.630008
0.630008
0.6226888
0.5987768
0.6002393
0.5982882
