-0.1224886
-0.1224886
-0.1144364
-0.1088241
-0.1044316
-0.1044316
-0.1132166
-0.1241954
-0.1532313
-0.1532313
-0.1847084
-0.1847084
-0.2264316
-0.2264316
-0.2125244
-0.2125244
-0.2125244
-0.1695798
-0.1137036
-0.09442831
-0.07027198
-0.07027198
-0.03196416
-0.03196416
0.03977198
0.03977198
0.03977198
0.06221987
0.1351759
0.1351759
0.1488404
0.16714
0.2071563
0.2071563
0.2427801
0.2427801
0.2779153
0.2779153
0.3120765
0.3520927
0.4184592
0.4787279
0.5311888
0.5311888
0.5597361
0.5389966
0.5272833
0.5260634
0.5277719
0.5387523
0.575596
0.6041448
0.6041448
