-0.08686477
-0.08149669
-0.07466446
-0.08784036
-0.1149235
-0.1251726
-0.1295635
-0.1295635
-0.1407882
-0.1295635
-0.112728
-0.112728
-0.03415962
-0.03415962
0.04538434
0.04489577
0.04465148
0.04465148
0.1107753
0.1603078
0.2008126
0.2008126
0.2474153
0.2749885
0.3347687
0.3789316
0.4531074
0.5224038
0.5587605
0.5682768
0.5897475
0.5980439
0.5931644
0.5614445
0.5560764
0.5536367
0.5651041
0.5651041
0.5924315
0.5924315
0.5973126
0.5953599
0.5970683
0.5970683
0.5868207
0.5868207
0.5804755
0.5804755
