-0.1756807
-0.173728
-0.173728
-0.1734837
-0.1734837
-0.1573795
-0.1573795
-0.1585993
-0.1585993
-0.1842199
-0.1842199
-0.1849527
-0.1849527
-0.2164283
-0.2147198
-0.2098403
-0.2030081
-0.1937361
-0.1937361
-0.1815358
-0.1815358
-0.1420081
-0.1420081
-0.05368074
-0.0124446
0.0263518
0.0263518
0.09808794
0.09808794
0.1090684
0.1090684
0.1068713
0.1166319
0.1329804
0.1329804
0.1573795
0.1744593
0.2193566
0.2193566
0.2962165
0.2962165
0.3979641
0.3979641
0.4423713
0.4682361
0.4872686
0.4923924
0.5097165
0.5097165
0.5097165
0.5536367
0.5536367
0.6078044
0.6688044
0.6934478
0.7368794
0.7468842
0.7485927
