0.01829969
0.02171658
0.02879155
0.02708466
0.02562049
0.02562049
0.02366776
0.02366776
0
-0.01195602
-0.03245273
-0.05514335
-0.07124756
-0.07124756
-0.05465633
-0.04123614
-0.04123614
-0.02049671
0.008783413
0.07271173
0.1093127
0.1261482
0.1568925
0.1878795
0.2405846
0.2854804
0.3228126
0.3228126
0.4160195
0.4160195
0.4611596
0.4733599
0.5280162
0.5919445
0.5919445
0.5919445
0.6436725
0.6766123
0.7061366
0.7061366
0.7244363
0.7244363
0.7363924
0.7363924
0.7346839
0.7229722
0.7117475
0.7117475
0.6961318
0.6961318
0.6966204
0.6829559
0.6539201
0.6456237
0.6456237
