-0.1490846
-0.1239527
-0.1310277
-0.1310277
-0.140544
-0.140544
-0.1437166
-0.1437166
-0.143228
-0.1412753
-0.1334674
-0.1344446
-0.1180961
-0.1180961
-0.1095554
-0.09028011
-0.09028011
-0.08906023
-0.06734365
-0.04806838
-0.04806838
-0.001952734
-0.001952734
0.02610751
0.04221173
0.05148372
0.05148372
0.05148372
0.05392347
0.04196744
0.03464819
0.0263518
0.009760559
-0.01171174
-0.01171174
-0.03440391
-0.02976869
-0.02098372
-0.02098372
0.02952441
0.02952441
0.06026869
0.06026869
0.1124837
0.1363958
0.1363958
0.1363958
0.2381433
0.2381433
0.3279364
0.4174837
0.4670162
0.4670162
0.4670162
0.6319607
0.6583126
0.6583126
0.7256562
0.7546921
0.7742116
0.7742116
0.7742116
0.8215487
0.8225242
0.8225242
0.8474119
0.8444836
0.8444836
0.8308207
0.8166676
0.8166676
0.8166676
