-0.4560358
-0.4394445
-0.3718566
-0.3469674
-0.3562394
-0.3537996
-0.35014
-0.3420879
-0.3296433
-0.3296433
-0.3376954
-0.2932882
-0.2932882
-0.3608761
-0.3608761
-0.3979641
-0.5138647
-0.6412327
-0.7932442
-0.7524966
-0.5987768
-0.4738484
-0.3010961
-0.1773876
-0.05978011
0.03879639
0.2554674
0.2554674
0.4440797
0.7703077
1.117764
1.313697
1.408124
1.437404
1.437404
1.255624
1.255624
1.108005
1.108005
0.8810845
0.8810845
0.7766514
0.8144721
0.8144721
0.9010926
0.8940161
0.8940161
0.8298435
0.8298435
0.8796204
0.8586366
