-0.08588763
-0.08588763
-0.08247229
-0.07881266
-0.07881266
-0.1161433
-0.1161433
-0.1424967
-0.1900765
-0.2093518
-0.2271644
-0.2174039
-0.2174039
-0.1647003
-0.1647003
-0.140544
-0.1078485
-0.06856353
-0.01659124
-0.01659124
0.03293975
0.03293975
0.082228
0.082228
0.1300521
0.1300521
0.1637247
0.1637247
0.2022752
0.2022752
0.2217964
0.2422915
0.2627882
0.2898713
0.3247638
0.3664885
0.4462768
0.4462768
0.4921481
0.5080081
0.5080081
0.54778
0.54778
0.6873484
0.6873484
0.779824
0.779824
0.7978794
0.7978794
0.7837279
0.7442002
0.7402963
0.7273647
0.7273647
0.6741725
0.6573354
0.6424527
0.6348875
0.6348875
0.6248842
0.6248842
