0.008052111
0.01122472
-0.001952734
-0.00341534
-0.0131759
-0.0131759
-0.03049999
-0.03049999
-0.04074757
-0.04660422
-0.04660422
-0.08344787
-0.08344787
-0.07905539
-0.07905539
-0.07905539
-0.06563676
-0.01781267
0.03659937
0.03659937
0.07100328
0.07100328
0.1505472
0.1893436
0.1893436
0.2178925
0.3369641
0.3369641
0.4160195
0.4160195
0.4635993
0.5084966
0.5084966
0.627324
0.7007686
0.7007686
0.7627442
0.7922686
0.7922686
0.8393598
0.8632718
0.8632718
0.8452165
0.8269168
0.8269168
0.8183761
0.8183761
0.8183761
0.7793354
0.7651839
