-0.9757556
-0.9757556
-0.9630682
-0.9577001
-0.9513565
-0.9513565
-0.9567246
-0.9769754
-1.001865
-1.001865
-1.006744
-1.006744
-0.9984477
-0.9984477
-0.9942995
-0.9942995
-0.9942995
-0.9862474
-0.9713646
-0.9728288
-0.9686806
-0.9686806
-0.9574559
-0.9574559
-0.9745357
-0.9745357
-0.9745357
-0.9762442
-0.9718516
-0.9718516
-0.9528207
-0.9433044
-0.9272001
-0.9272001
-0.8942604
-0.8942604
-0.8549755
-0.8549755
-0.7683565
-0.7639641
-0.8086155
-0.8742523
-0.9215878
-0.9215878
-0.9208565
-0.8913321
-0.8510715
-0.8305764
-0.8088598
-0.7973924
-0.7869005
-0.797148
-0.797148
