-0.9811236
-0.998692
-1.005524
-1.005524
-0.9942995
-1.001132
-1.026508
-1.026508
-1.004549
-1.001132
-0.9913728
-0.9913728
-0.9964966
-0.9991806
-0.9921041
-0.9921041
-0.9250047
-0.9250047
-0.9369607
-1.002107
-1.002107
-0.9391562
-0.9174396
-0.9174396
-0.9110959
-0.8974315
-0.8432637
-0.8591236
-0.8986514
-0.8986514
-0.888648
-0.888648
-0.8920634
-0.8920634
-0.8296008
-0.83814
-0.8183761
-0.8237442
-0.8454607
-0.8454607
-0.843508
-0.8408239
-0.8396041
-0.8396041
-0.8430194
-0.8430194
-0.8274038
-0.8274038
-0.8400927
-0.8400927
