-0.9969836
-0.9913728
-0.9821008
-0.9806366
-0.9935682
-0.9935682
-0.9969836
-0.9969836
-0.9982035
-0.9940552
-0.9835634
-0.9835634
-0.9999119
-0.9999119
-1.011137
-1.003572
-1.008695
-1.008695
-1.000156
-1.000156
-0.9633125
-0.9633125
-0.9550161
-0.9567246
-0.9598956
-0.9598956
-0.9598956
-0.9301285
-0.8788875
-0.8779119
-0.8466806
-0.8466806
-0.8252083
-0.8134966
-0.8442393
-0.8442393
-0.8622963
-0.8622963
-0.8627848
-0.8586366
-0.8400927
-0.8286237
-0.7927556
-0.7927556
-0.7754315
-0.7754315
-0.779824
-0.779824
-0.7803125
-0.7634755
-0.7603044
-0.7754315
-0.7898273
-0.7898273
-0.7908044
