-0.9803923
-0.9603842
-0.9603842
-0.9520878
-0.9520878
-0.9508679
-0.9508679
-0.9913728
-0.9913728
-0.9921041
-0.9921041
-0.9896643
-0.9896643
-1.02358
-1.017725
-0.9999119
-0.98942
-0.9962522
-0.9962522
-1.007233
-1.007233
-1.011624
-1.011624
-0.9791725
-0.9535519
-0.9472083
-0.9472083
-0.9374477
-0.9374477
-0.9508679
-0.9508679
-0.9799038
-0.9769754
-0.9540405
-0.9540405
-0.9152442
-0.9145113
-0.8998728
-0.8998728
-0.8962116
-0.8962116
-0.909876
-0.909876
-0.8405797
-0.8171562
-0.8461921
-0.8722996
-0.864736
-0.864736
-0.864736
-0.8405797
-0.8405797
-0.8281366
-0.8320405
-0.8244755
-0.8032475
-0.8017833
-0.7788484
