-1.0187
-1.012112
-1.012112
-1.030656
-1.030656
-1.0309
-0.9940552
-0.9718516
-0.9718516
-0.9398875
-0.9398875
-0.9125601
-0.92842
-0.9411073
-0.9411073
-0.9689233
-0.9445242
-0.9445242
-0.9030438
-0.9030438
-0.9413517
-0.9106073
-0.9106073
-0.9332995
-0.9474526
-0.9362279
-0.9362279
-0.9525763
-0.9525763
-0.9345194
-0.9345194
-0.9167083
-0.8805959
-0.8805959
-0.8801073
-0.8640047
-0.8798646
-0.8962116
-0.9118288
-0.9103646
-0.91378
-0.91378
-0.9228077
-0.9062164
-0.8866953
-0.8962116
-0.8962116
-0.8871839
-0.8791318
