0.1239527
0.1337117
0.1334674
0.1468876
0.1503045
0.1610407
0.1637247
0.1271238
0.1210244
0.1210244
0.1217557
0.1205358
0.1449364
0.1525
0.1525
0.1566482
0.1422524
0.1422524
-0.004879501
-0.004879501
0.007319252
0.01390876
0.0124446
-0.03684366
-0.03684366
-0.05929154
-0.02610751
-0.007319252
-0.05270359
-0.06099999
-0.06099999
-0.1122394
-0.1122394
-0.09247557
-0.09247557
-0.05636477
-0.0600244
-0.04343161
-0.0395277
-0.06954067
-0.06954067
-0.07466446
-0.06783222
-0.06539247
-0.06539247
-0.0863762
-0.08686477
-0.08076384
