0.2105716
0.2105716
0.2313126
0.2313126
0.2139885
0.2159397
0.2298485
0.2259446
0.19764
0.1995928
0.204228
0.204228
0.2027638
0.2027638
0.1908078
0.1908078
0.1878795
0.1866596
0.1866596
0.1959316
0.2010554
0.2010554
0.2113045
0.1939804
0.1939804
0.2003241
0.2022752
0.2022752
0.2200879
0.2200879
0.2200879
0.2166726
0.1666515
0.1205358
0.1205358
0.3518485
0.3518485
0.3518485
0.16714
-0.02488763
-0.02488763
-0.05782738
0.04440875
0.04440875
0.001952734
-0.03562378
-0.09149998
-0.1525
-0.1695798
-0.1695798
-0.1612834
-0.1871482
-0.2174039
-0.183
-0.183
-0.1212687
-0.0946726
-0.0946726
-0.05221658
-0.05221658
-0.05221658
-0.02854726
-0.06270844
-0.06270844
-0.06587949
-0.06587949
-0.09808794
-0.09808794
-0.1122394
-0.115412
-0.1032117
