0.03855211
0.05148372
0.05148372
0.07417589
0.07417589
0.07076055
0.07076055
0.0607557
0.0607557
0.06954067
0.06954067
0.06343974
0.06343974
0.01171174
0.007319252
0.003903912
-0.0090277
-0.01756838
-0.01756838
-0.02171658
-0.02171658
-0.01537136
-0.01537136
-0.005368074
0.00561236
0.0090277
0.0090277
0.01342018
0.01342018
0.06124428
0.06124428
0.03781925
0.03318403
0.02659608
0.02659608
-0.003659626
-0.03001142
-0.09320843
-0.09320843
-0.08857166
-0.08857166
-0.1188274
-0.1188274
-0.06099999
-0.04465148
-0.06636807
-0.09881923
-0.09735663
-0.09735663
-0.09735663
-0.051728
-0.051728
-0.0600244
-0.1327361
-0.1456677
-0.1808045
-0.1939804
-0.1859283
