0.09198856
0.08784036
0.07710421
0.08759607
0.09198856
0.08784036
0.07710421
0.06465962
0.05953583
0.07246744
0.1032117
0.1032117
0.09613676
0.09101141
0.0697834
0.06441533
0.06441533
0.06441533
0.05221658
0.05221658
0.04782409
0.05075242
0.05075242
0.05343645
0.03781925
0.02659608
0.02659608
0.009760559
0.009760559
0.01488435
0.01488435
0.03342832
0.03489248
0.0566075
0.0566075
0.07100328
0.07100328
0.09735663
0.09735663
0.09735663
0.09076868
0.09076868
0.1090684
0.1090684
0.08735178
0.0649039
0.0649039
-0.04709123
-0.04074757
-0.04074757
-0.02952441
-0.03049999
-0.07198042
-0.07954396
-0.07076055
-0.08100812
-0.09247557
-0.07978825
-0.07978825
-0.07295601
-0.07295601
-0.0863762
-0.0863762
-0.09345272
-0.09345272
-0.06758794
-0.05636477
-0.05636477
-0.05636477
-0.05343645
