0.2120358
0.2310683
0.2132557
0.2132557
0.2056921
0.2103274
0.2181367
0.2174039
0.2181367
0.2117915
0.2137443
0.2137443
0.2159397
0.2166726
0.2088647
0.2088647
0.2303355
0.2303355
0.2591286
0.2925554
0.2857247
0.2857247
0.2857247
0.2845033
0.2532719
0.2532719
0.1415195
0.1415195
0.1515244
0.1515244
0.1117524
0.04392018
-0.04757981
-0.07905539
-0.04318732
-0.03684366
-0.02684037
-0.0641726
-0.0641726
-0.08759607
-0.1505472
-0.1600635
-0.1478648
-0.1298078
-0.1298078
-0.1342003
-0.1307834
-0.1307834
-0.143228
-0.143228
-0.1449364
-0.1320033
-0.1388355
-0.131272
