0.1549397
0.1549397
0.1622605
0.1627475
0.1610407
0.1610407
0.1529886
0.1498159
0.1363958
0.1363958
0.1515244
0.1515244
0.1424967
0.1424967
0.1500602
0.1500602
0.1500602
0.1588436
0.1412753
0.124684
0.122
0.122
0.1107753
0.1107753
0.1180961
0.1180961
0.1180961
0.1093127
0.082228
0.082228
0.08930452
0.09418402
0.08881595
0.08881595
0.1044316
0.1044316
0.1122394
0.1122394
0.1195602
0.1832443
0.1659202
0.1051645
0.02098372
0.02098372
-0.04538434
-0.03781925
-0.01634851
-0.01634851
-0.02806024
-0.01366447
-0.05026384
-0.07978825
-0.07978825
