0.05441204
0.06246415
0.06709937
0.06026869
0.06295273
0.06295273
0.06563676
0.06563676
0.04367589
0.03855211
0.04367589
0.05075242
0.05319216
0.05319216
0.0566075
0.0690521
0.0690521
0.0773485
0.08588763
0.1002834
0.10614
0.1198045
0.1363958
0.1498159
0.1585993
0.1395684
0.1180961
0.1180961
0.1224886
0.1224886
0.1171205
0.08003253
0.09711234
0.08051955
0.08051955
0.08051955
-0.003903912
-0.01878826
-0.04123614
-0.04123614
-0.04294459
-0.04294459
-0.06734365
-0.06734365
-0.0558762
-0.06221987
-0.0566075
-0.0566075
-0.04879968
-0.04879968
-0.06563676
-0.05538763
-0.02732738
-0.0180554
-0.0180554
