0.02391205
0.03806353
0.03586807
0.03586807
0.03196416
0.03196416
0.03586807
0.03586807
0.03928341
0.03049999
0.01927527
0.01512863
0.02318074
0.02318074
0.02000813
0.02098372
0.02098372
0.02562049
0.02000813
-0.01659124
-0.01659124
-0.04782409
-0.04782409
-0.06709937
-0.06295273
-0.04709123
-0.04709123
-0.04709123
-0.03269546
-0.02903583
-0.03269546
-0.02293646
-0.02391205
-0.01439577
-0.01439577
0.01707981
0.03171987
0.04611564
0.04611564
0.07832409
0.07832409
0.08881595
0.08881595
0.09271986
0.08906023
0.08906023
0.08906023
0.09247557
0.09247557
0.08515632
0.05123943
0.01049186
0.01049186
0.01049186
-0.07856838
-0.05807167
-0.05807167
-0.0600244
-0.1029674
-0.1695798
-0.1695798
-0.1695798
-0.1973957
-0.1908078
-0.1908078
-0.1666515
-0.1898322
-0.1898322
-0.1634804
-0.1166319
-0.1166319
-0.1166319
