0.5133761
0.4894641
0.4894641
0.4779966
0.4523761
0.4523761
0.4640879
0.4684803
0.4684803
0.4826318
0.4826318
0.4826318
0.5509527
0.5870634
0.5870634
0.599508
0.6104885
0.6104885
0.6404999
0.6404999
0.648552
0.5607116
0.523868
0.4753126
0.4753126
0.3457475
0.2913355
0.2913355
0.1703126
0.1703126
0.1703126
-0.04245602
-0.04245602
-0.1305407
-0.1893436
-0.1893436
-0.1939804
-0.2383876
-0.2383876
-0.2779153
-0.3276921
-0.331596
-0.3433078
-0.3433078
-0.3882035
-0.3882035
-0.3764918
-0.3394039
-0.3394039
-0.2671807
-0.2449756
-0.2122801
-0.1971515
