0.7029641
0.7022327
0.7022327
0.6961318
0.688324
0.688324
0.6902767
0.688324
0.6849086
0.6902767
0.7034526
0.721508
0.7444445
0.7444445
0.7515194
0.7305357
0.7305357
0.7305357
0.6892996
0.6583126
0.5702279
0.4679918
0.4282198
0.4282198
0.3596563
0.3396482
0.3150032
0.2971921
0.2971921
0.2566873
0.2427801
0.2291156
0.2086205
0.1908078
0.1415195
0.1415195
0.08930452
0.08930452
0.04440875
0.04440875
0.004636771
-0.03879639
-0.03879639
-0.06319545
-0.06319545
-0.08515632
-0.09906352
-0.1049202
-0.1161433
-0.1254153
-0.1351759
-0.131272
-0.131272
-0.124684
-0.124684
-0.1200472
-0.1102882
-0.09223129
