-0.71614
-0.71614
-0.7049168
-0.7049168
-0.70028
-0.70028
-0.70028
-0.7088207
-0.7078435
-0.7066237
-0.7097963
-0.7061366
-0.7061366
-0.7107719
-0.7178484
-0.7132116
-0.7256562
-0.7144315
-0.7207767
-0.7407833
-0.7529836
-0.7529836
-0.7529836
-0.7510324
-0.7703077
-0.7703077
-0.7476155
-0.7534721
-0.7554234
-0.779824
-0.8174005
-0.8174005
-0.8330162
-0.8430194
-0.8442393
-0.8442393
-0.9040194
-0.8910878
-0.904508
-0.9445242
-0.9445242
-0.9259803
-0.9603842
-0.9730715
-1.014796
-1.013821
-1.013821
-1.027484
-1.033829
-1.013576
-0.9911284
-0.9911284
-0.97478
-0.9750242
