-0.8159363
-0.8132523
-0.8105683
-0.8086155
-0.7954396
-0.7915357
-0.7915357
-0.8020276
-0.8020276
-0.7947083
-0.7947083
-0.8422881
-0.8422881
-0.8408239
-0.827648
-0.827648
-0.8452165
-0.8452165
-0.834236
-0.8427767
-0.8498517
-0.8498517
-0.8252083
-0.8252083
-0.8247197
-0.8227686
-0.8227686
-0.8244755
-0.8244755
-0.8244755
-0.801052
-0.8203273
-0.9179282
-0.9179282
-0.9179282
-0.9464754
-0.9464754
-0.9464754
-0.9093875
-0.9093875
-0.8601008
-0.8737637
-0.9564803
-0.9564803
-0.9520878
-0.8764477
-0.9706318
-0.9706318
-1.041879
-1.006256
-1.006256
