-0.6548957
-0.6395243
-0.6395243
-0.636596
-0.636596
-0.6185406
-0.6158565
-0.6207361
-0.6334234
-0.63928
-0.6456237
-0.6585553
-0.6746595
-0.6814917
-0.6709999
-0.6709999
-0.6668517
-0.6497719
-0.6497719
-0.6544086
-0.6773435
-0.6649005
-0.6639234
-0.6639234
-0.691008
-0.7532279
-0.7644526
-0.7507882
-0.7385879
-0.7385879
-0.7485927
-0.7154086
-0.7212637
-0.7683565
-0.7683565
-0.8127637
-0.8327718
-0.8444836
-0.8425324
-0.8461921
-0.8766921
-0.8766921
-0.9215878
-0.9215878
-0.9206122
-0.9372035
-0.9267116
-0.9267116
-0.9767327
-0.9767327
-1.000156
-0.9969836
-0.9860047
-0.9786839
-0.9718516
-0.97478
-0.9667279
-0.9569673
-0.9547718
-0.9598956
-0.9838077
-0.9913728
-1.016747
-1.016747
-1.02358
-1.02358
