-0.1634804
-0.1778762
-0.2044723
-0.2044723
-0.2422915
-0.2422915
-0.1947117
-0.2113045
-0.2113045
-0.2122801
-0.2122801
-0.2071563
-0.2071563
-0.2156954
-0.2137443
-0.1964201
-0.1964201
-0.2583957
-0.2583957
-0.2181367
-0.2181367
-0.2583957
-0.2583957
-0.3630716
-0.3423322
-0.3664885
-0.3664885
-0.5507084
-0.5768158
-0.6395243
-0.6395243
-0.7259005
-0.7219966
-0.6361074
-0.6361074
-0.8325276
-0.8325276
-0.7795797
-0.7034526
-0.8908435
-0.8881595
-0.8752279
-0.8515601
-1.001376
-1.001376
-0.8857197
-0.8857197
