-0.6973517
-0.6568484
-0.6568484
-0.6761237
-0.6805162
-0.6802719
-0.6802719
-0.6524559
-0.6524559
-0.7129673
-0.7129673
-0.7129673
-0.7488354
-0.7720162
-0.7720162
-0.7556676
-0.6985716
-0.6985716
-0.6966204
-0.7298044
-0.7298044
-0.7551806
-0.7110162
-0.7110162
-0.6966204
-0.6966204
-0.9289086
-0.9159755
-0.8469234
-0.8469234
-0.8813273
-0.9872246
-1.033584
-1.0553
-1.0553
-1.03334
-1.003816
-1.025044
-1.025044
-1.028216
-0.9911284
-0.9911284
-0.9755128
-0.9896643
-0.9923484
-0.9764884
-0.9574559
-0.9645324
-0.9950324
-1.006988
-1.006988
