-0.8022718
-0.8283794
-0.8283794
-0.8073956
-0.8073956
-0.7973924
-0.7973924
-0.7973924
-0.8003207
-0.8003207
-0.813008
-0.813008
-0.8215487
-0.8215487
-0.8061758
-0.8061758
-0.8515601
-0.8601008
-0.8601008
-0.8847442
-0.8847442
-0.8930405
-0.8869396
-0.9013354
-0.8915763
-0.8784005
-0.8784005
-0.8574167
-0.8574167
-0.8574167
-0.8862083
-0.8703484
-0.9567246
-1.011868
-1.011868
-0.8576595
-0.8576595
-0.8576595
-0.8913321
-0.9440357
-0.9440357
-0.8720552
-0.8720552
-0.9601399
-0.9601399
-0.9601399
-0.9379363
-0.9379363
-0.9391562
-0.9445242
-0.9445242
-0.9723402
-0.9723402
-0.9808794
