0.009760559
0.007807824
0.007807824
0.02342347
0.02342347
0.02342347
0.04172472
0.02684037
0.02684037
0.04709123
0.04709123
0.05026384
0.05026384
0.05026384
0.1490846
0.1869039
0.1995928
0.1995928
0.1520114
0.1520114
0.2283843
0.3269593
0.3437963
0.3437963
0.3213485
0.3213485
0.352824
0.352824
0.3415993
0.2835276
0.2708403
0.2708403
0.2708403
0.3572165
0.3572165
0.3572165
0.3784445
0.3784445
0.3784445
0.3581921
0.3581921
0.3835683
0.3540439
0.3540439
0.3135406
0.3023159
0.3023159
0.3181759
0.3181759
0.3303761
0.3372084
0.3372084
