-0.1561596
-0.1190717
-0.1190717
-0.1739723
-0.1554283
-0.122
-0.122
-0.1629918
-0.1629918
-0.1393241
-0.1393241
-0.1393241
-0.1634804
-0.1834885
-0.1834885
-0.2020325
-0.2022752
-0.2022752
-0.1859283
-0.1439593
-0.1439593
0.07124756
0.03977198
0.03977198
0.09223129
0.09223129
0.1861726
0.1634804
0.1500602
0.1500602
0.161772
0.2086205
0.1991042
0.1564039
0.1564039
0.1449364
0.1583566
0.1429837
0.1429837
0.1161433
0.1178518
0.1178518
0.1105325
0.1102882
0.09271986
0.09906352
0.112728
0.1085798
0.1132166
0.1210244
0.1210244
