0.05685179
0.07051627
0.04977527
-0.0009755891
-0.04074757
-0.04074757
-0.02659608
-0.04318732
-0.04318732
-0.05563192
-0.05563192
-0.05563192
-0.01220031
-0.01390876
-0.01390876
-0.07149185
-0.08418074
-0.08418074
-0.06758794
-0.06758794
-0.05197229
0.1056515
0.176412
0.2459527
0.2459527
0.3684397
0.3203713
0.3203713
0.2327752
0.2327752
0.2327752
0.2566873
0.2566873
0.2274087
0.2898713
0.2898713
0.4106514
0.4106514
0.4106514
0.3847882
0.4130927
0.4062605
0.3964999
0.3964999
0.3852768
0.3852768
0.3599006
0.3306204
0.3306204
0.3791758
0.3579478
0.3791758
0.4021123
