0.1869039
0.1869039
0.1876367
0.1876367
0.1871482
0.1930033
0.1930033
0.1986156
0.2044723
0.2003241
0.2054479
0.2017882
0.2017882
0.1947117
0.188368
0.176412
0.1632361
0.1622605
0.1756807
0.1905635
0.2020325
0.2020325
0.2020325
0.2464397
0.2505879
0.2505879
0.3279364
0.3452605
0.3562394
0.3511156
0.3325716
0.3325716
0.3406237
0.3591677
0.3584364
0.3584364
0.3306204
0.3450162
0.3218355
0.2840162
0.2840162
0.2969478
0.2625439
0.2186238
0.1876367
0.1920277
0.1920277
0.1761677
0.1612834
0.1568925
0.1698241
0.1698241
0.183
0.1900765
