0.04782409
0.04050328
0.02952441
0.04879968
0.04879968
0.04148043
0.02366776
0.02757167
0.02757167
0.03611235
0.03611235
0.03586807
0.02098372
0.01366447
0.01464006
0.01195602
0.0004885725
0.0004885725
-0.01146745
-0.003659626
-0.003659626
-0.001952734
0.06270844
0.1649446
0.1690928
0.1690928
0.1690928
0.1464006
0.1456677
0.1129723
0.1129723
0.08832738
0.08832738
0.07685993
0.07685993
0.0600244
0.05197229
0.06807651
0.05929154
0.05929154
0.02025242
0.04538434
0.07368731
0.07368731
0.03659937
0.03659937
0.03025571
0.04367589
0.04831266
0.03196416
0.01098043
0.01098043
0.01293161
0.01293161
0.007319252
0.008783413
-0.001464162
-0.001464162
-0.0009755891
0.003903912
0.003903912
