0.06392831
0.05880453
0.05880453
0.06563676
0.06465962
0.06465962
0.06173129
0.04782409
0.05856024
0.06343974
0.05294788
0.04904397
0.03611235
0.01634851
0.0131759
0.03074428
0.03074428
0.03074428
0.05880453
0.02903583
0.07246744
0.1251726
0.1351759
0.1351759
0.1600635
0.1693355
0.1800717
0.1893436
0.1893436
0.1847084
0.1715325
0.1625033
0.1710439
0.1729967
0.1607964
0.1607964
0.1812915
0.1812915
0.1607964
0.1607964
0.1625033
0.1647003
0.1647003
0.1615277
0.1615277
0.1781205
0.1861726
0.1734837
0.1607964
0.1576238
0.1507915
0.1300521
0.1300521
0.1129723
0.1129723
0.1056515
0.1024804
0.08418074
