-0.1600635
-0.1561596
-0.1539641
-0.1585993
-0.1642117
-0.1642117
-0.1520114
-0.1539641
-0.1539641
-0.1466433
-0.1466433
-0.1598208
-0.1598208
-0.1734837
-0.1734837
-0.1485961
-0.1371286
-0.1156563
-0.1156563
-0.1295635
-0.1295635
-0.07149185
-0.07149185
-0.05026384
-0.04831266
-0.0009755891
-0.0009755891
0.05075242
0.05075242
0.08979154
0.08979154
0.1229756
0.1229756
0.1978843
0.1978843
0.2522964
0.2522964
0.2564445
0.2217964
0.2364364
0.2364364
0.2215521
0.2317996
0.2259446
0.2086205
0.2022752
0.2022752
0.2022752
0.1925162
0.1905635
0.1607964
0.1607964
