0.1051645
0.1051645
0.04489577
0.04489577
0.05001955
0.0312313
0.0312313
0.0312313
-0.003903912
-0.008052111
-0.008052111
-0.01537136
-0.02610751
-0.0222036
-0.02903583
-0.02293646
-0.002928323
-0.002928323
-0.002928323
-0.06099999
-0.01976385
-0.01976385
0.05978011
0.05978011
0.05978011
0.1659202
0.1607964
0.1607964
0.1207801
0.161772
0.161772
0.192272
0.2115488
0.2115488
0.2930439
0.2766954
0.2766954
0.2566873
0.2339967
0.1964201
0.2979234
0.2979234
0.2979234
0.1688485
0.1688485
0.1908078
0.1766563
0.1766563
0.1690928
0.1656759
0.1656759
0.1817801
0.1817801
