0.002439751
-0.03879639
-0.02415633
-0.02610751
-0.02586322
-0.02586322
0.01000329
0.01000329
0.00561236
0.004392485
-0.003903912
-0.003903912
0.001708448
-0.002928323
0.008052111
0.01024758
0.002928323
0.002928323
0.009760559
0.009760559
0.009760559
0.01464006
0.01024758
-0.001952734
-0.001952734
0.009516273
0.03342832
0.04538434
0.05197229
0.03855211
0.02732738
0.0222036
0.01268733
0.002684037
0.002684037
-0.002439751
0.01829969
0.0214723
0.0214723
0.03733223
0.01342018
0.01610422
-0.03220844
-0.08686477
-0.0863762
-0.0863762
-0.03904068
-0.03904068
0.002928323
0.002928323
0.03757652
0.03757652
-0.03074428
-0.03074428
-0.01024758
-0.006343663
-0.01024758
-0.04318732
-0.02098372
-0.02098372
-0.08149669
-0.04416447
-0.237412
-0.1930033
-0.1585993
-0.1610407
-0.1610407
-0.1585993
-0.1300521
-0.1300521
-0.1385928
-0.08466775
-0.02318074
0.04123614
0.04123614
0.03098857
0.03098857
0.1102882
0.1593322
0.1593322
0.2620554
0.3003647
0.2813322
0.3054885
0.3054885
0.22814
0.22814
0.2454641
0.1537199
