-0.1632361
-0.1639674
-0.1627475
-0.1610407
-0.1573795
-0.1573795
-0.1656759
-0.1656759
-0.1688485
-0.1703126
-0.1642117
-0.1642117
-0.1688485
-0.1688485
-0.1585993
-0.1585993
-0.1468876
-0.1468876
-0.1488404
-0.1505472
-0.1505472
-0.1564039
-0.1661644
-0.1712882
-0.1690928
-0.1647003
-0.1647003
-0.1568925
-0.1568925
-0.1510358
-0.1510358
-0.1398126
-0.1371286
-0.1307834
-0.1168762
-0.1168762
-0.1119967
-0.09833222
-0.0946726
-0.0946726
-0.0780798
-0.0780798
-0.06295273
-0.06270844
-0.06636807
-0.06636807
-0.06636807
-0.06099999
-0.05612049
-0.05612049
-0.05831595
-0.05978011
