-0.02440062
-0.01439577
-0.01439577
-0.005368074
-0.005368074
-0.02586322
-0.02586322
-0.02586322
-0.02586322
-0.01829969
-0.01829969
-0.01098043
-0.01098043
-0.008783413
-0.008783413
-0.01488435
-0.01488435
-0.01976385
-0.02244788
-0.02244788
-0.02244788
-0.02318074
-0.02318074
-0.02318074
-0.02318074
-0.01342018
-0.01342018
0.003172609
0.003172609
0.008783413
0.01000329
0.009760559
0.009760559
0.009516273
0.009516273
0.002439751
0.002439751
-0.0002442863
0.0007313028
-0.0002442863
-0.0002442863
0.01049186
0.01049186
0.003659626
0.003659626
-0.001708448
-0.00341534
0.001219875
0.001219875
-0.003172609
-0.00561236
-0.00561236
-0.00561236
-0.0007313028
-0.008052111
-0.01195602
-0.008783413
-0.006832235
