0.09759936
0.1151677
0.1022361
0.1022361
0.1073599
0.1122394
0.1122394
0.1210244
0.1210244
0.1444479
0.1444479
0.1407882
0.1517687
0.1642117
0.1642117
0.1642117
0.1754364
0.1727524
0.1520114
0.1124837
0.1493274
0.1493274
0.1642117
0.1398126
0.140544
0.1171205
0.08344787
0.06685664
0.0863762
0.04538434
0.04538434
0.05026384
0.04294459
0.0173241
0.0173241
0.04123614
0.04123614
0.008783413
-0.009760559
-0.01659124
-0.01659124
-0.002684037
-0.002195464
-0.004392485
0.002195464
0.02928012
0.02928012
0.01293161
-0.001219875
-0.001219875
-0.001708448
-0.01464006
-0.01464006
0.0124446
0.03904068
0.03171987
0.03171987
