0.01464006
0.01512863
0.01512863
0.007807824
0.007807824
0.01415149
0.01415149
0.01415149
0.01415149
0.01415149
0.01415149
0.01756838
0.01146745
0.01024758
0.01024758
0.01024758
0.002439751
0.002439751
-0.01390876
-0.02195931
-0.02806024
-0.02806024
-0.0214723
-0.0214723
-0.01878826
-0.01878826
-0.03074428
-0.02903583
-0.0263518
-0.01781267
-0.01464006
-0.01464006
-0.01488435
-0.01488435
0.001464162
-0.0009755891
-0.0090277
-0.01781267
-0.01781267
-0.02464335
-0.02464335
-0.01610422
-0.01610422
-0.03025571
-0.03025571
-0.02684037
-0.01610422
0.008296397
0.008296397
0.008296397
0.006587949
0.004636771
-0.01488435
-0.03147558
-0.03147558
-0.02122801
