-0.3242768
-0.3659999
-0.4191921
-0.3645358
-0.3496514
-0.3611204
-0.3708794
-0.3708794
-0.3555081
-0.3550195
-0.3689283
-0.3689283
-0.3572165
-0.3684397
-0.3428208
-0.3452605
-0.3930846
-0.3930846
-0.3667313
-0.3667313
-0.3647801
-0.3691725
-0.4082117
-0.4074804
-0.4074804
-0.3123208
-0.3772247
-0.3796644
-0.3386725
-0.2952394
-0.3960114
-0.3418436
-0.4182165
-0.4140683
-0.4140683
-0.3511156
-0.362096
-0.3540439
-0.3540439
-0.3913761
-0.4209006
-0.4191921
-0.4152882
-0.4001596
-0.4291954
-0.4291954
-0.3562394
-0.3562394
-0.3657556
-0.3657556
-0.3762475
-0.3762475
-0.206912
-0.206912
-0.3828355
-0.4984918
-0.47214
-0.4294397
-0.4906839
-0.4906839
-0.4599397
-0.5370439
-0.7949526
-0.8679086
-0.7005243
-0.5807198
-0.5807198
-0.5863321
-0.6146367
-0.6146367
-0.6078044
-0.7351725
-0.85278
-0.8452165
-0.8452165
-0.1673843
-0.1673843
-0.5529038
-0.6326921
-0.6326921
-0.05001955
-0.1371286
-0.1812915
-0.2874316
-0.2874316
-0.5399722
-0.5399722
-0.8493646
-0.7266318
