-0.8137393
-0.7981237
-0.8127637
-0.79178
-0.7522523
-0.7522523
-0.7749445
-0.7749445
-0.803736
-0.8261839
-0.8708354
-0.9254917
-0.970876
-0.970876
-0.970876
-1.076527
-1.035536
-0.9977164
-0.9977164
-0.9977164
-0.9269559
-0.9269559
-0.8137393
-0.8227686
-0.8747393
-0.8747393
-0.8649803
-0.8347246
-0.8383842
-0.8383842
-0.85278
-0.8500959
-0.8640047
-0.8640047
-0.8730324
-0.8730324
-0.8730324
-0.8571725
-0.8571725
-0.8564396
-0.8776676
-0.8762035
-0.8762035
-0.8654673
-0.8654673
-0.8815715
-0.9123158
-0.9123158
-0.8869396
-0.8869396
