-0.6897882
-0.7588403
-0.6702686
-0.7046725
-0.7712833
-0.7712833
-0.7671366
-0.7671366
-0.7295601
-0.8112996
-0.8762035
-0.9089005
-0.9089005
-1.165588
-1.165588
-1.141431
-1.141431
-1.141431
-0.9606284
-0.9606284
-0.7551806
-0.7551806
-0.6749038
-0.6622165
-0.8296008
-0.8296008
-0.9123158
-0.9145113
-0.8910878
-0.8910878
-0.8559526
-0.8559526
-0.8461921
-0.7522523
-0.7193125
-0.74664
-0.7542035
-0.7773842
-0.8383842
-0.8383842
-0.9357393
-0.9781953
-0.9506236
-0.9135357
-0.8857197
-0.8857197
-0.9159755
-0.9159755
-0.892552
