-0.6097556
-0.6624607
-0.7041839
-0.7344396
-0.7456644
-0.8071514
-0.8071514
-0.8188646
-0.8188646
-0.8942604
-1.010648
-0.9193923
-0.9193923
-0.9206122
-0.9308598
-0.9523321
-0.9669721
-0.9596514
-0.8881595
-0.8881595
-0.8498517
-0.8498517
-0.8710797
-0.7932442
-0.7932442
-0.8901122
-0.8901122
-0.9193923
-0.9372035
-0.923052
-0.9189038
-0.9023125
-0.9384233
-0.810324
-0.810324
-0.773236
-0.7483484
-0.8796204
-0.9550161
-0.8247197
-0.8247197
-0.8813273
-0.8642474
-0.9035324
-0.9035324
-0.9035324
-0.9035324
-0.8681514
-0.8681514
