-0.3291563
-0.3298876
-0.3164674
-0.2945081
-0.2488795
-0.2488795
-0.2898713
-0.2898713
-0.2815765
-0.3049999
-0.3718566
-0.3718566
-0.6173207
-0.6173207
-0.8110552
-0.8110552
-0.6878354
-0.5294803
-0.4819005
-0.4819005
-0.7197996
-0.7197996
-0.6429396
-0.6429396
-0.2693762
-0.2693762
-0.2442442
-0.2442442
-0.3350114
-0.374052
-0.374052
-0.2906042
-0.2906042
-0.827648
-0.827648
-0.4616481
-0.4616481
-0.4194364
-0.4194364
-0.6995487
-0.6995487
-0.7012556
-0.7012556
-0.7051595
-0.7363924
-0.82228
-0.9084119
