-0.7283403
-0.7097963
-0.7571318
-0.7571318
-0.8805959
-0.8805959
-0.95892
-0.9962522
-0.9769754
-0.9267116
-0.9264688
-0.9264688
-0.9264688
-0.9006041
-0.8962116
-0.8432637
-0.8525357
-0.8981643
-0.8474119
-0.919148
-0.9454998
-0.940376
-0.940376
-1.048467
-0.9498923
-0.8610764
-0.8610764
-0.7766514
-0.7766514
-0.8454607
-0.8454607
-0.7995878
-0.7744559
-0.8125194
-0.8125194
-0.8622963
-0.8461921
-0.8112996
-0.7620113
-0.7910487
-0.7910487
-0.7637197
-0.7637197
-0.8635162
-0.8635162
-0.8613207
-0.8149607
-0.8261839
-0.8261839
-0.8005634
-0.8005634
-0.8908435
-0.8964559
-0.8964559
