-0.6417198
-0.6819803
-0.6402556
-0.6756366
-0.6973517
-0.6973517
-0.6185406
-0.6185406
-0.7000358
-0.7844607
-0.7644526
-0.7595716
-0.7595716
-0.8112996
-0.8112996
-0.8003207
-0.8003207
-0.8003207
-0.7249234
-0.7249234
-0.3508713
-0.3508713
-0.2715716
-0.2344837
-0.1088241
-0.1088241
-0.1895879
-0.07783552
0.1073599
0.1073599
0.1773876
0.1773876
0.2288713
0.3059755
0.2976807
0.2825521
0.408456
0.3550195
0.3067084
0.3067084
0.4433484
0.3882035
0.3215927
0.3386725
0.3157361
0.3157361
0.3291563
0.3291563
0.3276921
