-0.8349673
-0.8349673
-0.8571725
-0.8571725
-0.8605878
-0.8605878
-0.8937718
-0.8937718
-0.8500959
-0.8500959
-0.8503402
-0.8630276
-0.8093484
-0.7856806
-0.7869005
-0.7869005
-0.7473713
-0.7707963
-0.7600601
-0.7600601
-0.6451367
-0.6117083
-0.6056074
-0.5948713
-0.5709608
-0.5575406
-0.4418843
-0.4418843
-0.4418843
-0.4047963
-0.3555081
-0.3555081
-0.3555081
-0.133956
-0.133956
-0.05319216
-0.05319216
-0.05319216
-0.04514005
-0.04514005
-0.02269217
-0.01073615
0.008783413
0.008783413
-0.0173241
-0.0173241
-0.02073944
-0.02073944
-0.02073944
-0.02244788
-0.04367589
-0.04367589
-0.06514819
-0.08369216
-0.08369216
-0.1066286
-0.103456
