-0.7937327
-0.7937327
-0.8283794
-0.8183761
-0.8183761
-0.7471285
-0.7471285
-0.7471285
-0.7593273
-0.7600601
-0.7888517
-0.7856806
-0.7966595
-0.8191074
-0.8191074
-0.83692
-0.8535113
-0.8535113
-0.843508
-0.843508
-0.843508
-0.7527393
-0.7527393
-0.7527393
-0.6788077
-0.6478207
-0.6068273
-0.5604674
-0.5138647
-0.4740927
-0.4740927
-0.4023566
-0.3630716
-0.3418436
-0.3215927
-0.3215927
-0.2591286
-0.2232605
-0.2232605
-0.1527443
-0.1356644
-0.06514819
-0.06514819
-0.03611235
-0.03611235
-0.04123614
-0.01537136
0.01000329
0.01976385
0.01976385
0.0353795
0.0353795
0.05221658
0.03171987
0.03171987
0.01659124
0.01951956
0.01951956
-0.01537136
-0.01829969
-0.01829969
