-0.7327327
-0.7278517
-0.7278517
-0.7686008
-0.7686008
-0.8818158
-0.8818158
-0.8630276
-0.8630276
-0.8166676
-0.8166676
-0.7888517
-0.721508
-0.6927165
-0.6927165
-0.6927165
-0.5731562
-0.5731562
-0.4967833
-0.4836074
-0.4484722
-0.4484722
-0.3650244
-0.3650244
-0.3154918
-0.3154918
-0.3010961
-0.2549804
-0.1971515
-0.1576238
-0.1122394
-0.1122394
-0.09906352
-0.09906352
-0.03928341
-0.01195602
0.0509967
0.07442018
0.07442018
0.09906352
0.09906352
0.06392831
0.06392831
0.05319216
0.05319216
0.1117524
0.1261482
0.08808465
0.08808465
0.08808465
0.04757981
0.03708794
0.04270031
0.0131759
0.0131759
0.05685179
