-0.6563599
-0.6714885
-0.691008
-0.691008
-0.6129282
-0.6129282
-0.7337083
-0.7337083
-0.7315113
-0.7315113
-0.7219966
-0.7219966
-0.7280959
-0.7756758
-0.7756758
-0.8515601
-0.8500959
-0.8425324
-0.8220357
-0.8220357
-0.8056887
-0.801052
-0.7922686
-0.7129673
-0.7044282
-0.7044282
-0.6595324
-0.6595324
-0.4294397
-0.4294397
-0.2964593
-0.2964593
-0.2976807
-0.2976807
-0.2520521
-0.2120358
-0.1998355
-0.1712882
-0.04855539
-0.04855539
-0.07515148
-0.07515148
-0.02659608
-0.02659608
0.06612378
0.06612378
0.05050813
0.05880453
0.05880453
0.02684037
0.02025242
0.04709123
0.04709123
0.03757652
-0.01488435
-0.02366776
-0.03830782
-0.03830782
-0.0773485
-0.1010163
-0.1010163
-0.09735663
-0.08662049
-0.1010163
