0.07832409
0.0739316
0.06563676
0.06563676
0.06783222
0.06636807
0.07368731
0.07368731
0.1146807
0.1146807
0.1342003
0.1068713
0.08344787
0.08344787
0.1456677
0.1456677
0.1166319
0.1166319
0.1305407
0.1039446
0.1039446
0.09564818
0.1215114
0.1388355
0.1329804
0.1134593
0.1134593
0.07759123
0.0566075
0.05123943
0.05123943
0.04148043
0.04148043
0.03293975
0.02562049
-0.005123788
-0.005123788
0.01512863
-0.05001955
-0.05001955
-0.05831595
-0.05075242
-0.0312313
-0.03220844
-0.03220844
-0.02976869
-0.07539576
-0.07539576
-0.02244788
-0.02244788
-0.02244788
