0.06514819
0.07954396
0.07954396
0.09637949
0.09857651
0.09296415
0.08930452
0.08588763
0.0697834
0.04172472
0.04172472
0.04660422
0.04660422
0.06148856
0.06148856
0.08173943
0.08442346
0.08271657
0.08271657
0.08100812
0.08100812
0.06343974
0.0829593
0.08954725
0.07661564
0.07661564
0.0697834
0.0697834
0.051728
0.03757652
0.04270031
0.06173129
0.06173129
0.04879968
0.04879968
0.04489577
0.0395277
0.04587136
0.04587136
0.03171987
0.01610422
-0.0124446
-0.003659626
0.004148198
0.004148198
-0.01073615
-0.01073615
-0.03074428
-0.04562863
-0.02440062
-0.03049999
-0.03049999
-0.00341534
-0.00341534
