0.005368074
0.006343663
0.005856646
-0.02171658
0.0124446
0.0124446
-0.001952734
-0.001952734
0.007807824
0.007807824
0.004636771
0.009760559
0.02269217
0.02122801
0.02122801
0.02122801
0.01171174
0.01171174
0.01171174
0.0124446
0.0124446
-0.01439577
-0.01512863
0.01220031
0.01220031
0.01512863
-0.01415149
-0.05441204
-0.06514819
-0.05270359
-0.08344787
-0.1063843
-0.1063843
-0.1027247
-0.1163876
-0.05880453
-0.05880453
-0.05001955
-0.0600244
-0.07612862
-0.07612862
-0.08784036
-0.08784036
-0.07515148
-0.09540389
-0.09540389
-0.06221987
-0.04733552
