0.08759607
0.0649039
0.0649039
0.07417589
0.09979638
0.1383485
0.1383485
0.1171205
0.1171205
0.1163876
0.1163876
0.08369216
0.1029674
0.1015033
0.1015033
0.09149998
0.09613676
0.09174427
0.09174427
0.09686806
0.09003583
0.09003583
0.08369216
0.08564334
0.09662377
0.1085798
0.1095554
0.1095554
0.1095554
0.1146807
0.1163876
0.1163876
0.1117524
0.1117524
0.09759936
0.09442831
0.09442831
0.09174427
0.07710421
0.07710421
0.06148856
0.08613191
0.09540389
0.08588763
0.08588763
0.1171205
0.1171205
0.1207801
0.1207801
0.1361515
0.1329804
0.13664
0.1637247
0.164456
0.1390798
0.1373713
0.1044316
0.082228
0.082228
0.04733552
0.04733552
0.1156563
0.1156563
0.1315162
0.1315162
0.1383485
0.1383485
0.1381042
0.1161433
0.1161433
0.1161433
0.08271657
0.08271657
0.06636807
0.05636477
0.01171174
0.01171174
0.006099377
0.01024758
0.01024758
-0.008540683
-0.008540683
-0.03391533
-0.03489248
-0.02513192
-0.02513192
-0.02513192
-0.02342347
-0.02342347
-0.01659124
-0.01659124
-0.03025571
-0.03098857
-0.03098857
-0.03806353
-0.04172472
-0.04172472
-0.05050813
-0.05050813
-0.05050813
-0.051728
