-0.7117475
-0.7124803
-0.7156514
-0.7129673
-0.7119917
-0.7119917
-0.7119917
-0.7119917
-0.7024755
-0.7024755
-0.7063794
-0.7063794
-0.7039396
-0.7115048
-0.7251676
-0.7446887
-0.7624999
-0.7624999
-0.7856806
-0.83814
-0.8632718
-0.8632718
-0.8784005
-0.8784005
-0.8703484
-0.8539999
-0.8371643
-0.7632327
-0.7212637
-0.6653875
-0.6173207
-0.566324
-0.4672605
-0.4672605
-0.4150439
-0.368684
-0.2991433
-0.2991433
-0.2296042
-0.2296042
-0.173728
-0.1512801
-0.1422524
-0.1422524
-0.08613191
-0.08613191
-0.08613191
0.01342018
0.04562863
0.07564005
0.09833222
0.09101141
0.08881595
0.08881595
0.1093127
0.1093127
0.1205358
0.1173648
0.1173648
0.1056515
0.09979638
0.09686806
0.08954725
0.07954396
0.07271173
0.0690521
0.06124428
0.05416775
0.05416775
0.05075242
