-0.7495683
-0.8264282
-0.8264282
-0.8286237
-0.8156921
-0.8203273
-0.8203273
-0.8305764
-0.8305764
-0.8291122
-0.8200845
-0.8200845
-0.7803125
-0.7803125
-0.7803125
-0.7471285
-0.740052
-0.740052
-0.7224836
-0.7036954
-0.7036954
-0.6614836
-0.664412
-0.6707556
-0.697596
-0.697596
-0.7546921
-0.7546921
-0.7546921
-0.7617686
-0.7507882
-0.7129673
-0.68442
-0.6622165
-0.6412327
-0.6412327
-0.6039006
-0.6039006
-0.6039006
-0.5797442
-0.5797442
-0.5250879
-0.5250879
-0.4845846
-0.4845846
-0.4594527
-0.4379804
-0.4118713
-0.3752719
-0.2962165
-0.2962165
-0.1847084
-0.1847084
-0.1847084
-0.1466433
-0.08051955
-0.03781925
0.00561236
0.00561236
0.07002769
0.07002769
0.07685993
0.07417589
0.07661564
0.07661564
0.07246744
0.1022361
