-0.7500553
-0.7527393
-0.7664038
-0.7664038
-0.7664038
-0.773236
-0.7703077
-0.7703077
-0.8017833
-0.8017833
-0.8017833
-0.937692
-0.9752685
-0.9730715
-0.9633125
-0.9633125
-0.9633125
-0.8039803
-0.8039803
-0.8039803
-0.6680716
-0.5746204
-0.4836074
-0.4836074
-0.4836074
-0.244
-0.244
-0.05807167
-0.009760559
-0.009760559
0.03879639
0.03879639
0.03879639
0.1249283
0.1234641
0.1268795
0.1483518
0.176412
0.176412
0.1890993
0.176412
0.1703126
0.1568925
0.1568925
0.1532313
0.1532313
0.1478648
0.1464006
0.1410325
