-0.8095927
-0.858148
-0.8327718
-0.8154477
-0.8920634
-0.8752279
-0.8844998
-0.8844998
-0.8786448
-0.8466806
-0.8530242
-0.8432637
-0.8862083
-0.8766921
-0.8608321
-0.8576595
-0.8876725
-0.8876725
-1.02236
-1.02236
-1.123865
-1.198772
-1.198772
-1.338584
-1.497672
-1.433744
-1.433744
-0.9742914
-0.8818158
-0.8098354
-0.8098354
-0.6385487
-0.6385487
-0.5194755
-0.4243159
-0.3701482
-0.3701482
0.1537199
0.2557117
0.4245602
0.4245602
0.5597361
0.5597361
0.5629086
0.4875113
0.3830797
0.3830797
0.1415195
0.1415195
0.03806353
0.03806353
0.05148372
0.07173613
0.2244804
0.2244804
0.2247247
0.2247247
0.2064234
