-0.5997523
-0.5997523
-0.6058517
-0.6058517
-0.6058517
-0.6334234
-0.6334234
-0.5985324
-0.5985324
-0.603412
-0.5938957
-0.5919445
-0.5716921
-0.5197198
-0.5197198
-0.4772638
-0.4401758
-0.4191921
-0.3733208
-0.3108566
-0.2796237
-0.2796237
-0.2527834
-0.1995928
-0.1995928
-0.1439593
-0.1439593
-0.07002769
-0.07002769
-0.05368074
-0.03513677
-0.03513677
0.06880782
0.06880782
0.06880782
0.09003583
0.09320843
0.09320843
0.1117524
0.1202915
0.1202915
0.1337117
0.1317605
0.1271238
0.1210244
0.1076042
0.1076042
