-0.5531481
-0.5470487
-0.6068273
-0.6068273
-0.6497719
-0.664412
-0.6695358
-0.6556285
-0.6456237
-0.6251285
-0.5397279
-0.5397279
-0.4714087
-0.4714087
-0.3964999
-0.3964999
-0.3513599
-0.3240325
-0.3240325
-0.183
-0.183
-0.1556726
-0.1193159
-0.04489577
-0.04196744
-0.04196744
-0.02708466
0.001708448
0.001708448
0.05148372
0.05148372
0.08515632
0.08515632
0.1139479
0.1139479
0.1224886
0.1278566
0.1268795
0.1093127
0.1093127
0.1244397
0.1244397
0.1188274
0.1105325
0.1068713
0.09320843
0.08442346
0.08442346
0.07929967
0.08125241
0.07978825
0.07978825
0.1032117
