-0.6217116
-0.6080487
-0.6078044
-0.6056074
-0.6097556
-0.6051204
-0.6117083
-0.6258599
-0.6395243
-0.6395243
-0.6895438
-0.7075993
-0.7075993
-0.7310243
-0.7385879
-0.7405406
-0.6905195
-0.6905195
-0.6888126
-0.6888126
-0.6917393
-0.6917393
-0.6917393
-0.6461123
-0.6461123
-0.6461123
-0.5992637
-0.5633957
-0.5633957
-0.4953207
-0.4843403
-0.4843403
-0.4589641
-0.4321237
-0.4321237
-0.2713273
-0.2713273
-0.2379006
-0.1934918
-0.1934918
-0.1149235
-0.1149235
-0.1149235
-0.05856024
-0.05856024
-0.03098857
0.009516273
0.009516273
0.1334674
0.1334674
0.1334674
0.1454235
0.1359087
0.1359087
0.1251726
0.1102882
0.1102882
0.1102882
0.1280994
0.164456
0.1778762
0.2103274
0.2215521
0.2215521
0.2293599
0.2315554
0.2274087
0.2293599
0.2274087
0.2274087
0.2232605
