-0.6553842
-0.6609966
-0.6834445
-0.6832002
-0.7058924
-0.7058924
-0.7058924
-0.7058924
-0.7000358
-0.7000358
-0.6512361
-0.6512361
-0.6039006
-0.6039006
-0.5726677
-0.5158159
-0.5158159
-0.4567686
-0.4233403
-0.374052
-0.3479445
-0.3128078
-0.2781596
-0.2381433
-0.2381433
-0.1734837
-0.1527443
-0.1161433
-0.06221987
-0.06221987
-0.05709608
-0.05709608
-0.05709608
0.0600244
0.06392831
0.06270844
0.06270844
0.082228
0.08857166
0.08613191
0.08613191
0.06685664
0.06685664
0.051728
0.051728
0.04855539
