0.03098857
0.03049999
0.03928341
0.03928341
0.03855211
0.03708794
0.04392018
0.04392018
0.04904397
0.04904397
0.04904397
0.05734036
0.04392018
0.03855211
0.03855211
0.0214723
0.0214723
0.03220844
0.03220844
0.0566075
0.0566075
0.0600244
0.06831924
0.08808465
0.08808465
0.1349316
0.1349316
0.1080912
0.1080912
0.1080912
0.08540061
0.09174427
0.09174427
0.1056515
0.1056515
0.1300521
0.1300521
0.1464006
0.1464006
0.127368
0.1229756
0.1232199
0.1376156
0.1293192
0.1349316
0.1139479
0.1139479
0.1132166
0.1207801
0.09979638
0.07954396
0.07954396
0.07954396
0.1122394
0.1085798
0.1085798
0.08881595
0.06295273
0.05758465
0.05734036
0.05734036
0.07661564
0.0773485
0.07661564
0.07661564
0.08857166
0.08857166
0.08735178
0.08735178
0.08418074
0.07710421
