0.08125241
0.04831266
0.00561236
-0.01390876
-0.02513192
-0.01878826
0.01659124
0.02732738
0.007807824
0.007807824
0.007807824
0.03928341
0.03928341
0.07271173
0.06441533
0.05856024
0.05856024
0.05636477
0.05075242
0.05075242
0.0558762
0.0558762
0.04806838
0.06807651
0.07685993
0.07685993
0.1063843
0.1019918
0.1058958
0.1149235
0.1149235
0.1171205
0.1080912
0.09955209
0.09955209
0.1188274
0.124684
0.1371286
0.1371286
0.143228
0.143228
0.1620162
0.1620162
0.1810472
0.1810472
0.2110602
0.1822687
0.1634804
0.1854397
0.2012997
0.2012997
0.1739723
0.1720195
0.1751921
0.1732394
0.1683599
0.1683599
0.1793403
0.1766563
0.1688485
0.1776319
0.1564039
0.1493274
