0.02244788
0.03708794
0.03513677
0.0336726
0.02488763
0.02195931
0.0214723
0.01293161
0.01634851
0.01634851
0.04416447
0.0780798
0.0780798
0.09540389
0.0946726
0.05392347
0.02464335
0.02464335
0.04196744
0.04196744
0.08369216
0.08369216
0.08369216
0.03318403
0.03318403
0.03318403
0.02732738
0.008783413
0.008783413
0.02073944
0.01854397
0.01854397
0.08954725
0.08564334
0.08564334
0.02366776
0.02366776
0.04123614
0.05734036
0.05734036
0.1078485
0.1078485
0.1078485
0.1088241
0.1088241
0.1139479
0.1039446
0.1039446
0.04928825
0.04928825
0.04928825
0.03098857
0.01195602
0.01195602
0.05538763
0.07198042
0.07198042
0.07198042
0.05221658
0.03245273
0.02195931
0.02586322
0.03196416
0.03196416
0.03757652
0.01268733
0.01122472
0.008296397
0.005856646
0.005856646
0.03781925
