0.05636477
0.05636477
0.04879968
0.04879968
0.06368402
0.06368402
0.06368402
0.06368402
0.07076055
0.07149185
0.07588433
0.06954067
0.06929639
0.08076384
0.1288322
0.1307834
0.1507915
0.1283436
0.1283436
0.1471319
0.1471319
0.1146807
0.1146807
0.1168762
0.1168762
0.09345272
0.09345272
0.1227313
0.1278566
0.131272
0.131272
0.1390798
0.1390798
0.1395684
0.1483518
0.1759235
0.1739723
0.1739723
0.1776319
0.1525
0.1410325
0.1607964
0.1790961
0.1647003
0.1647003
0.1725081
0.1700684
0.1700684
0.1654316
0.1654316
0.1881238
0.1881238
