0.02293646
-0.003172609
-0.003172609
0.004636771
-0.006587949
0.003659626
0.003659626
-0.01024758
-0.01024758
0.0007313028
0.007319252
0.007319252
0.04050328
0.04050328
0.04050328
0.04928825
0.04733552
0.04733552
0.04635993
0.04416447
0.04416447
0.0690521
0.06173129
0.03879639
0.04221173
0.04221173
0.06856353
0.06856353
0.06856353
0.1049202
0.09662377
0.1093127
0.1200472
0.1244397
0.1139479
0.1139479
0.112728
0.112728
0.112728
0.1449364
0.1449364
0.1010163
0.1010163
0.1041873
0.1041873
0.09442831
0.09418402
0.07783552
0.07076055
0.08613191
0.08613191
0.1888566
0.1888566
0.1888566
0.2091075
0.2171596
0.2181367
0.2244804
0.2244804
0.2208208
0.2208208
0.2230162
0.2308241
0.2498566
0.2498566
0.2754755
0.2749885
